timestamp,strikePrice,Theo ES,Rank,Greek,Value,cum_gam,cum_vec
2025-05-21 06:45:39,200.0,200.5,Call CEX 2,CEX,0.0,,8400.0
2025-05-21 06:45:39,200.0,200.5,Call VEX 2,VEX,0.0,,8400.0
2025-05-21 06:45:39,400.0,401.25,Call CEX 3,CEX,0.0,,8400.0
2025-05-21 06:45:39,400.0,401.25,Call VEX 3,VEX,0.0,,8400.0
2025-05-21 06:45:39,600.0,601.75,Call CEX 4,CEX,0.0,,8400.0
2025-05-21 06:45:39,600.0,601.75,Call VEX 4,VEX,0.0,,8400.0
2025-05-21 06:45:39,800.0,802.5,Call CEX 5,CEX,0.0,,8400.0
2025-05-21 06:45:39,800.0,802.5,Call VEX 5,VEX,0.0,,8400.0
2025-05-21 06:45:39,4000.0,4012.0,Call DEX 1,DEX,1200.714,,8400.0
2025-05-21 06:45:39,4800.0,4814.25,Put DEX 2,DEX,-283.01,,8400.0
2025-05-21 06:45:39,4800.0,4814.25,Put GEX 2,GEX,-78162.81,,8400.0
2025-05-21 06:45:39,4850.0,4864.5,Put DEX 3,DEX,-230.005,,8400.0
2025-05-21 06:45:39,4850.0,4864.5,Put GEX 3,GEX,-66482.128,,8400.0
2025-05-21 06:45:39,5000.0,5015.0,Put DEX 1,DEX,-739.825,,8400.0
2025-05-21 06:45:39,5000.0,5015.0,Put GEX 1,GEX,-252578.201,,8400.0
2025-05-21 06:45:39,5200.0,5215.5,Put DEX 4,DEX,-129.566,,8400.0
2025-05-21 06:45:39,5200.0,5215.5,Put GEX 4,GEX,-57085.207,,8400.0
2025-05-21 06:45:39,5300.0,5315.75,Put DEX 5,DEX,-98.525,,8400.0
2025-05-21 06:45:39,5300.0,5315.75,Put GEX 5,GEX,-50618.279,,8400.0
2025-05-21 06:45:39,5650.0,5667.0,Call DEX 4,DEX,120.68,,8400.0
2025-05-21 06:45:39,5700.0,5717.0,Call DEX 3,DEX,130.073,,8400.0
2025-05-21 06:45:39,5900.0,5917.75,Call GEX 4,GEX,126213.394,,8400.0
2025-05-21 06:45:39,5905.0,5922.75,Call DEX 2,DEX,142.533,,8400.0
2025-05-21 06:45:39,5905.0,5922.75,Call GEX 3,GEX,155867.269,,8400.0
2025-05-21 06:45:39,6000.0,6018.0,Call GEX 1,GEX,448881.457,,8400.0
2025-05-21 06:45:39,6100.0,6118.25,Call DEX 5,DEX,119.527,,8400.0
2025-05-21 06:45:39,6100.0,6118.25,Call GEX 2,GEX,243977.824,,8400.0
2025-05-21 06:45:39,6200.0,6218.5,Call GEX 5,GEX,121838.534,,8400.0
2025-05-21 06:45:39,9600.0,9628.75,Put CEX 5,CEX,0.0,,8400.0
2025-05-21 06:45:39,9600.0,9628.75,Put VEX 5,VEX,0.0,,8400.0
2025-05-21 06:45:39,10000.0,10030.0,Put CEX 4,CEX,0.0,,8400.0
2025-05-21 06:45:39,10000.0,10030.0,Put VEX 4,VEX,0.0,,8400.0
2025-05-21 06:45:39,10100.0,10130.25,Put CEX 3,CEX,0.0,,8400.0
2025-05-21 06:45:39,10100.0,10130.25,Put VEX 3,VEX,0.0,,8400.0
2025-05-21 06:45:39,10200.0,10230.5,Put CEX 2,CEX,0.0,,8400.0
2025-05-21 06:45:39,10200.0,10230.5,Put VEX 2,VEX,0.0,,8400.0
2025-05-21 06:45:39,10400.0,10431.0,Put CEX 1,CEX,0.0,,8400.0
2025-05-21 06:45:39,10400.0,10431.0,Put VEX 1,VEX,0.0,,8400.0
2025-05-21 06:45:39,12000.0,12035.75,Call CEX 1,CEX,0.0,,8400.0
2025-05-21 06:45:39,12000.0,12035.75,Call VEX 1,VEX,0.0,,8400.0
2025-05-21 06:46:57,200.0,200.5,Call CEX 2,CEX,0.0,,7700.0
2025-05-21 06:46:57,200.0,200.5,Call VEX 2,VEX,0.0,,7700.0
2025-05-21 06:46:57,400.0,401.25,Call CEX 3,CEX,0.0,,7700.0
2025-05-21 06:46:57,400.0,401.25,Call VEX 3,VEX,0.0,,7700.0
2025-05-21 06:46:57,600.0,601.75,Call CEX 4,CEX,0.0,,7700.0
2025-05-21 06:46:57,600.0,601.75,Call VEX 4,VEX,0.0,,7700.0
2025-05-21 06:46:57,800.0,802.25,Call CEX 5,CEX,0.0,,7700.0
2025-05-21 06:46:57,800.0,802.25,Call VEX 5,VEX,0.0,,7700.0
2025-05-21 06:46:57,4000.0,4011.5,Call DEX 1,DEX,887.119,,7700.0
2025-05-21 06:46:57,4750.0,4763.75,Put DEX 5,DEX,-47.346,,7700.0
2025-05-21 06:46:57,4800.0,4813.75,Put DEX 1,DEX,-261.395,,7700.0
2025-05-21 06:46:57,4800.0,4813.75,Put GEX 1,GEX,-76964.616,,7700.0
2025-05-21 06:46:57,4850.0,4864.0,Put DEX 2,DEX,-223.703,,7700.0
2025-05-21 06:46:57,4850.0,4864.0,Put GEX 2,GEX,-67009.548,,7700.0
2025-05-21 06:46:57,5000.0,5014.25,Call DEX 2,DEX,754.493,,7700.0
2025-05-21 06:46:57,5200.0,5215.0,Put DEX 4,DEX,-56.031,,7700.0
2025-05-21 06:46:57,5200.0,5215.0,Put GEX 4,GEX,-42466.991,,7700.0
2025-05-21 06:46:57,5300.0,5315.25,Put GEX 5,GEX,-27697.219,,7700.0
2025-05-21 06:46:57,5310.0,5325.25,Put DEX 3,DEX,-86.11,,7700.0
2025-05-21 06:46:57,5310.0,5325.25,Put GEX 3,GEX,-47113.552,,7700.0
2025-05-21 06:46:57,5700.0,5716.25,Call DEX 5,DEX,110.396,,7700.0
2025-05-21 06:46:57,5905.0,5922.0,Call DEX 3,DEX,135.8,,7700.0
2025-05-21 06:46:57,5905.0,5922.0,Call GEX 3,GEX,131559.909,,7700.0
2025-05-21 06:46:57,6000.0,6017.25,Call GEX 1,GEX,218305.399,,7700.0
2025-05-21 06:46:57,6050.0,6067.25,Call GEX 5,GEX,88834.092,,7700.0
2025-05-21 06:46:57,6100.0,6117.5,Call DEX 4,DEX,114.3,,7700.0
2025-05-21 06:46:57,6100.0,6117.5,Call GEX 2,GEX,202303.056,,7700.0
2025-05-21 06:46:57,6200.0,6217.75,Call GEX 4,GEX,106733.293,,7700.0
2025-05-21 06:46:57,9600.0,9627.5,Put CEX 5,CEX,0.0,,7700.0
2025-05-21 06:46:57,9600.0,9627.5,Put VEX 5,VEX,0.0,,7700.0
2025-05-21 06:46:57,10000.0,10028.75,Put CEX 4,CEX,0.0,,7700.0
2025-05-21 06:46:57,10000.0,10028.75,Put VEX 4,VEX,0.0,,7700.0
2025-05-21 06:46:57,10100.0,10129.0,Put CEX 3,CEX,0.0,,7700.0
2025-05-21 06:46:57,10100.0,10129.0,Put VEX 3,VEX,0.0,,7700.0
2025-05-21 06:46:57,10200.0,10229.25,Put CEX 2,CEX,0.0,,7700.0
2025-05-21 06:46:57,10200.0,10229.25,Put VEX 2,VEX,0.0,,7700.0
2025-05-21 06:46:57,10400.0,10429.75,Put CEX 1,CEX,0.0,,7700.0
2025-05-21 06:46:57,10400.0,10429.75,Put VEX 1,VEX,0.0,,7700.0
2025-05-21 06:46:57,12000.0,12034.5,Call CEX 1,CEX,0.0,,7700.0
2025-05-21 06:46:57,12000.0,12034.5,Call VEX 1,VEX,0.0,,7700.0
2025-05-21 06:48:15,200.0,200.5,Call CEX 2,CEX,0.0,,7700.0
2025-05-21 06:48:15,200.0,200.5,Call VEX 2,VEX,0.0,,7700.0
2025-05-21 06:48:15,400.0,401.25,Call CEX 3,CEX,0.0,,7700.0
2025-05-21 06:48:15,400.0,401.25,Call VEX 3,VEX,0.0,,7700.0
2025-05-21 06:48:15,600.0,601.75,Call CEX 4,CEX,0.0,,7700.0
2025-05-21 06:48:15,600.0,601.75,Call VEX 4,VEX,0.0,,7700.0
2025-05-21 06:48:15,800.0,802.25,Call CEX 5,CEX,0.0,,7700.0
2025-05-21 06:48:15,800.0,802.25,Call VEX 5,VEX,0.0,,7700.0
2025-05-21 06:48:15,4000.0,4011.75,Call DEX 1,DEX,887.286,,7700.0
2025-05-21 06:48:15,4750.0,4764.0,Put DEX 5,DEX,-47.344,,7700.0
2025-05-21 06:48:15,4800.0,4814.0,Put DEX 1,DEX,-261.385,,7700.0
2025-05-21 06:48:15,4800.0,4814.0,Put GEX 1,GEX,-76943.436,,7700.0
2025-05-21 06:48:15,4850.0,4864.25,Put DEX 2,DEX,-223.707,,7700.0
2025-05-21 06:48:15,4850.0,4864.25,Put GEX 2,GEX,-66986.622,,7700.0
2025-05-21 06:48:15,5000.0,5014.75,Call DEX 2,DEX,755.144,,7700.0
2025-05-21 06:48:15,5200.0,5215.25,Put DEX 4,DEX,-55.986,,7700.0
2025-05-21 06:48:15,5200.0,5215.25,Put GEX 4,GEX,-42432.769,,7700.0
2025-05-21 06:48:15,5300.0,5315.5,Put GEX 5,GEX,-27377.008,,7700.0
2025-05-21 06:48:15,5310.0,5325.5,Put DEX 3,DEX,-86.09,,7700.0
2025-05-21 06:48:15,5310.0,5325.5,Put GEX 3,GEX,-47085.644,,7700.0
2025-05-21 06:48:15,5700.0,5716.75,Call DEX 5,DEX,110.707,,7700.0
2025-05-21 06:48:15,5905.0,5922.25,Call DEX 3,DEX,135.899,,7700.0
2025-05-21 06:48:15,5905.0,5922.25,Call GEX 3,GEX,131810.807,,7700.0
2025-05-21 06:48:15,6000.0,6017.5,Call GEX 1,GEX,221748.533,,7700.0
2025-05-21 06:48:15,6050.0,6067.75,Call GEX 5,GEX,89057.373,,7700.0
2025-05-21 06:48:15,6100.0,6117.75,Call DEX 4,DEX,114.38,,7700.0
2025-05-21 06:48:15,6100.0,6117.75,Call GEX 2,GEX,202815.97,,7700.0
2025-05-21 06:48:15,6200.0,6218.25,Call GEX 4,GEX,106900.936,,7700.0
2025-05-21 06:48:15,9600.0,9628.0,Put CEX 5,CEX,0.0,,7700.0
2025-05-21 06:48:15,9600.0,9628.0,Put VEX 5,VEX,0.0,,7700.0
2025-05-21 06:48:15,10000.0,10029.25,Put CEX 4,CEX,0.0,,7700.0
2025-05-21 06:48:15,10000.0,10029.25,Put VEX 4,VEX,0.0,,7700.0
2025-05-21 06:48:15,10100.0,10129.5,Put CEX 3,CEX,0.0,,7700.0
2025-05-21 06:48:15,10100.0,10129.5,Put VEX 3,VEX,0.0,,7700.0
2025-05-21 06:48:15,10200.0,10229.75,Put CEX 2,CEX,0.0,,7700.0
2025-05-21 06:48:15,10200.0,10229.75,Put VEX 2,VEX,0.0,,7700.0
2025-05-21 06:48:15,10400.0,10430.5,Put CEX 1,CEX,0.0,,7700.0
2025-05-21 06:48:15,10400.0,10430.5,Put VEX 1,VEX,0.0,,7700.0
2025-05-21 06:48:15,12000.0,12035.0,Call CEX 1,CEX,0.0,,7700.0
2025-05-21 06:48:15,12000.0,12035.0,Call VEX 1,VEX,0.0,,7700.0
2025-05-21 06:49:38,200.0,200.5,Call CEX 2,CEX,0.0,,7700.0
2025-05-21 06:49:38,200.0,200.5,Call VEX 2,VEX,0.0,,7700.0
2025-05-21 06:49:38,400.0,401.25,Call CEX 3,CEX,0.0,,7700.0
2025-05-21 06:49:38,400.0,401.25,Call VEX 3,VEX,0.0,,7700.0
2025-05-21 06:49:38,600.0,601.75,Call CEX 4,CEX,0.0,,7700.0
2025-05-21 06:49:38,600.0,601.75,Call VEX 4,VEX,0.0,,7700.0
2025-05-21 06:49:38,800.0,802.5,Call CEX 5,CEX,0.0,,7700.0
2025-05-21 06:49:38,800.0,802.5,Call VEX 5,VEX,0.0,,7700.0
2025-05-21 06:49:38,4000.0,4012.0,Call DEX 1,DEX,887.256,,7700.0
2025-05-21 06:49:38,4750.0,4764.25,Put DEX 5,DEX,-47.344,,7700.0
2025-05-21 06:49:38,4800.0,4814.25,Put DEX 1,DEX,-261.395,,7700.0
2025-05-21 06:49:38,4800.0,4814.25,Put GEX 1,GEX,-76952.917,,7700.0
2025-05-21 06:49:38,4850.0,4864.5,Put DEX 2,DEX,-223.708,,7700.0
2025-05-21 06:49:38,4850.0,4864.5,Put GEX 2,GEX,-66991.975,,7700.0
2025-05-21 06:49:38,5000.0,5015.0,Call DEX 2,DEX,754.131,,7700.0
2025-05-21 06:49:38,5200.0,5215.5,Put DEX 4,DEX,-56.054,,7700.0
2025-05-21 06:49:38,5200.0,5215.5,Put GEX 4,GEX,-42482.703,,7700.0
2025-05-21 06:49:38,5300.0,5315.75,Put GEX 5,GEX,-27731.818,,7700.0
2025-05-21 06:49:38,5310.0,5325.75,Put DEX 3,DEX,-86.105,,7700.0
2025-05-21 06:49:38,5310.0,5325.75,Put GEX 3,GEX,-47101.372,,7700.0
2025-05-21 06:49:38,5700.0,5717.0,Call DEX 5,DEX,110.215,,7700.0
2025-05-21 06:49:38,5905.0,5922.75,Call DEX 3,DEX,135.867,,7700.0
2025-05-21 06:49:38,5905.0,5922.75,Call GEX 3,GEX,131235.006,,7700.0
2025-05-21 06:49:38,6000.0,6018.0,Call GEX 1,GEX,217508.734,,7700.0
2025-05-21 06:49:38,6050.0,6068.0,Call GEX 5,GEX,88870.717,,7700.0
2025-05-21 06:49:38,6100.0,6118.25,Call DEX 4,DEX,114.501,,7700.0
2025-05-21 06:49:38,6100.0,6118.25,Call GEX 2,GEX,202446.454,,7700.0
2025-05-21 06:49:38,6200.0,6218.5,Call GEX 4,GEX,106794.101,,7700.0
2025-05-21 06:49:38,9600.0,9628.75,Put CEX 5,CEX,0.0,,7700.0
2025-05-21 06:49:38,9600.0,9628.75,Put VEX 5,VEX,0.0,,7700.0
2025-05-21 06:49:38,10000.0,10029.75,Put CEX 4,CEX,0.0,,7700.0
2025-05-21 06:49:38,10000.0,10029.75,Put VEX 4,VEX,0.0,,7700.0
2025-05-21 06:49:38,10100.0,10130.25,Put CEX 3,CEX,0.0,,7700.0
2025-05-21 06:49:38,10100.0,10130.25,Put VEX 3,VEX,0.0,,7700.0
2025-05-21 06:49:38,10200.0,10230.5,Put CEX 2,CEX,0.0,,7700.0
2025-05-21 06:49:38,10200.0,10230.5,Put VEX 2,VEX,0.0,,7700.0
2025-05-21 06:49:38,10400.0,10431.0,Put CEX 1,CEX,0.0,,7700.0
2025-05-21 06:49:38,10400.0,10431.0,Put VEX 1,VEX,0.0,,7700.0
2025-05-21 06:49:38,12000.0,12035.75,Call CEX 1,CEX,0.0,,7700.0
2025-05-21 06:49:38,12000.0,12035.75,Call VEX 1,VEX,0.0,,7700.0
2025-05-21 06:50:59,200.0,200.5,Call CEX 2,CEX,0.0,,7700.0
2025-05-21 06:50:59,200.0,200.5,Call VEX 2,VEX,0.0,,7700.0
2025-05-21 06:50:59,400.0,401.25,Call CEX 3,CEX,0.0,,7700.0
2025-05-21 06:50:59,400.0,401.25,Call VEX 3,VEX,0.0,,7700.0
2025-05-21 06:50:59,600.0,601.75,Call CEX 4,CEX,0.0,,7700.0
2025-05-21 06:50:59,600.0,601.75,Call VEX 4,VEX,0.0,,7700.0
2025-05-21 06:50:59,800.0,802.25,Call CEX 5,CEX,0.0,,7700.0
2025-05-21 06:50:59,800.0,802.25,Call VEX 5,VEX,0.0,,7700.0
2025-05-21 06:50:59,4000.0,4011.5,Call DEX 1,DEX,887.531,,7700.0
2025-05-21 06:50:59,4750.0,4763.5,Put DEX 5,DEX,-47.35,,7700.0
2025-05-21 06:50:59,4800.0,4813.75,Put DEX 1,DEX,-261.422,,7700.0
2025-05-21 06:50:59,4800.0,4813.75,Put GEX 1,GEX,-76834.277,,7700.0
2025-05-21 06:50:59,4850.0,4863.75,Put DEX 2,DEX,-223.729,,7700.0
2025-05-21 06:50:59,4850.0,4863.75,Put GEX 2,GEX,-66891.27,,7700.0
2025-05-21 06:50:59,5000.0,5014.25,Call DEX 2,DEX,755.155,,7700.0
2025-05-21 06:50:59,5200.0,5214.75,Put DEX 4,DEX,-55.759,,7700.0
2025-05-21 06:50:59,5200.0,5214.75,Put GEX 4,GEX,-42225.127,,7700.0
2025-05-21 06:50:59,5300.0,5315.0,Put GEX 5,GEX,-27635.006,,7700.0
2025-05-21 06:50:59,5310.0,5325.25,Put DEX 3,DEX,-86.073,,7700.0
2025-05-21 06:50:59,5310.0,5325.25,Put GEX 3,GEX,-46993.806,,7700.0
2025-05-21 06:50:59,5700.0,5716.25,Call DEX 5,DEX,111.367,,7700.0
2025-05-21 06:50:59,5905.0,5921.75,Call DEX 3,DEX,136.313,,7700.0
2025-05-21 06:50:59,5905.0,5921.75,Call GEX 3,GEX,131523.81,,7700.0
2025-05-21 06:50:59,6000.0,6017.0,Call GEX 1,GEX,219332.674,,7700.0
2025-05-21 06:50:59,6050.0,6067.25,Call GEX 5,GEX,89252.867,,7700.0
2025-05-21 06:50:59,6100.0,6117.5,Call DEX 4,DEX,114.864,,7700.0
2025-05-21 06:50:59,6100.0,6117.5,Call GEX 2,GEX,203733.204,,7700.0
2025-05-21 06:50:59,6200.0,6217.75,Call GEX 4,GEX,107426.834,,7700.0
2025-05-21 06:50:59,9600.0,9627.5,Put CEX 5,CEX,0.0,,7700.0
2025-05-21 06:50:59,9600.0,9627.5,Put VEX 5,VEX,0.0,,7700.0
2025-05-21 06:50:59,10000.0,10028.5,Put CEX 4,CEX,0.0,,7700.0
2025-05-21 06:50:59,10000.0,10028.5,Put VEX 4,VEX,0.0,,7700.0
2025-05-21 06:50:59,10100.0,10128.75,Put CEX 3,CEX,0.0,,7700.0
2025-05-21 06:50:59,10100.0,10128.75,Put VEX 3,VEX,0.0,,7700.0
2025-05-21 06:50:59,10200.0,10229.0,Put CEX 2,CEX,0.0,,7700.0
2025-05-21 06:50:59,10200.0,10229.0,Put VEX 2,VEX,0.0,,7700.0
2025-05-21 06:50:59,10400.0,10429.75,Put CEX 1,CEX,0.0,,7700.0
2025-05-21 06:50:59,10400.0,10429.75,Put VEX 1,VEX,0.0,,7700.0
2025-05-21 06:50:59,12000.0,12034.25,Call CEX 1,CEX,0.0,,7700.0
2025-05-21 06:50:59,12000.0,12034.25,Call VEX 1,VEX,0.0,,7700.0
2025-05-21 06:52:18,200.0,200.5,Call CEX 2,CEX,0.0,,7700.0
2025-05-21 06:52:18,200.0,200.5,Call VEX 2,VEX,0.0,,7700.0
2025-05-21 06:52:18,400.0,401.0,Call CEX 3,CEX,0.0,,7700.0
2025-05-21 06:52:18,400.0,401.0,Call VEX 3,VEX,0.0,,7700.0
2025-05-21 06:52:18,600.0,601.75,Call CEX 4,CEX,0.0,,7700.0
2025-05-21 06:52:18,600.0,601.75,Call VEX 4,VEX,0.0,,7700.0
2025-05-21 06:52:18,800.0,802.25,Call CEX 5,CEX,0.0,,7700.0
2025-05-21 06:52:18,800.0,802.25,Call VEX 5,VEX,0.0,,7700.0
2025-05-21 06:52:18,4000.0,4011.25,Call DEX 1,DEX,887.466,,7700.0
2025-05-21 06:52:18,4750.0,4763.25,Put DEX 5,DEX,-47.357,,7700.0
2025-05-21 06:52:18,4800.0,4813.5,Put DEX 1,DEX,-261.431,,7700.0
2025-05-21 06:52:18,4800.0,4813.5,Put GEX 1,GEX,-76816.226,,7700.0
2025-05-21 06:52:18,4850.0,4863.5,Put DEX 2,DEX,-223.74,,7700.0
2025-05-21 06:52:18,4850.0,4863.5,Put GEX 2,GEX,-66866.057,,7700.0
2025-05-21 06:52:18,5000.0,5014.0,Call DEX 2,DEX,753.947,,7700.0
2025-05-21 06:52:18,5200.0,5214.5,Put DEX 4,DEX,-56.068,,7700.0
2025-05-21 06:52:18,5200.0,5214.5,Put GEX 4,GEX,-42422.397,,7700.0
2025-05-21 06:52:18,5300.0,5314.75,Put GEX 5,GEX,-27738.48,,7700.0
2025-05-21 06:52:18,5310.0,5324.75,Put DEX 3,DEX,-86.091,,7700.0
2025-05-21 06:52:18,5310.0,5324.75,Put GEX 3,GEX,-46991.436,,7700.0
2025-05-21 06:52:18,5700.0,5716.0,Call DEX 5,DEX,111.142,,7700.0
2025-05-21 06:52:18,5905.0,5921.5,Call DEX 3,DEX,136.384,,7700.0
2025-05-21 06:52:18,5905.0,5921.5,Call GEX 3,GEX,130184.266,,7700.0
2025-05-21 06:52:18,6000.0,6016.75,Call GEX 1,GEX,209052.828,,7700.0
2025-05-21 06:52:18,6050.0,6066.75,Call GEX 5,GEX,88527.319,,7700.0
2025-05-21 06:52:18,6100.0,6117.0,Call DEX 4,DEX,115.022,,7700.0
2025-05-21 06:52:18,6100.0,6117.0,Call GEX 2,GEX,202952.282,,7700.0
2025-05-21 06:52:18,6200.0,6217.25,Call GEX 4,GEX,107074.457,,7700.0
2025-05-21 06:52:18,9600.0,9626.75,Put CEX 5,CEX,0.0,,7700.0
2025-05-21 06:52:18,9600.0,9626.75,Put VEX 5,VEX,0.0,,7700.0
2025-05-21 06:52:18,10000.0,10028.0,Put CEX 4,CEX,0.0,,7700.0
2025-05-21 06:52:18,10000.0,10028.0,Put VEX 4,VEX,0.0,,7700.0
2025-05-21 06:52:18,10100.0,10128.25,Put CEX 3,CEX,0.0,,7700.0
2025-05-21 06:52:18,10100.0,10128.25,Put VEX 3,VEX,0.0,,7700.0
2025-05-21 06:52:18,10200.0,10228.5,Put CEX 2,CEX,0.0,,7700.0
2025-05-21 06:52:18,10200.0,10228.5,Put VEX 2,VEX,0.0,,7700.0
2025-05-21 06:52:18,10400.0,10429.0,Put CEX 1,CEX,0.0,,7700.0
2025-05-21 06:52:18,10400.0,10429.0,Put VEX 1,VEX,0.0,,7700.0
2025-05-21 06:52:18,12000.0,12033.5,Call CEX 1,CEX,0.0,,7700.0
2025-05-21 06:52:18,12000.0,12033.5,Call VEX 1,VEX,0.0,,7700.0
2025-05-21 06:53:36,200.0,200.5,Call CEX 2,CEX,0.0,,7700.0
2025-05-21 06:53:36,200.0,200.5,Call VEX 2,VEX,0.0,,7700.0
2025-05-21 06:53:36,400.0,401.25,Call CEX 3,CEX,0.0,,7700.0
2025-05-21 06:53:36,400.0,401.25,Call VEX 3,VEX,0.0,,7700.0
2025-05-21 06:53:36,600.0,601.75,Call CEX 4,CEX,0.0,,7700.0
2025-05-21 06:53:36,600.0,601.75,Call VEX 4,VEX,0.0,,7700.0
2025-05-21 06:53:36,800.0,802.25,Call CEX 5,CEX,0.0,,7700.0
2025-05-21 06:53:36,800.0,802.25,Call VEX 5,VEX,0.0,,7700.0
2025-05-21 06:53:36,4000.0,4011.5,Call DEX 1,DEX,888.101,,7700.0
2025-05-21 06:53:36,4750.0,4763.5,Put DEX 5,DEX,-47.354,,7700.0
2025-05-21 06:53:36,4800.0,4813.75,Put DEX 1,DEX,-261.46,,7700.0
2025-05-21 06:53:36,4800.0,4813.75,Put GEX 1,GEX,-76650.746,,7700.0
2025-05-21 06:53:36,4850.0,4863.75,Put DEX 2,DEX,-223.763,,7700.0
2025-05-21 06:53:36,4850.0,4863.75,Put GEX 2,GEX,-66723.802,,7700.0
2025-05-21 06:53:36,5000.0,5014.25,Call DEX 2,DEX,757.953,,7700.0
2025-05-21 06:53:36,5200.0,5214.75,Put DEX 4,DEX,-56.076,,7700.0
2025-05-21 06:53:36,5200.0,5214.75,Put GEX 4,GEX,-42310.941,,7700.0
2025-05-21 06:53:36,5300.0,5315.25,Put GEX 5,GEX,-27411.339,,7700.0
2025-05-21 06:53:36,5310.0,5325.25,Put DEX 3,DEX,-86.084,,7700.0
2025-05-21 06:53:36,5310.0,5325.25,Put GEX 3,GEX,-46827.678,,7700.0
2025-05-21 06:53:36,5700.0,5716.25,Call DEX 5,DEX,113.127,,7700.0
2025-05-21 06:53:36,5905.0,5921.75,Call DEX 3,DEX,137.042,,7700.0
2025-05-21 06:53:36,5905.0,5921.75,Call GEX 3,GEX,132589.696,,7700.0
2025-05-21 06:53:36,6000.0,6017.25,Call GEX 1,GEX,234089.099,,7700.0
2025-05-21 06:53:36,6050.0,6067.25,Call GEX 5,GEX,90924.212,,7700.0
2025-05-21 06:53:36,6100.0,6117.5,Call DEX 4,DEX,115.728,,7700.0
2025-05-21 06:53:36,6100.0,6117.5,Call GEX 2,GEX,207870.123,,7700.0
2025-05-21 06:53:36,6200.0,6217.75,Call GEX 4,GEX,109001.165,,7700.0
2025-05-21 06:53:36,9600.0,9627.5,Put CEX 5,CEX,0.0,,7700.0
2025-05-21 06:53:36,9600.0,9627.5,Put VEX 5,VEX,0.0,,7700.0
2025-05-21 06:53:36,10000.0,10028.5,Put CEX 4,CEX,0.0,,7700.0
2025-05-21 06:53:36,10000.0,10028.5,Put VEX 4,VEX,0.0,,7700.0
2025-05-21 06:53:36,10100.0,10128.75,Put CEX 3,CEX,0.0,,7700.0
2025-05-21 06:53:36,10100.0,10128.75,Put VEX 3,VEX,0.0,,7700.0
2025-05-21 06:53:36,10200.0,10229.25,Put CEX 2,CEX,0.0,,7700.0
2025-05-21 06:53:36,10200.0,10229.25,Put VEX 2,VEX,0.0,,7700.0
2025-05-21 06:53:36,10400.0,10429.75,Put CEX 1,CEX,0.0,,7700.0
2025-05-21 06:53:36,10400.0,10429.75,Put VEX 1,VEX,0.0,,7700.0
2025-05-21 06:53:36,12000.0,12034.25,Call CEX 1,CEX,0.0,,7700.0
2025-05-21 06:53:36,12000.0,12034.25,Call VEX 1,VEX,0.0,,7700.0
2025-05-21 06:54:55,200.0,200.5,Call CEX 2,CEX,0.0,,7700.0
2025-05-21 06:54:55,200.0,200.5,Call VEX 2,VEX,0.0,,7700.0
2025-05-21 06:54:55,400.0,401.25,Call CEX 3,CEX,0.0,,7700.0
2025-05-21 06:54:55,400.0,401.25,Call VEX 3,VEX,0.0,,7700.0
2025-05-21 06:54:55,600.0,601.75,Call CEX 4,CEX,0.0,,7700.0
2025-05-21 06:54:55,600.0,601.75,Call VEX 4,VEX,0.0,,7700.0
2025-05-21 06:54:55,800.0,802.25,Call CEX 5,CEX,0.0,,7700.0
2025-05-21 06:54:55,800.0,802.25,Call VEX 5,VEX,0.0,,7700.0
2025-05-21 06:54:55,4000.0,4011.5,Call DEX 1,DEX,888.074,,7700.0
2025-05-21 06:54:55,4750.0,4763.75,Put DEX 5,DEX,-47.346,,7700.0
2025-05-21 06:54:55,4800.0,4813.75,Put DEX 1,DEX,-261.429,,7700.0
2025-05-21 06:54:55,4800.0,4813.75,Put GEX 1,GEX,-76723.748,,7700.0
2025-05-21 06:54:55,4850.0,4864.0,Put DEX 2,DEX,-223.745,,7700.0
2025-05-21 06:54:55,4850.0,4864.0,Put GEX 2,GEX,-66795.984,,7700.0
2025-05-21 06:54:55,5000.0,5014.25,Call DEX 2,DEX,756.171,,7700.0
2025-05-21 06:54:55,5200.0,5215.0,Put DEX 4,DEX,-55.928,,7700.0
2025-05-21 06:54:55,5200.0,5215.0,Put GEX 4,GEX,-42253.395,,7700.0
2025-05-21 06:54:55,5300.0,5315.25,Put GEX 5,GEX,-27522.368,,7700.0
2025-05-21 06:54:55,5310.0,5325.25,Put DEX 3,DEX,-86.039,,7700.0
2025-05-21 06:54:55,5310.0,5325.25,Put GEX 3,GEX,-46887.391,,7700.0
2025-05-21 06:54:55,5700.0,5716.25,Call DEX 5,DEX,112.161,,7700.0
2025-05-21 06:54:55,5905.0,5922.0,Call DEX 3,DEX,136.72,,7700.0
2025-05-21 06:54:55,5905.0,5922.0,Call GEX 3,GEX,131521.683,,7700.0
2025-05-21 06:54:55,6000.0,6017.25,Call GEX 1,GEX,220938.327,,7700.0
2025-05-21 06:54:55,6050.0,6067.25,Call GEX 5,GEX,89716.537,,7700.0
2025-05-21 06:54:55,6100.0,6117.5,Call DEX 4,DEX,115.378,,7700.0
2025-05-21 06:54:55,6100.0,6117.5,Call GEX 2,GEX,205183.219,,7700.0
2025-05-21 06:54:55,6200.0,6217.75,Call GEX 4,GEX,108307.373,,7700.0
2025-05-21 06:54:55,9600.0,9627.5,Put CEX 5,CEX,0.0,,7700.0
2025-05-21 06:54:55,9600.0,9627.5,Put VEX 5,VEX,0.0,,7700.0
2025-05-21 06:54:55,10000.0,10028.75,Put CEX 4,CEX,0.0,,7700.0
2025-05-21 06:54:55,10000.0,10028.75,Put VEX 4,VEX,0.0,,7700.0
2025-05-21 06:54:55,10100.0,10129.0,Put CEX 3,CEX,0.0,,7700.0
2025-05-21 06:54:55,10100.0,10129.0,Put VEX 3,VEX,0.0,,7700.0
2025-05-21 06:54:55,10200.0,10229.25,Put CEX 2,CEX,0.0,,7700.0
2025-05-21 06:54:55,10200.0,10229.25,Put VEX 2,VEX,0.0,,7700.0
2025-05-21 06:54:55,10400.0,10429.75,Put CEX 1,CEX,0.0,,7700.0
2025-05-21 06:54:55,10400.0,10429.75,Put VEX 1,VEX,0.0,,7700.0
2025-05-21 06:54:55,12000.0,12034.5,Call CEX 1,CEX,0.0,,7700.0
2025-05-21 06:54:55,12000.0,12034.5,Call VEX 1,VEX,0.0,,7700.0
2025-05-21 06:56:20,200.0,200.5,Call CEX 2,CEX,0.0,,7700.0
2025-05-21 06:56:20,200.0,200.5,Call VEX 2,VEX,0.0,,7700.0
2025-05-21 06:56:20,400.0,401.25,Call CEX 3,CEX,0.0,,7700.0
2025-05-21 06:56:20,400.0,401.25,Call VEX 3,VEX,0.0,,7700.0
2025-05-21 06:56:20,600.0,601.75,Call CEX 4,CEX,0.0,,7700.0
2025-05-21 06:56:20,600.0,601.75,Call VEX 4,VEX,0.0,,7700.0
2025-05-21 06:56:20,800.0,802.25,Call CEX 5,CEX,0.0,,7700.0
2025-05-21 06:56:20,800.0,802.25,Call VEX 5,VEX,0.0,,7700.0
2025-05-21 06:56:20,4000.0,4011.5,Call DEX 1,DEX,887.943,,7700.0
2025-05-21 06:56:20,4750.0,4763.75,Put DEX 5,DEX,-47.353,,7700.0
2025-05-21 06:56:20,4800.0,4813.75,Put DEX 1,DEX,-261.436,,7700.0
2025-05-21 06:56:20,4800.0,4813.75,Put GEX 1,GEX,-76731.273,,7700.0
2025-05-21 06:56:20,4850.0,4864.0,Put DEX 2,DEX,-223.741,,7700.0
2025-05-21 06:56:20,4850.0,4864.0,Put GEX 2,GEX,-66804.649,,7700.0
2025-05-21 06:56:20,5000.0,5014.25,Call DEX 2,DEX,755.058,,7700.0
2025-05-21 06:56:20,5200.0,5215.0,Put DEX 4,DEX,-55.994,,7700.0
2025-05-21 06:56:20,5200.0,5215.0,Put GEX 4,GEX,-42309.512,,7700.0
2025-05-21 06:56:20,5300.0,5315.25,Put GEX 5,GEX,-27620.338,,7700.0
2025-05-21 06:56:20,5310.0,5325.25,Put DEX 3,DEX,-86.058,,7700.0
2025-05-21 06:56:20,5310.0,5325.25,Put GEX 3,GEX,-46906.721,,7700.0
2025-05-21 06:56:20,5700.0,5716.5,Call DEX 5,DEX,111.748,,7700.0
2025-05-21 06:56:20,5905.0,5922.0,Call DEX 3,DEX,136.661,,7700.0
2025-05-21 06:56:20,5905.0,5922.0,Call GEX 3,GEX,130059.453,,7700.0
2025-05-21 06:56:20,6000.0,6017.25,Call GEX 1,GEX,208952.971,,7700.0
2025-05-21 06:56:20,6050.0,6067.5,Call GEX 5,GEX,89040.36,,7700.0
2025-05-21 06:56:20,6100.0,6117.5,Call DEX 4,DEX,115.484,,7700.0
2025-05-21 06:56:20,6100.0,6117.5,Call GEX 2,GEX,204107.261,,7700.0
2025-05-21 06:56:20,6200.0,6217.75,Call GEX 4,GEX,107974.756,,7700.0
2025-05-21 06:56:20,9600.0,9627.5,Put CEX 5,CEX,0.0,,7700.0
2025-05-21 06:56:20,9600.0,9627.5,Put VEX 5,VEX,0.0,,7700.0
2025-05-21 06:56:20,10000.0,10028.75,Put CEX 4,CEX,0.0,,7700.0
2025-05-21 06:56:20,10000.0,10028.75,Put VEX 4,VEX,0.0,,7700.0
2025-05-21 06:56:20,10100.0,10129.0,Put CEX 3,CEX,0.0,,7700.0
2025-05-21 06:56:20,10100.0,10129.0,Put VEX 3,VEX,0.0,,7700.0
2025-05-21 06:56:20,10200.0,10229.25,Put CEX 2,CEX,0.0,,7700.0
2025-05-21 06:56:20,10200.0,10229.25,Put VEX 2,VEX,0.0,,7700.0
2025-05-21 06:56:20,10400.0,10430.0,Put CEX 1,CEX,0.0,,7700.0
2025-05-21 06:56:20,10400.0,10430.0,Put VEX 1,VEX,0.0,,7700.0
2025-05-21 06:56:20,12000.0,12034.5,Call CEX 1,CEX,0.0,,7700.0
2025-05-21 06:56:20,12000.0,12034.5,Call VEX 1,VEX,0.0,,7700.0
2025-05-21 06:57:39,200.0,200.5,Call CEX 2,CEX,0.0,,7700.0
2025-05-21 06:57:39,200.0,200.5,Call VEX 2,VEX,0.0,,7700.0
2025-05-21 06:57:39,400.0,401.25,Call CEX 3,CEX,0.0,,7700.0
2025-05-21 06:57:39,400.0,401.25,Call VEX 3,VEX,0.0,,7700.0
2025-05-21 06:57:39,600.0,601.75,Call CEX 4,CEX,0.0,,7700.0
2025-05-21 06:57:39,600.0,601.75,Call VEX 4,VEX,0.0,,7700.0
2025-05-21 06:57:39,800.0,802.25,Call CEX 5,CEX,0.0,,7700.0
2025-05-21 06:57:39,800.0,802.25,Call VEX 5,VEX,0.0,,7700.0
2025-05-21 06:57:39,4000.0,4011.75,Call DEX 1,DEX,888.035,,7700.0
2025-05-21 06:57:39,4750.0,4764.0,Put DEX 5,DEX,-47.346,,7700.0
2025-05-21 06:57:39,4800.0,4814.25,Put DEX 1,DEX,-261.456,,7700.0
2025-05-21 06:57:39,4800.0,4814.25,Put GEX 1,GEX,-76653.596,,7700.0
2025-05-21 06:57:39,4850.0,4864.25,Put DEX 2,DEX,-223.753,,7700.0
2025-05-21 06:57:39,4850.0,4864.25,Put GEX 2,GEX,-66731.739,,7700.0
2025-05-21 06:57:39,5000.0,5014.75,Call DEX 2,DEX,757.037,,7700.0
2025-05-21 06:57:39,5200.0,5215.25,Put DEX 4,DEX,-55.859,,7700.0
2025-05-21 06:57:39,5200.0,5215.25,Put GEX 4,GEX,-42176.202,,7700.0
2025-05-21 06:57:39,5300.0,5315.75,Put GEX 5,GEX,-27441.788,,7700.0
2025-05-21 06:57:39,5310.0,5325.75,Put DEX 3,DEX,-86.009,,7700.0
2025-05-21 06:57:39,5310.0,5325.75,Put GEX 3,GEX,-46810.178,,7700.0
2025-05-21 06:57:39,5700.0,5716.75,Call DEX 5,DEX,112.893,,7700.0
2025-05-21 06:57:39,5905.0,5922.5,Call DEX 3,DEX,137.026,,7700.0
2025-05-21 06:57:39,5905.0,5922.5,Call GEX 3,GEX,132046.928,,7700.0
2025-05-21 06:57:39,6000.0,6017.75,Call GEX 1,GEX,226250.909,,7700.0
2025-05-21 06:57:39,6050.0,6068.0,Call GEX 5,GEX,90397.16,,7700.0
2025-05-21 06:57:39,6100.0,6118.0,Call DEX 4,DEX,115.686,,7700.0
2025-05-21 06:57:39,6100.0,6118.0,Call GEX 2,GEX,206485.148,,7700.0
2025-05-21 06:57:39,6200.0,6218.25,Call GEX 4,GEX,108826.548,,7700.0
2025-05-21 06:57:39,9600.0,9628.25,Put CEX 5,CEX,0.0,,7700.0
2025-05-21 06:57:39,9600.0,9628.25,Put VEX 5,VEX,0.0,,7700.0
2025-05-21 06:57:39,10000.0,10029.5,Put CEX 4,CEX,0.0,,7700.0
2025-05-21 06:57:39,10000.0,10029.5,Put VEX 4,VEX,0.0,,7700.0
2025-05-21 06:57:39,10100.0,10129.75,Put CEX 3,CEX,0.0,,7700.0
2025-05-21 06:57:39,10100.0,10129.75,Put VEX 3,VEX,0.0,,7700.0
2025-05-21 06:57:39,10200.0,10230.25,Put CEX 2,CEX,0.0,,7700.0
2025-05-21 06:57:39,10200.0,10230.25,Put VEX 2,VEX,0.0,,7700.0
2025-05-21 06:57:39,10400.0,10430.75,Put CEX 1,CEX,0.0,,7700.0
2025-05-21 06:57:39,10400.0,10430.75,Put VEX 1,VEX,0.0,,7700.0
2025-05-21 06:57:39,12000.0,12035.5,Call CEX 1,CEX,0.0,,7700.0
2025-05-21 06:57:39,12000.0,12035.5,Call VEX 1,VEX,0.0,,7700.0
2025-05-21 06:58:58,200.0,200.5,Call CEX 2,CEX,0.0,,7700.0
2025-05-21 06:58:58,200.0,200.5,Call VEX 2,VEX,0.0,,7700.0
2025-05-21 06:58:58,400.0,401.25,Call CEX 3,CEX,0.0,,7700.0
2025-05-21 06:58:58,400.0,401.25,Call VEX 3,VEX,0.0,,7700.0
2025-05-21 06:58:58,600.0,601.75,Call CEX 4,CEX,0.0,,7700.0
2025-05-21 06:58:58,600.0,601.75,Call VEX 4,VEX,0.0,,7700.0
2025-05-21 06:58:58,800.0,802.25,Call CEX 5,CEX,0.0,,7700.0
2025-05-21 06:58:58,800.0,802.25,Call VEX 5,VEX,0.0,,7700.0
2025-05-21 06:58:58,4000.0,4011.5,Call DEX 1,DEX,888.155,,7700.0
2025-05-21 06:58:58,4750.0,4763.75,Put DEX 5,DEX,-47.347,,7700.0
2025-05-21 06:58:58,4800.0,4813.75,Put DEX 1,DEX,-261.44,,7700.0
2025-05-21 06:58:58,4800.0,4813.75,Put GEX 1,GEX,-76706.759,,7700.0
2025-05-21 06:58:58,4850.0,4864.0,Put DEX 2,DEX,-223.751,,7700.0
2025-05-21 06:58:58,4850.0,4864.0,Put GEX 2,GEX,-66777.202,,7700.0
2025-05-21 06:58:58,5000.0,5014.5,Call DEX 2,DEX,759.042,,7700.0
2025-05-21 06:58:58,5200.0,5215.0,Put DEX 4,DEX,-55.769,,7700.0
2025-05-21 06:58:58,5200.0,5215.0,Put GEX 4,GEX,-42120.345,,7700.0
2025-05-21 06:58:58,5300.0,5315.25,Put GEX 5,GEX,-27302.245,,7700.0
2025-05-21 06:58:58,5310.0,5325.25,Put DEX 3,DEX,-86.113,,7700.0
2025-05-21 06:58:58,5310.0,5325.25,Put GEX 3,GEX,-46863.007,,7700.0
2025-05-21 06:58:58,5700.0,5716.5,Call DEX 5,DEX,112.932,,7700.0
2025-05-21 06:58:58,5905.0,5922.0,Call DEX 3,DEX,136.807,,7700.0
2025-05-21 06:58:58,5905.0,5922.0,Call GEX 3,GEX,133418.177,,7700.0
2025-05-21 06:58:58,6000.0,6017.25,Call GEX 1,GEX,240376.587,,7700.0
2025-05-21 06:58:58,6050.0,6067.5,Call GEX 5,GEX,91246.867,,7700.0
2025-05-21 06:58:58,6100.0,6117.5,Call DEX 4,DEX,115.357,,7700.0
2025-05-21 06:58:58,6100.0,6117.5,Call GEX 2,GEX,207007.557,,7700.0
2025-05-21 06:58:58,6200.0,6217.75,Call GEX 4,GEX,108759.038,,7700.0
2025-05-21 06:58:58,9600.0,9627.5,Put CEX 5,CEX,0.0,,7700.0
2025-05-21 06:58:58,9600.0,9627.5,Put VEX 5,VEX,0.0,,7700.0
2025-05-21 06:58:58,10000.0,10028.75,Put CEX 4,CEX,0.0,,7700.0
2025-05-21 06:58:58,10000.0,10028.75,Put VEX 4,VEX,0.0,,7700.0
2025-05-21 06:58:58,10100.0,10129.0,Put CEX 3,CEX,0.0,,7700.0
2025-05-21 06:58:58,10100.0,10129.0,Put VEX 3,VEX,0.0,,7700.0
2025-05-21 06:58:58,10200.0,10229.25,Put CEX 2,CEX,0.0,,7700.0
2025-05-21 06:58:58,10200.0,10229.25,Put VEX 2,VEX,0.0,,7700.0
2025-05-21 06:58:58,10400.0,10430.0,Put CEX 1,CEX,0.0,,7700.0
2025-05-21 06:58:58,10400.0,10430.0,Put VEX 1,VEX,0.0,,7700.0
2025-05-21 06:58:58,12000.0,12034.5,Call CEX 1,CEX,0.0,,7700.0
2025-05-21 06:58:58,12000.0,12034.5,Call VEX 1,VEX,0.0,,7700.0
2025-05-21 07:00:17,200.0,200.5,Call CEX 2,CEX,0.0,,7700.0
2025-05-21 07:00:17,200.0,200.5,Call VEX 2,VEX,0.0,,7700.0
2025-05-21 07:00:17,400.0,401.0,Call CEX 3,CEX,0.0,,7700.0
2025-05-21 07:00:17,400.0,401.0,Call VEX 3,VEX,0.0,,7700.0
2025-05-21 07:00:17,600.0,601.5,Call CEX 4,CEX,0.0,,7700.0
2025-05-21 07:00:17,600.0,601.5,Call VEX 4,VEX,0.0,,7700.0
2025-05-21 07:00:17,800.0,802.25,Call CEX 5,CEX,0.0,,7700.0
2025-05-21 07:00:17,800.0,802.25,Call VEX 5,VEX,0.0,,7700.0
2025-05-21 07:00:17,4000.0,4010.75,Call DEX 1,DEX,887.591,,7700.0
2025-05-21 07:00:17,4750.0,4762.75,Put DEX 5,DEX,-47.349,,7700.0
2025-05-21 07:00:17,4800.0,4812.75,Put DEX 1,DEX,-261.392,,7700.0
2025-05-21 07:00:17,4800.0,4812.75,Put GEX 1,GEX,-76837.927,,7700.0
2025-05-21 07:00:17,4850.0,4863.0,Put DEX 2,DEX,-223.734,,7700.0
2025-05-21 07:00:17,4850.0,4863.0,Put GEX 2,GEX,-66894.944,,7700.0
2025-05-21 07:00:17,5000.0,5013.25,Call DEX 2,DEX,757.711,,7700.0
2025-05-21 07:00:17,5200.0,5213.75,Put DEX 4,DEX,-55.864,,7700.0
2025-05-21 07:00:17,5200.0,5213.75,Put GEX 4,GEX,-42245.745,,7700.0
2025-05-21 07:00:17,5300.0,5314.0,Put GEX 5,GEX,-27417.882,,7700.0
2025-05-21 07:00:17,5310.0,5324.25,Put DEX 3,DEX,-86.081,,7700.0
2025-05-21 07:00:17,5310.0,5324.25,Put GEX 3,GEX,-46916.181,,7700.0
2025-05-21 07:00:17,5700.0,5715.25,Call DEX 5,DEX,111.844,,7700.0
2025-05-21 07:00:17,5905.0,5920.75,Call DEX 3,DEX,136.283,,7700.0
2025-05-21 07:00:17,5905.0,5920.75,Call GEX 3,GEX,133229.271,,7700.0
2025-05-21 07:00:17,6000.0,6016.0,Call GEX 1,GEX,236912.757,,7700.0
2025-05-21 07:00:17,6050.0,6066.0,Call GEX 5,GEX,90374.359,,7700.0
2025-05-21 07:00:17,6100.0,6116.25,Call DEX 4,DEX,114.795,,7700.0
2025-05-21 07:00:17,6100.0,6116.25,Call GEX 2,GEX,205059.847,,7700.0
2025-05-21 07:00:17,6200.0,6216.5,Call GEX 4,GEX,107795.402,,7700.0
2025-05-21 07:00:17,9600.0,9625.5,Put CEX 5,CEX,0.0,,7700.0
2025-05-21 07:00:17,9600.0,9625.5,Put VEX 5,VEX,0.0,,7700.0
2025-05-21 07:00:17,10000.0,10026.75,Put CEX 4,CEX,0.0,,7700.0
2025-05-21 07:00:17,10000.0,10026.75,Put VEX 4,VEX,0.0,,7700.0
2025-05-21 07:00:17,10100.0,10127.0,Put CEX 3,CEX,0.0,,7700.0
2025-05-21 07:00:17,10100.0,10127.0,Put VEX 3,VEX,0.0,,7700.0
2025-05-21 07:00:17,10200.0,10227.25,Put CEX 2,CEX,0.0,,7700.0
2025-05-21 07:00:17,10200.0,10227.25,Put VEX 2,VEX,0.0,,7700.0
2025-05-21 07:00:17,10400.0,10427.75,Put CEX 1,CEX,0.0,,7700.0
2025-05-21 07:00:17,10400.0,10427.75,Put VEX 1,VEX,0.0,,7700.0
2025-05-21 07:00:17,12000.0,12032.0,Call CEX 1,CEX,0.0,,7700.0
2025-05-21 07:00:17,12000.0,12032.0,Call VEX 1,VEX,0.0,,7700.0
2025-05-21 07:01:36,200.0,200.5,Call CEX 2,CEX,0.0,,7700.0
2025-05-21 07:01:36,200.0,200.5,Call VEX 2,VEX,0.0,,7700.0
2025-05-21 07:01:36,400.0,401.25,Call CEX 3,CEX,0.0,,7700.0
2025-05-21 07:01:36,400.0,401.25,Call VEX 3,VEX,0.0,,7700.0
2025-05-21 07:01:36,600.0,601.75,Call CEX 4,CEX,0.0,,7700.0
2025-05-21 07:01:36,600.0,601.75,Call VEX 4,VEX,0.0,,7700.0
2025-05-21 07:01:36,800.0,802.25,Call CEX 5,CEX,0.0,,7700.0
2025-05-21 07:01:36,800.0,802.25,Call VEX 5,VEX,0.0,,7700.0
2025-05-21 07:01:36,4000.0,4011.75,Call DEX 1,DEX,888.007,,7700.0
2025-05-21 07:01:36,4750.0,4764.0,Put DEX 5,DEX,-47.344,,7700.0
2025-05-21 07:01:36,4800.0,4814.0,Put DEX 1,DEX,-261.422,,7700.0
2025-05-21 07:01:36,4800.0,4814.0,Put GEX 1,GEX,-76762.646,,7700.0
2025-05-21 07:01:36,4850.0,4864.25,Put DEX 2,DEX,-223.748,,7700.0
2025-05-21 07:01:36,4850.0,4864.25,Put GEX 2,GEX,-66820.496,,7700.0
2025-05-21 07:01:36,5000.0,5014.5,Call DEX 2,DEX,759.045,,7700.0
2025-05-21 07:01:36,5200.0,5215.25,Put DEX 4,DEX,-56.038,,7700.0
2025-05-21 07:01:36,5200.0,5215.25,Put GEX 4,GEX,-42331.13,,7700.0
2025-05-21 07:01:36,5300.0,5315.5,Put GEX 5,GEX,-27615.159,,7700.0
2025-05-21 07:01:36,5310.0,5325.5,Put DEX 3,DEX,-86.102,,7700.0
2025-05-21 07:01:36,5310.0,5325.5,Put GEX 3,GEX,-46899.902,,7700.0
2025-05-21 07:01:36,5700.0,5716.75,Call DEX 5,DEX,111.444,,7700.0
2025-05-21 07:01:36,5905.0,5922.25,Call DEX 3,DEX,136.606,,7700.0
2025-05-21 07:01:36,5905.0,5922.25,Call GEX 3,GEX,133682.532,,7700.0
2025-05-21 07:01:36,6000.0,6017.5,Call GEX 1,GEX,241452.375,,7700.0
2025-05-21 07:01:36,6050.0,6067.75,Call GEX 5,GEX,91064.597,,7700.0
2025-05-21 07:01:36,6100.0,6117.75,Call DEX 4,DEX,115.14,,7700.0
2025-05-21 07:01:36,6100.0,6117.75,Call GEX 2,GEX,206822.994,,7700.0
2025-05-21 07:01:36,6200.0,6218.25,Call GEX 4,GEX,108525.828,,7700.0
2025-05-21 07:01:36,9600.0,9628.0,Put CEX 5,CEX,0.0,,7700.0
2025-05-21 07:01:36,9600.0,9628.0,Put VEX 5,VEX,0.0,,7700.0
2025-05-21 07:01:36,10000.0,10029.25,Put CEX 4,CEX,0.0,,7700.0
2025-05-21 07:01:36,10000.0,10029.25,Put VEX 4,VEX,0.0,,7700.0
2025-05-21 07:01:36,10100.0,10129.5,Put CEX 3,CEX,0.0,,7700.0
2025-05-21 07:01:36,10100.0,10129.5,Put VEX 3,VEX,0.0,,7700.0
2025-05-21 07:01:36,10200.0,10229.75,Put CEX 2,CEX,0.0,,7700.0
2025-05-21 07:01:36,10200.0,10229.75,Put VEX 2,VEX,0.0,,7700.0
2025-05-21 07:01:36,10400.0,10430.5,Put CEX 1,CEX,0.0,,7700.0
2025-05-21 07:01:36,10400.0,10430.5,Put VEX 1,VEX,0.0,,7700.0
2025-05-21 07:01:36,12000.0,12035.0,Call CEX 1,CEX,0.0,,7700.0
2025-05-21 07:01:36,12000.0,12035.0,Call VEX 1,VEX,0.0,,7700.0
2025-05-21 07:02:55,200.0,200.5,Call CEX 2,CEX,0.0,,7700.0
2025-05-21 07:02:55,200.0,200.5,Call VEX 2,VEX,0.0,,7700.0
2025-05-21 07:02:55,400.0,401.0,Call CEX 3,CEX,0.0,,7700.0
2025-05-21 07:02:55,400.0,401.0,Call VEX 3,VEX,0.0,,7700.0
2025-05-21 07:02:55,600.0,601.75,Call CEX 4,CEX,0.0,,7700.0
2025-05-21 07:02:55,600.0,601.75,Call VEX 4,VEX,0.0,,7700.0
2025-05-21 07:02:55,800.0,802.25,Call CEX 5,CEX,0.0,,7700.0
2025-05-21 07:02:55,800.0,802.25,Call VEX 5,VEX,0.0,,7700.0
2025-05-21 07:02:55,4000.0,4011.25,Call DEX 1,DEX,886.468,,7700.0
2025-05-21 07:02:55,4750.0,4763.25,Put DEX 5,DEX,-47.386,,7700.0
2025-05-21 07:02:55,4800.0,4813.5,Put DEX 1,DEX,-261.483,,7700.0
2025-05-21 07:02:55,4800.0,4813.5,Put GEX 1,GEX,-76824.532,,7700.0
2025-05-21 07:02:55,4850.0,4863.5,Put DEX 2,DEX,-223.76,,7700.0
2025-05-21 07:02:55,4850.0,4863.5,Put GEX 2,GEX,-66870.943,,7700.0
2025-05-21 07:02:55,5000.0,5014.0,Call DEX 2,DEX,748.723,,7700.0
2025-05-21 07:02:55,5200.0,5214.5,Put DEX 4,DEX,-56.494,,7700.0
2025-05-21 07:02:55,5200.0,5214.5,Put GEX 4,GEX,-42743.948,,7700.0
2025-05-21 07:02:55,5300.0,5314.75,Put GEX 5,GEX,-28068.793,,7700.0
2025-05-21 07:02:55,5310.0,5325.0,Put DEX 3,DEX,-86.16,,7700.0
2025-05-21 07:02:55,5310.0,5325.0,Put GEX 3,GEX,-47122.6,,7700.0
2025-05-21 07:02:55,5700.0,5716.0,Call DEX 5,DEX,110.827,,7700.0
2025-05-21 07:02:55,5905.0,5921.5,Call DEX 3,DEX,136.291,,7700.0
2025-05-21 07:02:55,5905.0,5921.5,Call GEX 3,GEX,126259.213,,7700.0
2025-05-21 07:02:55,6000.0,6016.75,Call GEX 2,GEX,170221.795,,7700.0
2025-05-21 07:02:55,6050.0,6067.0,Call GEX 5,GEX,85466.051,,7700.0
2025-05-21 07:02:55,6100.0,6117.0,Call DEX 4,DEX,115.654,,7700.0
2025-05-21 07:02:55,6100.0,6117.0,Call GEX 1,GEX,198851.055,,7700.0
2025-05-21 07:02:55,6200.0,6217.25,Call GEX 4,GEX,106130.708,,7700.0
2025-05-21 07:02:55,9600.0,9627.0,Put CEX 5,CEX,0.0,,7700.0
2025-05-21 07:02:55,9600.0,9627.0,Put VEX 5,VEX,0.0,,7700.0
2025-05-21 07:02:55,10000.0,10028.0,Put CEX 4,CEX,0.0,,7700.0
2025-05-21 07:02:55,10000.0,10028.0,Put VEX 4,VEX,0.0,,7700.0
2025-05-21 07:02:55,10100.0,10128.25,Put CEX 3,CEX,0.0,,7700.0
2025-05-21 07:02:55,10100.0,10128.25,Put VEX 3,VEX,0.0,,7700.0
2025-05-21 07:02:55,10200.0,10228.5,Put CEX 2,CEX,0.0,,7700.0
2025-05-21 07:02:55,10200.0,10228.5,Put VEX 2,VEX,0.0,,7700.0
2025-05-21 07:02:55,10400.0,10429.25,Put CEX 1,CEX,0.0,,7700.0
2025-05-21 07:02:55,10400.0,10429.25,Put VEX 1,VEX,0.0,,7700.0
2025-05-21 07:02:55,12000.0,12033.5,Call CEX 1,CEX,0.0,,7700.0
2025-05-21 07:02:55,12000.0,12033.5,Call VEX 1,VEX,0.0,,7700.0
2025-05-21 07:04:14,200.0,200.5,Call CEX 2,CEX,0.0,,7700.0
2025-05-21 07:04:14,200.0,200.5,Call VEX 2,VEX,0.0,,7700.0
2025-05-21 07:04:14,400.0,401.25,Call CEX 3,CEX,0.0,,7700.0
2025-05-21 07:04:14,400.0,401.25,Call VEX 3,VEX,0.0,,7700.0
2025-05-21 07:04:14,600.0,601.75,Call CEX 4,CEX,0.0,,7700.0
2025-05-21 07:04:14,600.0,601.75,Call VEX 4,VEX,0.0,,7700.0
2025-05-21 07:04:14,800.0,802.25,Call CEX 5,CEX,0.0,,7700.0
2025-05-21 07:04:14,800.0,802.25,Call VEX 5,VEX,0.0,,7700.0
2025-05-21 07:04:14,4000.0,4011.75,Call DEX 1,DEX,888.528,,7700.0
2025-05-21 07:04:14,4750.0,4764.0,Put DEX 5,DEX,-47.363,,7700.0
2025-05-21 07:04:14,4800.0,4814.0,Put DEX 1,DEX,-261.502,,7700.0
2025-05-21 07:04:14,4800.0,4814.0,Put GEX 1,GEX,-76567.15,,7700.0
2025-05-21 07:04:14,4850.0,4864.25,Put DEX 2,DEX,-223.807,,7700.0
2025-05-21 07:04:14,4850.0,4864.25,Put GEX 2,GEX,-66645.28,,7700.0
2025-05-21 07:04:14,5000.0,5014.5,Call DEX 2,DEX,757.189,,7700.0
2025-05-21 07:04:14,5200.0,5215.25,Put DEX 4,DEX,-55.897,,7700.0
2025-05-21 07:04:14,5200.0,5215.25,Put GEX 4,GEX,-42105.987,,7700.0
2025-05-21 07:04:14,5300.0,5315.5,Put GEX 5,GEX,-27410.218,,7700.0
2025-05-21 07:04:14,5310.0,5325.5,Put DEX 3,DEX,-86.041,,7700.0
2025-05-21 07:04:14,5310.0,5325.5,Put GEX 3,GEX,-46703.474,,7700.0
2025-05-21 07:04:14,5700.0,5716.75,Call DEX 5,DEX,113.158,,7700.0
2025-05-21 07:04:14,5905.0,5922.25,Call DEX 3,DEX,137.289,,7700.0
2025-05-21 07:04:14,5905.0,5922.25,Call GEX 3,GEX,131480.608,,7700.0
2025-05-21 07:04:14,6000.0,6017.5,Call GEX 1,GEX,226329.829,,7700.0
2025-05-21 07:04:14,6050.0,6067.75,Call GEX 5,GEX,90331.209,,7700.0
2025-05-21 07:04:14,6100.0,6117.75,Call DEX 4,DEX,116.323,,7700.0
2025-05-21 07:04:14,6100.0,6117.75,Call GEX 2,GEX,206443.058,,7700.0
2025-05-21 07:04:14,6200.0,6218.0,Call GEX 4,GEX,108973.939,,7700.0
2025-05-21 07:04:14,9600.0,9628.0,Put CEX 5,CEX,0.0,,7700.0
2025-05-21 07:04:14,9600.0,9628.0,Put VEX 5,VEX,0.0,,7700.0
2025-05-21 07:04:14,10000.0,10029.25,Put CEX 4,CEX,0.0,,7700.0
2025-05-21 07:04:14,10000.0,10029.25,Put VEX 4,VEX,0.0,,7700.0
2025-05-21 07:04:14,10100.0,10129.5,Put CEX 3,CEX,0.0,,7700.0
2025-05-21 07:04:14,10100.0,10129.5,Put VEX 3,VEX,0.0,,7700.0
2025-05-21 07:04:14,10200.0,10229.75,Put CEX 2,CEX,0.0,,7700.0
2025-05-21 07:04:14,10200.0,10229.75,Put VEX 2,VEX,0.0,,7700.0
2025-05-21 07:04:14,10400.0,10430.5,Put CEX 1,CEX,0.0,,7700.0
2025-05-21 07:04:14,10400.0,10430.5,Put VEX 1,VEX,0.0,,7700.0
2025-05-21 07:04:14,12000.0,12035.0,Call CEX 1,CEX,0.0,,7700.0
2025-05-21 07:04:14,12000.0,12035.0,Call VEX 1,VEX,0.0,,7700.0
2025-05-21 07:05:33,200.0,200.5,Call CEX 2,CEX,0.0,,7700.0
2025-05-21 07:05:33,200.0,200.5,Call VEX 2,VEX,0.0,,7700.0
2025-05-21 07:05:33,400.0,401.25,Call CEX 3,CEX,0.0,,7700.0
2025-05-21 07:05:33,400.0,401.25,Call VEX 3,VEX,0.0,,7700.0
2025-05-21 07:05:33,600.0,601.75,Call CEX 4,CEX,0.0,,7700.0
2025-05-21 07:05:33,600.0,601.75,Call VEX 4,VEX,0.0,,7700.0
2025-05-21 07:05:33,800.0,802.25,Call CEX 5,CEX,0.0,,7700.0
2025-05-21 07:05:33,800.0,802.25,Call VEX 5,VEX,0.0,,7700.0
2025-05-21 07:05:33,4000.0,4011.75,Call DEX 1,DEX,888.791,,7700.0
2025-05-21 07:05:33,4750.0,4764.0,Put DEX 5,DEX,-47.356,,7700.0
2025-05-21 07:05:33,4800.0,4814.0,Put DEX 1,DEX,-261.485,,7700.0
2025-05-21 07:05:33,4800.0,4814.0,Put GEX 1,GEX,-76530.433,,7700.0
2025-05-21 07:05:33,4850.0,4864.25,Put DEX 2,DEX,-223.809,,7700.0
2025-05-21 07:05:33,4850.0,4864.25,Put GEX 2,GEX,-66612.345,,7700.0
2025-05-21 07:05:33,5000.0,5014.5,Call DEX 2,DEX,757.221,,7700.0
2025-05-21 07:05:33,5200.0,5215.25,Put DEX 4,DEX,-55.883,,7700.0
2025-05-21 07:05:33,5200.0,5215.25,Put GEX 4,GEX,-42092.276,,7700.0
2025-05-21 07:05:33,5300.0,5315.5,Put GEX 5,GEX,-27407.745,,7700.0
2025-05-21 07:05:33,5310.0,5325.5,Put DEX 3,DEX,-86.009,,7700.0
2025-05-21 07:05:33,5310.0,5325.5,Put GEX 3,GEX,-46691.299,,7700.0
2025-05-21 07:05:33,5700.0,5716.75,Call DEX 5,DEX,113.515,,7700.0
2025-05-21 07:05:33,5905.0,5922.25,Call DEX 3,DEX,137.465,,7700.0
2025-05-21 07:05:33,5905.0,5922.25,Call GEX 3,GEX,131797.198,,7700.0
2025-05-21 07:05:33,6000.0,6017.5,Call GEX 1,GEX,226723.529,,7700.0
2025-05-21 07:05:33,6050.0,6067.75,Call GEX 5,GEX,90399.451,,7700.0
2025-05-21 07:05:33,6100.0,6117.75,Call DEX 4,DEX,116.502,,7700.0
2025-05-21 07:05:33,6100.0,6117.75,Call GEX 2,GEX,206988.865,,7700.0
2025-05-21 07:05:33,6200.0,6218.25,Call GEX 4,GEX,109174.008,,7700.0
2025-05-21 07:05:33,9600.0,9628.0,Put CEX 5,CEX,0.0,,7700.0
2025-05-21 07:05:33,9600.0,9628.0,Put VEX 5,VEX,0.0,,7700.0
2025-05-21 07:05:33,10000.0,10029.25,Put CEX 4,CEX,0.0,,7700.0
2025-05-21 07:05:33,10000.0,10029.25,Put VEX 4,VEX,0.0,,7700.0
2025-05-21 07:05:33,10100.0,10129.5,Put CEX 3,CEX,0.0,,7700.0
2025-05-21 07:05:33,10100.0,10129.5,Put VEX 3,VEX,0.0,,7700.0
2025-05-21 07:05:33,10200.0,10229.75,Put CEX 2,CEX,0.0,,7700.0
2025-05-21 07:05:33,10200.0,10229.75,Put VEX 2,VEX,0.0,,7700.0
2025-05-21 07:05:33,10400.0,10430.5,Put CEX 1,CEX,0.0,,7700.0
2025-05-21 07:05:33,10400.0,10430.5,Put VEX 1,VEX,0.0,,7700.0
2025-05-21 07:05:33,12000.0,12035.0,Call CEX 1,CEX,0.0,,7700.0
2025-05-21 07:05:33,12000.0,12035.0,Call VEX 1,VEX,0.0,,7700.0
2025-05-21 07:06:49,200.0,200.5,Call CEX 2,CEX,0.0,,7700.0
2025-05-21 07:06:49,200.0,200.5,Call VEX 2,VEX,0.0,,7700.0
2025-05-21 07:06:49,400.0,401.25,Call CEX 3,CEX,0.0,,7700.0
2025-05-21 07:06:49,400.0,401.25,Call VEX 3,VEX,0.0,,7700.0
2025-05-21 07:06:49,600.0,601.75,Call CEX 4,CEX,0.0,,7700.0
2025-05-21 07:06:49,600.0,601.75,Call VEX 4,VEX,0.0,,7700.0
2025-05-21 07:06:49,800.0,802.25,Call CEX 5,CEX,0.0,,7700.0
2025-05-21 07:06:49,800.0,802.25,Call VEX 5,VEX,0.0,,7700.0
2025-05-21 07:06:49,4000.0,4011.5,Call DEX 1,DEX,887.936,,7700.0
2025-05-21 07:06:49,4750.0,4763.5,Put DEX 5,DEX,-47.373,,7700.0
2025-05-21 07:06:49,4800.0,4813.75,Put DEX 1,DEX,-261.49,,7700.0
2025-05-21 07:06:49,4800.0,4813.75,Put GEX 1,GEX,-76593.963,,7700.0
2025-05-21 07:06:49,4850.0,4863.75,Put DEX 2,DEX,-223.768,,7700.0
2025-05-21 07:06:49,4850.0,4863.75,Put GEX 2,GEX,-66666.665,,7700.0
2025-05-21 07:06:49,5000.0,5014.25,Call DEX 2,DEX,753.459,,7700.0
2025-05-21 07:06:49,5200.0,5214.75,Put DEX 4,DEX,-56.063,,7700.0
2025-05-21 07:06:49,5200.0,5214.75,Put GEX 4,GEX,-42300.426,,7700.0
2025-05-21 07:06:49,5300.0,5315.0,Put GEX 5,GEX,-27719.684,,7700.0
2025-05-21 07:06:49,5310.0,5325.0,Put DEX 3,DEX,-86.004,,7700.0
2025-05-21 07:06:49,5310.0,5325.0,Put GEX 3,GEX,-46840.213,,7700.0
2025-05-21 07:06:49,5700.0,5716.25,Call DEX 5,DEX,112.665,,7700.0
2025-05-21 07:06:49,5905.0,5921.75,Call DEX 3,DEX,137.262,,7700.0
2025-05-21 07:06:49,5905.0,5921.75,Call GEX 3,GEX,128577.936,,7700.0
2025-05-21 07:06:49,6000.0,6017.0,Call GEX 2,GEX,193779.331,,7700.0
2025-05-21 07:06:49,6050.0,6067.25,Call GEX 5,GEX,87901.944,,7700.0
2025-05-21 07:06:49,6100.0,6117.25,Call DEX 4,DEX,116.48,,7700.0
2025-05-21 07:06:49,6100.0,6117.25,Call GEX 1,GEX,203484.888,,7700.0
2025-05-21 07:06:49,6200.0,6217.75,Call GEX 4,GEX,107821.784,,7700.0
2025-05-21 07:06:49,9600.0,9627.25,Put CEX 5,CEX,0.0,,7700.0
2025-05-21 07:06:49,9600.0,9627.25,Put VEX 5,VEX,0.0,,7700.0
2025-05-21 07:06:49,10000.0,10028.5,Put CEX 4,CEX,0.0,,7700.0
2025-05-21 07:06:49,10000.0,10028.5,Put VEX 4,VEX,0.0,,7700.0
2025-05-21 07:06:49,10100.0,10128.75,Put CEX 3,CEX,0.0,,7700.0
2025-05-21 07:06:49,10100.0,10128.75,Put VEX 3,VEX,0.0,,7700.0
2025-05-21 07:06:49,10200.0,10229.0,Put CEX 2,CEX,0.0,,7700.0
2025-05-21 07:06:49,10200.0,10229.0,Put VEX 2,VEX,0.0,,7700.0
2025-05-21 07:06:49,10400.0,10429.5,Put CEX 1,CEX,0.0,,7700.0
2025-05-21 07:06:49,10400.0,10429.5,Put VEX 1,VEX,0.0,,7700.0
2025-05-21 07:06:49,12000.0,12034.25,Call CEX 1,CEX,0.0,,7700.0
2025-05-21 07:06:49,12000.0,12034.25,Call VEX 1,VEX,0.0,,7700.0
2025-05-21 07:08:07,200.0,200.5,Call CEX 2,CEX,0.0,,7700.0
2025-05-21 07:08:07,200.0,200.5,Call VEX 2,VEX,0.0,,7700.0
2025-05-21 07:08:07,400.0,401.0,Call CEX 3,CEX,0.0,,7700.0
2025-05-21 07:08:07,400.0,401.0,Call VEX 3,VEX,0.0,,7700.0
2025-05-21 07:08:07,600.0,601.75,Call CEX 4,CEX,0.0,,7700.0
2025-05-21 07:08:07,600.0,601.75,Call VEX 4,VEX,0.0,,7700.0
2025-05-21 07:08:07,800.0,802.25,Call CEX 5,CEX,0.0,,7700.0
2025-05-21 07:08:07,800.0,802.25,Call VEX 5,VEX,0.0,,7700.0
2025-05-21 07:08:07,4000.0,4011.0,Call DEX 1,DEX,889.505,,7700.0
2025-05-21 07:08:07,4750.0,4763.0,Put DEX 5,DEX,-47.345,,7700.0
2025-05-21 07:08:07,4800.0,4813.25,Put DEX 1,DEX,-261.487,,7700.0
2025-05-21 07:08:07,4800.0,4813.25,Put GEX 1,GEX,-76408.142,,7700.0
2025-05-21 07:08:07,4850.0,4863.25,Put DEX 2,DEX,-223.809,,7700.0
2025-05-21 07:08:07,4850.0,4863.25,Put GEX 2,GEX,-66508.495,,7700.0
2025-05-21 07:08:07,5000.0,5013.75,Call DEX 2,DEX,761.793,,7700.0
2025-05-21 07:08:07,5200.0,5214.25,Put DEX 4,DEX,-55.572,,7700.0
2025-05-21 07:08:07,5200.0,5214.25,Put GEX 4,GEX,-41814.928,,7700.0
2025-05-21 07:08:07,5300.0,5314.5,Put GEX 5,GEX,-27010.922,,7700.0
2025-05-21 07:08:07,5310.0,5324.5,Put DEX 3,DEX,-85.918,,7700.0
2025-05-21 07:08:07,5310.0,5324.5,Put GEX 3,GEX,-46504.904,,7700.0
2025-05-21 07:08:07,5700.0,5715.75,Call DEX 5,DEX,115.666,,7700.0
2025-05-21 07:08:07,5905.0,5921.25,Call DEX 3,DEX,137.99,,7700.0
2025-05-21 07:08:07,5905.0,5921.25,Call GEX 3,GEX,134014.138,,7700.0
2025-05-21 07:08:07,6000.0,6016.5,Call GEX 1,GEX,247614.38,,7700.0
2025-05-21 07:08:07,6050.0,6066.5,Call GEX 5,GEX,92739.033,,7700.0
2025-05-21 07:08:07,6100.0,6116.75,Call DEX 4,DEX,116.913,,7700.0
2025-05-21 07:08:07,6100.0,6116.75,Call GEX 2,GEX,211178.301,,7700.0
2025-05-21 07:08:07,6200.0,6217.0,Call GEX 4,GEX,110633.519,,7700.0
2025-05-21 07:08:07,9600.0,9626.25,Put CEX 5,CEX,0.0,,7700.0
2025-05-21 07:08:07,9600.0,9626.25,Put VEX 5,VEX,0.0,,7700.0
2025-05-21 07:08:07,10000.0,10027.5,Put CEX 4,CEX,0.0,,7700.0
2025-05-21 07:08:07,10000.0,10027.5,Put VEX 4,VEX,0.0,,7700.0
2025-05-21 07:08:07,10100.0,10127.75,Put CEX 3,CEX,0.0,,7700.0
2025-05-21 07:08:07,10100.0,10127.75,Put VEX 3,VEX,0.0,,7700.0
2025-05-21 07:08:07,10200.0,10228.0,Put CEX 2,CEX,0.0,,7700.0
2025-05-21 07:08:07,10200.0,10228.0,Put VEX 2,VEX,0.0,,7700.0
2025-05-21 07:08:07,10400.0,10428.5,Put CEX 1,CEX,0.0,,7700.0
2025-05-21 07:08:07,10400.0,10428.5,Put VEX 1,VEX,0.0,,7700.0
2025-05-21 07:08:07,12000.0,12033.0,Call CEX 1,CEX,0.0,,7700.0
2025-05-21 07:08:07,12000.0,12033.0,Call VEX 1,VEX,0.0,,7700.0
2025-05-21 07:09:23,200.0,200.5,Call CEX 2,CEX,0.0,,7700.0
2025-05-21 07:09:23,200.0,200.5,Call VEX 2,VEX,0.0,,7700.0
2025-05-21 07:09:23,400.0,401.25,Call CEX 3,CEX,0.0,,7700.0
2025-05-21 07:09:23,400.0,401.25,Call VEX 3,VEX,0.0,,7700.0
2025-05-21 07:09:23,600.0,601.75,Call CEX 4,CEX,0.0,,7700.0
2025-05-21 07:09:23,600.0,601.75,Call VEX 4,VEX,0.0,,7700.0
2025-05-21 07:09:23,800.0,802.25,Call CEX 5,CEX,0.0,,7700.0
2025-05-21 07:09:23,800.0,802.25,Call VEX 5,VEX,0.0,,7700.0
2025-05-21 07:09:23,4000.0,4011.75,Call DEX 1,DEX,888.616,,7700.0
2025-05-21 07:09:23,4750.0,4764.0,Put DEX 5,DEX,-47.354,,7700.0
2025-05-21 07:09:23,4800.0,4814.25,Put DEX 1,DEX,-261.474,,7700.0
2025-05-21 07:09:23,4800.0,4814.25,Put GEX 1,GEX,-76551.573,,7700.0
2025-05-21 07:09:23,4850.0,4864.25,Put DEX 2,DEX,-223.781,,7700.0
2025-05-21 07:09:23,4850.0,4864.25,Put GEX 2,GEX,-66630.642,,7700.0
2025-05-21 07:09:23,5000.0,5014.75,Call DEX 2,DEX,759.132,,7700.0
2025-05-21 07:09:23,5200.0,5215.25,Put DEX 4,DEX,-55.738,,7700.0
2025-05-21 07:09:23,5200.0,5215.25,Put GEX 4,GEX,-42014.455,,7700.0
2025-05-21 07:09:23,5300.0,5315.5,Put GEX 5,GEX,-27260.974,,7700.0
2025-05-21 07:09:23,5310.0,5325.75,Put DEX 3,DEX,-85.98,,7700.0
2025-05-21 07:09:23,5310.0,5325.75,Put GEX 3,GEX,-46654.544,,7700.0
2025-05-21 07:09:23,5700.0,5716.75,Call DEX 5,DEX,114.153,,7700.0
2025-05-21 07:09:23,5905.0,5922.5,Call DEX 3,DEX,137.462,,7700.0
2025-05-21 07:09:23,5905.0,5922.5,Call GEX 3,GEX,132996.671,,7700.0
2025-05-21 07:09:23,6000.0,6017.75,Call GEX 1,GEX,237702.025,,7700.0
2025-05-21 07:09:23,6050.0,6067.75,Call GEX 5,GEX,91261.056,,7700.0
2025-05-21 07:09:23,6100.0,6118.0,Call DEX 4,DEX,116.376,,7700.0
2025-05-21 07:09:23,6100.0,6118.0,Call GEX 2,GEX,208042.011,,7700.0
2025-05-21 07:09:23,6200.0,6218.25,Call GEX 4,GEX,109465.591,,7700.0
2025-05-21 07:09:23,9600.0,9628.25,Put CEX 5,CEX,0.0,,7700.0
2025-05-21 07:09:23,9600.0,9628.25,Put VEX 5,VEX,0.0,,7700.0
2025-05-21 07:09:23,10000.0,10029.5,Put CEX 4,CEX,0.0,,7700.0
2025-05-21 07:09:23,10000.0,10029.5,Put VEX 4,VEX,0.0,,7700.0
2025-05-21 07:09:23,10100.0,10129.75,Put CEX 3,CEX,0.0,,7700.0
2025-05-21 07:09:23,10100.0,10129.75,Put VEX 3,VEX,0.0,,7700.0
2025-05-21 07:09:23,10200.0,10230.0,Put CEX 2,CEX,0.0,,7700.0
2025-05-21 07:09:23,10200.0,10230.0,Put VEX 2,VEX,0.0,,7700.0
2025-05-21 07:09:23,10400.0,10430.5,Put CEX 1,CEX,0.0,,7700.0
2025-05-21 07:09:23,10400.0,10430.5,Put VEX 1,VEX,0.0,,7700.0
2025-05-21 07:09:23,12000.0,12035.25,Call CEX 1,CEX,0.0,,7700.0
2025-05-21 07:09:23,12000.0,12035.25,Call VEX 1,VEX,0.0,,7700.0
2025-05-21 07:10:41,200.0,200.5,Call CEX 2,CEX,0.0,,7700.0
2025-05-21 07:10:41,200.0,200.5,Call VEX 2,VEX,0.0,,7700.0
2025-05-21 07:10:41,400.0,401.0,Call CEX 3,CEX,0.0,,7700.0
2025-05-21 07:10:41,400.0,401.0,Call VEX 3,VEX,0.0,,7700.0
2025-05-21 07:10:41,600.0,601.5,Call CEX 4,CEX,0.0,,7700.0
2025-05-21 07:10:41,600.0,601.5,Call VEX 4,VEX,0.0,,7700.0
2025-05-21 07:10:41,800.0,802.25,Call CEX 5,CEX,0.0,,7700.0
2025-05-21 07:10:41,800.0,802.25,Call VEX 5,VEX,0.0,,7700.0
2025-05-21 07:10:41,4000.0,4010.75,Call DEX 1,DEX,888.462,,7700.0
2025-05-21 07:10:41,4750.0,4762.75,Put DEX 5,DEX,-47.354,,7700.0
2025-05-21 07:10:41,4800.0,4812.75,Put DEX 1,DEX,-261.476,,7700.0
2025-05-21 07:10:41,4800.0,4812.75,Put GEX 1,GEX,-76574.583,,7700.0
2025-05-21 07:10:41,4850.0,4863.0,Put DEX 2,DEX,-223.777,,7700.0
2025-05-21 07:10:41,4850.0,4863.0,Put GEX 2,GEX,-66654.38,,7700.0
2025-05-21 07:10:41,5000.0,5013.25,Call DEX 2,DEX,757.18,,7700.0
2025-05-21 07:10:41,5200.0,5214.0,Put DEX 4,DEX,-55.626,,7700.0
2025-05-21 07:10:41,5200.0,5214.0,Put GEX 4,GEX,-41967.862,,7700.0
2025-05-21 07:10:41,5300.0,5314.25,Put GEX 5,GEX,-27404.684,,7700.0
2025-05-21 07:10:41,5310.0,5324.25,Put DEX 3,DEX,-85.998,,7700.0
2025-05-21 07:10:41,5310.0,5324.25,Put GEX 3,GEX,-46736.762,,7700.0
2025-05-21 07:10:41,5700.0,5715.25,Call DEX 5,DEX,113.378,,7700.0
2025-05-21 07:10:41,5905.0,5920.75,Call DEX 3,DEX,137.35,,7700.0
2025-05-21 07:10:41,5905.0,5920.75,Call GEX 3,GEX,132110.35,,7700.0
2025-05-21 07:10:41,6000.0,6016.0,Call GEX 1,GEX,227395.339,,7700.0
2025-05-21 07:10:41,6050.0,6066.25,Call GEX 5,GEX,90316.201,,7700.0
2025-05-21 07:10:41,6100.0,6116.25,Call DEX 4,DEX,116.268,,7700.0
2025-05-21 07:10:41,6100.0,6116.25,Call GEX 2,GEX,206446.096,,7700.0
2025-05-21 07:10:41,6200.0,6216.5,Call GEX 4,GEX,109042.491,,7700.0
2025-05-21 07:10:41,9600.0,9625.5,Put CEX 5,CEX,0.0,,7700.0
2025-05-21 07:10:41,9600.0,9625.5,Put VEX 5,VEX,0.0,,7700.0
2025-05-21 07:10:41,10000.0,10026.75,Put CEX 4,CEX,0.0,,7700.0
2025-05-21 07:10:41,10000.0,10026.75,Put VEX 4,VEX,0.0,,7700.0
2025-05-21 07:10:41,10100.0,10127.0,Put CEX 3,CEX,0.0,,7700.0
2025-05-21 07:10:41,10100.0,10127.0,Put VEX 3,VEX,0.0,,7700.0
2025-05-21 07:10:41,10200.0,10227.25,Put CEX 2,CEX,0.0,,7700.0
2025-05-21 07:10:41,10200.0,10227.25,Put VEX 2,VEX,0.0,,7700.0
2025-05-21 07:10:41,10400.0,10427.75,Put CEX 1,CEX,0.0,,7700.0
2025-05-21 07:10:41,10400.0,10427.75,Put VEX 1,VEX,0.0,,7700.0
2025-05-21 07:10:41,12000.0,12032.0,Call CEX 1,CEX,0.0,,7700.0
2025-05-21 07:10:41,12000.0,12032.0,Call VEX 1,VEX,0.0,,7700.0
2025-05-21 07:11:58,200.0,200.5,Call CEX 2,CEX,0.0,,7700.0
2025-05-21 07:11:58,200.0,200.5,Call VEX 2,VEX,0.0,,7700.0
2025-05-21 07:11:58,400.0,401.25,Call CEX 3,CEX,0.0,,7700.0
2025-05-21 07:11:58,400.0,401.25,Call VEX 3,VEX,0.0,,7700.0
2025-05-21 07:11:58,600.0,601.75,Call CEX 4,CEX,0.0,,7700.0
2025-05-21 07:11:58,600.0,601.75,Call VEX 4,VEX,0.0,,7700.0
2025-05-21 07:11:58,800.0,802.25,Call CEX 5,CEX,0.0,,7700.0
2025-05-21 07:11:58,800.0,802.25,Call VEX 5,VEX,0.0,,7700.0
2025-05-21 07:11:58,4000.0,4011.5,Call DEX 1,DEX,888.401,,7700.0
2025-05-21 07:11:58,4750.0,4763.75,Put DEX 5,DEX,-47.347,,7700.0
2025-05-21 07:11:58,4800.0,4813.75,Put DEX 1,DEX,-261.451,,7700.0
2025-05-21 07:11:58,4800.0,4813.75,Put GEX 1,GEX,-76665.85,,7700.0
2025-05-21 07:11:58,4850.0,4864.0,Put DEX 2,DEX,-223.773,,7700.0
2025-05-21 07:11:58,4850.0,4864.0,Put GEX 2,GEX,-66735.346,,7700.0
2025-05-21 07:11:58,5000.0,5014.5,Call DEX 2,DEX,759.804,,7700.0
2025-05-21 07:11:58,5200.0,5215.0,Put DEX 4,DEX,-55.73,,7700.0
2025-05-21 07:11:58,5200.0,5215.0,Put GEX 4,GEX,-42049.201,,7700.0
2025-05-21 07:11:58,5300.0,5315.25,Put GEX 5,GEX,-27200.291,,7700.0
2025-05-21 07:11:58,5310.0,5325.25,Put DEX 3,DEX,-86.023,,7700.0
2025-05-21 07:11:58,5310.0,5325.25,Put GEX 3,GEX,-46735.839,,7700.0
2025-05-21 07:11:58,5700.0,5716.5,Call DEX 5,DEX,113.55,,7700.0
2025-05-21 07:11:58,5905.0,5922.0,Call DEX 3,DEX,136.983,,7700.0
2025-05-21 07:11:58,5905.0,5922.0,Call GEX 3,GEX,134461.624,,7700.0
2025-05-21 07:11:58,6000.0,6017.25,Call GEX 1,GEX,247722.085,,7700.0
2025-05-21 07:11:58,6050.0,6067.5,Call GEX 5,GEX,91647.841,,7700.0
2025-05-21 07:11:58,6100.0,6117.5,Call DEX 4,DEX,115.584,,7700.0
2025-05-21 07:11:58,6100.0,6117.5,Call GEX 2,GEX,207647.849,,7700.0
2025-05-21 07:11:58,6200.0,6217.75,Call GEX 4,GEX,108951.45,,7700.0
2025-05-21 07:11:58,9600.0,9627.75,Put CEX 5,CEX,0.0,,7700.0
2025-05-21 07:11:58,9600.0,9627.75,Put VEX 5,VEX,0.0,,7700.0
2025-05-21 07:11:58,10000.0,10028.75,Put CEX 4,CEX,0.0,,7700.0
2025-05-21 07:11:58,10000.0,10028.75,Put VEX 4,VEX,0.0,,7700.0
2025-05-21 07:11:58,10100.0,10129.0,Put CEX 3,CEX,0.0,,7700.0
2025-05-21 07:11:58,10100.0,10129.0,Put VEX 3,VEX,0.0,,7700.0
2025-05-21 07:11:58,10200.0,10229.25,Put CEX 2,CEX,0.0,,7700.0
2025-05-21 07:11:58,10200.0,10229.25,Put VEX 2,VEX,0.0,,7700.0
2025-05-21 07:11:58,10400.0,10430.0,Put CEX 1,CEX,0.0,,7700.0
2025-05-21 07:11:58,10400.0,10430.0,Put VEX 1,VEX,0.0,,7700.0
2025-05-21 07:11:58,12000.0,12034.5,Call CEX 1,CEX,0.0,,7700.0
2025-05-21 07:11:58,12000.0,12034.5,Call VEX 1,VEX,0.0,,7700.0
2025-05-21 07:13:14,200.0,200.5,Call CEX 2,CEX,0.0,,7700.0
2025-05-21 07:13:14,200.0,200.5,Call VEX 2,VEX,0.0,,7700.0
2025-05-21 07:13:14,400.0,401.25,Call CEX 3,CEX,0.0,,7700.0
2025-05-21 07:13:14,400.0,401.25,Call VEX 3,VEX,0.0,,7700.0
2025-05-21 07:13:14,600.0,601.75,Call CEX 4,CEX,0.0,,7700.0
2025-05-21 07:13:14,600.0,601.75,Call VEX 4,VEX,0.0,,7700.0
2025-05-21 07:13:14,800.0,802.25,Call CEX 5,CEX,0.0,,7700.0
2025-05-21 07:13:14,800.0,802.25,Call VEX 5,VEX,0.0,,7700.0
2025-05-21 07:13:14,4000.0,4011.5,Call DEX 1,DEX,887.48,,7700.0
2025-05-21 07:13:14,4750.0,4763.5,Put DEX 5,DEX,-47.357,,7700.0
2025-05-21 07:13:14,4800.0,4813.75,Put DEX 1,DEX,-261.432,,7700.0
2025-05-21 07:13:14,4800.0,4813.75,Put GEX 1,GEX,-76819.057,,7700.0
2025-05-21 07:13:14,4850.0,4864.0,Put DEX 2,DEX,-223.732,,7700.0
2025-05-21 07:13:14,4850.0,4864.0,Put GEX 2,GEX,-66871.012,,7700.0
2025-05-21 07:13:14,5000.0,5014.25,Call DEX 2,DEX,756.432,,7700.0
2025-05-21 07:13:14,5200.0,5215.0,Put DEX 4,DEX,-55.931,,7700.0
2025-05-21 07:13:14,5200.0,5215.0,Put GEX 4,GEX,-42288.929,,7700.0
2025-05-21 07:13:14,5300.0,5315.25,Put GEX 5,GEX,-27502.482,,7700.0
2025-05-21 07:13:14,5310.0,5325.25,Put DEX 3,DEX,-86.089,,7700.0
2025-05-21 07:13:14,5310.0,5325.25,Put GEX 3,GEX,-46923.499,,7700.0
2025-05-21 07:13:14,5700.0,5716.25,Call DEX 5,DEX,111.967,,7700.0
2025-05-21 07:13:14,5905.0,5922.0,Call DEX 3,DEX,136.413,,7700.0
2025-05-21 07:13:14,5905.0,5922.0,Call GEX 3,GEX,132538.655,,7700.0
2025-05-21 07:13:14,6000.0,6017.25,Call GEX 1,GEX,227537.633,,7700.0
2025-05-21 07:13:14,6050.0,6067.25,Call GEX 5,GEX,89596.615,,7700.0
2025-05-21 07:13:14,6100.0,6117.5,Call DEX 4,DEX,115.147,,7700.0
2025-05-21 07:13:14,6100.0,6117.5,Call GEX 2,GEX,204111.235,,7700.0
2025-05-21 07:13:14,6200.0,6217.75,Call GEX 4,GEX,107608.074,,7700.0
2025-05-21 07:13:14,9600.0,9627.5,Put CEX 5,CEX,0.0,,7700.0
2025-05-21 07:13:14,9600.0,9627.5,Put VEX 5,VEX,0.0,,7700.0
2025-05-21 07:13:14,10000.0,10028.75,Put CEX 4,CEX,0.0,,7700.0
2025-05-21 07:13:14,10000.0,10028.75,Put VEX 4,VEX,0.0,,7700.0
2025-05-21 07:13:14,10100.0,10129.0,Put CEX 3,CEX,0.0,,7700.0
2025-05-21 07:13:14,10100.0,10129.0,Put VEX 3,VEX,0.0,,7700.0
2025-05-21 07:13:14,10200.0,10229.25,Put CEX 2,CEX,0.0,,7700.0
2025-05-21 07:13:14,10200.0,10229.25,Put VEX 2,VEX,0.0,,7700.0
2025-05-21 07:13:14,10400.0,10429.75,Put CEX 1,CEX,0.0,,7700.0
2025-05-21 07:13:14,10400.0,10429.75,Put VEX 1,VEX,0.0,,7700.0
2025-05-21 07:13:14,12000.0,12034.5,Call CEX 1,CEX,0.0,,7700.0
2025-05-21 07:13:14,12000.0,12034.5,Call VEX 1,VEX,0.0,,7700.0
2025-05-21 07:14:31,200.0,200.5,Call CEX 2,CEX,0.0,,7700.0
2025-05-21 07:14:31,200.0,200.5,Call VEX 2,VEX,0.0,,7700.0
2025-05-21 07:14:31,400.0,401.25,Call CEX 3,CEX,0.0,,7700.0
2025-05-21 07:14:31,400.0,401.25,Call VEX 3,VEX,0.0,,7700.0
2025-05-21 07:14:31,600.0,601.75,Call CEX 4,CEX,0.0,,7700.0
2025-05-21 07:14:31,600.0,601.75,Call VEX 4,VEX,0.0,,7700.0
2025-05-21 07:14:31,800.0,802.25,Call CEX 5,CEX,0.0,,7700.0
2025-05-21 07:14:31,800.0,802.25,Call VEX 5,VEX,0.0,,7700.0
2025-05-21 07:14:31,4000.0,4011.5,Call DEX 1,DEX,887.262,,7700.0
2025-05-21 07:14:31,4750.0,4763.5,Put DEX 5,DEX,-47.35,,7700.0
2025-05-21 07:14:31,4800.0,4813.75,Put DEX 1,DEX,-261.389,,7700.0
2025-05-21 07:14:31,4800.0,4813.75,Put GEX 1,GEX,-76912.797,,7700.0
2025-05-21 07:14:31,4850.0,4864.0,Put DEX 2,DEX,-223.712,,7700.0
2025-05-21 07:14:31,4850.0,4864.0,Put GEX 2,GEX,-66957.395,,7700.0
2025-05-21 07:14:31,5000.0,5014.25,Call DEX 2,DEX,754.047,,7700.0
2025-05-21 07:14:31,5200.0,5215.0,Put DEX 4,DEX,-56.073,,7700.0
2025-05-21 07:14:31,5200.0,5215.0,Put GEX 4,GEX,-42462.481,,7700.0
2025-05-21 07:14:31,5300.0,5315.25,Put GEX 5,GEX,-27734.085,,7700.0
2025-05-21 07:14:31,5310.0,5325.25,Put DEX 3,DEX,-86.041,,7700.0
2025-05-21 07:14:31,5310.0,5325.25,Put GEX 3,GEX,-47014.588,,7700.0
2025-05-21 07:14:31,5700.0,5716.25,Call DEX 5,DEX,110.737,,7700.0
2025-05-21 07:14:31,5905.0,5922.0,Call DEX 3,DEX,136.026,,7700.0
2025-05-21 07:14:31,5905.0,5922.0,Call GEX 3,GEX,130685.265,,7700.0
2025-05-21 07:14:31,6000.0,6017.25,Call GEX 1,GEX,210448.003,,7700.0
2025-05-21 07:14:31,6050.0,6067.25,Call GEX 5,GEX,88073.059,,7700.0
2025-05-21 07:14:31,6100.0,6117.5,Call DEX 4,DEX,114.805,,7700.0
2025-05-21 07:14:31,6100.0,6117.5,Call GEX 2,GEX,201675.471,,7700.0
2025-05-21 07:14:31,6200.0,6217.75,Call GEX 4,GEX,106721.671,,7700.0
2025-05-21 07:14:31,9600.0,9627.5,Put CEX 5,CEX,0.0,,7700.0
2025-05-21 07:14:31,9600.0,9627.5,Put VEX 5,VEX,0.0,,7700.0
2025-05-21 07:14:31,10000.0,10028.5,Put CEX 4,CEX,0.0,,7700.0
2025-05-21 07:14:31,10000.0,10028.5,Put VEX 4,VEX,0.0,,7700.0
2025-05-21 07:14:31,10100.0,10129.0,Put CEX 3,CEX,0.0,,7700.0
2025-05-21 07:14:31,10100.0,10129.0,Put VEX 3,VEX,0.0,,7700.0
2025-05-21 07:14:31,10200.0,10229.25,Put CEX 2,CEX,0.0,,7700.0
2025-05-21 07:14:31,10200.0,10229.25,Put VEX 2,VEX,0.0,,7700.0
2025-05-21 07:14:31,10400.0,10429.75,Put CEX 1,CEX,0.0,,7700.0
2025-05-21 07:14:31,10400.0,10429.75,Put VEX 1,VEX,0.0,,7700.0
2025-05-21 07:14:31,12000.0,12034.25,Call CEX 1,CEX,0.0,,7700.0
2025-05-21 07:14:31,12000.0,12034.25,Call VEX 1,VEX,0.0,,7700.0
2025-05-21 07:15:49,200.0,200.5,Call CEX 2,CEX,0.0,,7700.0
2025-05-21 07:15:49,200.0,200.5,Call VEX 2,VEX,0.0,,7700.0
2025-05-21 07:15:49,400.0,401.25,Call CEX 3,CEX,0.0,,7700.0
2025-05-21 07:15:49,400.0,401.25,Call VEX 3,VEX,0.0,,7700.0
2025-05-21 07:15:49,600.0,601.75,Call CEX 4,CEX,0.0,,7700.0
2025-05-21 07:15:49,600.0,601.75,Call VEX 4,VEX,0.0,,7700.0
2025-05-21 07:15:49,800.0,802.25,Call CEX 5,CEX,0.0,,7700.0
2025-05-21 07:15:49,800.0,802.25,Call VEX 5,VEX,0.0,,7700.0
2025-05-21 07:15:49,4000.0,4011.5,Call DEX 1,DEX,887.853,,7700.0
2025-05-21 07:15:49,4750.0,4763.75,Put DEX 5,DEX,-47.344,,7700.0
2025-05-21 07:15:49,4800.0,4814.0,Put DEX 1,DEX,-261.422,,7700.0
2025-05-21 07:15:49,4800.0,4814.0,Put GEX 1,GEX,-76763.422,,7700.0
2025-05-21 07:15:49,4850.0,4864.0,Put DEX 2,DEX,-223.74,,7700.0
2025-05-21 07:15:49,4850.0,4864.0,Put GEX 2,GEX,-66826.516,,7700.0
2025-05-21 07:15:49,5000.0,5014.5,Call DEX 2,DEX,757.724,,7700.0
2025-05-21 07:15:49,5200.0,5215.0,Put DEX 4,DEX,-55.87,,7700.0
2025-05-21 07:15:49,5200.0,5215.0,Put GEX 4,GEX,-42218.884,,7700.0
2025-05-21 07:15:49,5300.0,5315.5,Put GEX 5,GEX,-27414.096,,7700.0
2025-05-21 07:15:49,5310.0,5325.5,Put DEX 3,DEX,-86.06,,7700.0
2025-05-21 07:15:49,5310.0,5325.5,Put GEX 3,GEX,-46862.566,,7700.0
2025-05-21 07:15:49,5700.0,5716.5,Call DEX 5,DEX,112.202,,7700.0
2025-05-21 07:15:49,5905.0,5922.25,Call DEX 3,DEX,136.602,,7700.0
2025-05-21 07:15:49,5905.0,5922.25,Call GEX 3,GEX,132967.807,,7700.0
2025-05-21 07:15:49,6000.0,6017.5,Call GEX 1,GEX,233267.575,,7700.0
2025-05-21 07:15:49,6050.0,6067.5,Call GEX 5,GEX,90512.044,,7700.0
2025-05-21 07:15:49,6100.0,6117.75,Call DEX 4,DEX,115.284,,7700.0
2025-05-21 07:15:49,6100.0,6117.75,Call GEX 2,GEX,205867.719,,7700.0
2025-05-21 07:15:49,6200.0,6218.0,Call GEX 4,GEX,108187.487,,7700.0
2025-05-21 07:15:49,9600.0,9628.0,Put CEX 5,CEX,0.0,,7700.0
2025-05-21 07:15:49,9600.0,9628.0,Put VEX 5,VEX,0.0,,7700.0
2025-05-21 07:15:49,10000.0,10029.0,Put CEX 4,CEX,0.0,,7700.0
2025-05-21 07:15:49,10000.0,10029.0,Put VEX 4,VEX,0.0,,7700.0
2025-05-21 07:15:49,10100.0,10129.25,Put CEX 3,CEX,0.0,,7700.0
2025-05-21 07:15:49,10100.0,10129.25,Put VEX 3,VEX,0.0,,7700.0
2025-05-21 07:15:49,10200.0,10229.5,Put CEX 2,CEX,0.0,,7700.0
2025-05-21 07:15:49,10200.0,10229.5,Put VEX 2,VEX,0.0,,7700.0
2025-05-21 07:15:49,10400.0,10430.25,Put CEX 1,CEX,0.0,,7700.0
2025-05-21 07:15:49,10400.0,10430.25,Put VEX 1,VEX,0.0,,7700.0
2025-05-21 07:15:49,12000.0,12034.75,Call CEX 1,CEX,0.0,,7700.0
2025-05-21 07:15:49,12000.0,12034.75,Call VEX 1,VEX,0.0,,7700.0
2025-05-21 07:17:07,200.0,200.5,Call CEX 2,CEX,0.0,,7700.0
2025-05-21 07:17:07,200.0,200.5,Call VEX 2,VEX,0.0,,7700.0
2025-05-21 07:17:07,400.0,401.25,Call CEX 3,CEX,0.0,,7700.0
2025-05-21 07:17:07,400.0,401.25,Call VEX 3,VEX,0.0,,7700.0
2025-05-21 07:17:07,600.0,601.75,Call CEX 4,CEX,0.0,,7700.0
2025-05-21 07:17:07,600.0,601.75,Call VEX 4,VEX,0.0,,7700.0
2025-05-21 07:17:07,800.0,802.25,Call CEX 5,CEX,0.0,,7700.0
2025-05-21 07:17:07,800.0,802.25,Call VEX 5,VEX,0.0,,7700.0
2025-05-21 07:17:07,4000.0,4011.5,Call DEX 1,DEX,887.301,,7700.0
2025-05-21 07:17:07,4750.0,4763.75,Put DEX 5,DEX,-47.358,,7700.0
2025-05-21 07:17:07,4800.0,4814.0,Put DEX 1,DEX,-261.411,,7700.0
2025-05-21 07:17:07,4800.0,4814.0,Put GEX 1,GEX,-76870.245,,7700.0
2025-05-21 07:17:07,4850.0,4864.0,Put DEX 2,DEX,-223.719,,7700.0
2025-05-21 07:17:07,4850.0,4864.0,Put GEX 2,GEX,-66914.823,,7700.0
2025-05-21 07:17:07,5000.0,5014.5,Call DEX 2,DEX,753.222,,7700.0
2025-05-21 07:17:07,5200.0,5215.0,Put DEX 4,DEX,-56.114,,7700.0
2025-05-21 07:17:07,5200.0,5215.0,Put GEX 4,GEX,-42476.007,,7700.0
2025-05-21 07:17:07,5300.0,5315.5,Put GEX 5,GEX,-27797.601,,7700.0
2025-05-21 07:17:07,5310.0,5325.5,Put DEX 3,DEX,-86.102,,7700.0
2025-05-21 07:17:07,5310.0,5325.5,Put GEX 3,GEX,-47048.534,,7700.0
2025-05-21 07:17:07,5700.0,5716.5,Call DEX 5,DEX,110.911,,7700.0
2025-05-21 07:17:07,5905.0,5922.25,Call DEX 3,DEX,136.22,,7700.0
2025-05-21 07:17:07,5905.0,5922.25,Call GEX 3,GEX,130139.672,,7700.0
2025-05-21 07:17:07,6000.0,6017.5,Call GEX 1,GEX,201709.735,,7700.0
2025-05-21 07:17:07,6050.0,6067.5,Call GEX 5,GEX,87714.701,,7700.0
2025-05-21 07:17:07,6100.0,6117.75,Call DEX 4,DEX,115.016,,7700.0
2025-05-21 07:17:07,6100.0,6117.75,Call GEX 2,GEX,201361.273,,7700.0
2025-05-21 07:17:07,6200.0,6218.0,Call GEX 4,GEX,106873.761,,7700.0
2025-05-21 07:17:07,9600.0,9627.75,Put CEX 5,CEX,0.0,,7700.0
2025-05-21 07:17:07,9600.0,9627.75,Put VEX 5,VEX,0.0,,7700.0
2025-05-21 07:17:07,10000.0,10029.0,Put CEX 4,CEX,0.0,,7700.0
2025-05-21 07:17:07,10000.0,10029.0,Put VEX 4,VEX,0.0,,7700.0
2025-05-21 07:17:07,10100.0,10129.25,Put CEX 3,CEX,0.0,,7700.0
2025-05-21 07:17:07,10100.0,10129.25,Put VEX 3,VEX,0.0,,7700.0
2025-05-21 07:17:07,10200.0,10229.5,Put CEX 2,CEX,0.0,,7700.0
2025-05-21 07:17:07,10200.0,10229.5,Put VEX 2,VEX,0.0,,7700.0
2025-05-21 07:17:07,10400.0,10430.25,Put CEX 1,CEX,0.0,,7700.0
2025-05-21 07:17:07,10400.0,10430.25,Put VEX 1,VEX,0.0,,7700.0
2025-05-21 07:17:07,12000.0,12034.75,Call CEX 1,CEX,0.0,,7700.0
2025-05-21 07:17:07,12000.0,12034.75,Call VEX 1,VEX,0.0,,7700.0
2025-05-21 07:18:27,200.0,200.5,Call CEX 2,CEX,0.0,,7700.0
2025-05-21 07:18:27,200.0,200.5,Call VEX 2,VEX,0.0,,7700.0
2025-05-21 07:18:27,400.0,401.25,Call CEX 3,CEX,0.0,,7700.0
2025-05-21 07:18:27,400.0,401.25,Call VEX 3,VEX,0.0,,7700.0
2025-05-21 07:18:27,600.0,601.75,Call CEX 4,CEX,0.0,,7700.0
2025-05-21 07:18:27,600.0,601.75,Call VEX 4,VEX,0.0,,7700.0
2025-05-21 07:18:27,800.0,802.25,Call CEX 5,CEX,0.0,,7700.0
2025-05-21 07:18:27,800.0,802.25,Call VEX 5,VEX,0.0,,7700.0
2025-05-21 07:18:27,4000.0,4011.75,Call DEX 1,DEX,888.225,,7700.0
2025-05-21 07:18:27,4750.0,4764.0,Put DEX 5,DEX,-47.344,,7700.0
2025-05-21 07:18:27,4800.0,4814.0,Put DEX 1,DEX,-261.42,,7700.0
2025-05-21 07:18:27,4800.0,4814.0,Put GEX 1,GEX,-76706.558,,7700.0
2025-05-21 07:18:27,4850.0,4864.25,Put DEX 2,DEX,-223.753,,7700.0
2025-05-21 07:18:27,4850.0,4864.25,Put GEX 2,GEX,-66775.117,,7700.0
2025-05-21 07:18:27,5000.0,5014.75,Call DEX 2,DEX,758.958,,7700.0
2025-05-21 07:18:27,5200.0,5215.25,Put DEX 4,DEX,-55.78,,7700.0
2025-05-21 07:18:27,5200.0,5215.25,Put GEX 4,GEX,-42117.711,,7700.0
2025-05-21 07:18:27,5300.0,5315.5,Put GEX 5,GEX,-27293.602,,7700.0
2025-05-21 07:18:27,5310.0,5325.5,Put DEX 3,DEX,-86.017,,7700.0
2025-05-21 07:18:27,5310.0,5325.5,Put GEX 3,GEX,-46798.313,,7700.0
2025-05-21 07:18:27,5700.0,5716.75,Call DEX 5,DEX,113.164,,7700.0
2025-05-21 07:18:27,5905.0,5922.25,Call DEX 3,DEX,136.829,,7700.0
2025-05-21 07:18:27,5905.0,5922.25,Call GEX 3,GEX,133677.34,,7700.0
2025-05-21 07:18:27,6000.0,6017.5,Call GEX 1,GEX,239725.534,,7700.0
2025-05-21 07:18:27,6050.0,6067.75,Call GEX 5,GEX,91047.552,,7700.0
2025-05-21 07:18:27,6100.0,6117.75,Call DEX 4,DEX,115.462,,7700.0
2025-05-21 07:18:27,6100.0,6117.75,Call GEX 2,GEX,206862.742,,7700.0
2025-05-21 07:18:27,6200.0,6218.25,Call GEX 4,GEX,108680.977,,7700.0
2025-05-21 07:18:27,9600.0,9628.0,Put CEX 5,CEX,0.0,,7700.0
2025-05-21 07:18:27,9600.0,9628.0,Put VEX 5,VEX,0.0,,7700.0
2025-05-21 07:18:27,10000.0,10029.25,Put CEX 4,CEX,0.0,,7700.0
2025-05-21 07:18:27,10000.0,10029.25,Put VEX 4,VEX,0.0,,7700.0
2025-05-21 07:18:27,10100.0,10129.5,Put CEX 3,CEX,0.0,,7700.0
2025-05-21 07:18:27,10100.0,10129.5,Put VEX 3,VEX,0.0,,7700.0
2025-05-21 07:18:27,10200.0,10229.75,Put CEX 2,CEX,0.0,,7700.0
2025-05-21 07:18:27,10200.0,10229.75,Put VEX 2,VEX,0.0,,7700.0
2025-05-21 07:18:27,10400.0,10430.5,Put CEX 1,CEX,0.0,,7700.0
2025-05-21 07:18:27,10400.0,10430.5,Put VEX 1,VEX,0.0,,7700.0
2025-05-21 07:18:27,12000.0,12035.25,Call CEX 1,CEX,0.0,,7700.0
2025-05-21 07:18:27,12000.0,12035.25,Call VEX 1,VEX,0.0,,7700.0
2025-05-21 07:19:46,200.0,200.5,Call CEX 2,CEX,0.0,,7700.0
2025-05-21 07:19:46,200.0,200.5,Call VEX 2,VEX,0.0,,7700.0
2025-05-21 07:19:46,400.0,401.25,Call CEX 3,CEX,0.0,,7700.0
2025-05-21 07:19:46,400.0,401.25,Call VEX 3,VEX,0.0,,7700.0
2025-05-21 07:19:46,600.0,601.75,Call CEX 4,CEX,0.0,,7700.0
2025-05-21 07:19:46,600.0,601.75,Call VEX 4,VEX,0.0,,7700.0
2025-05-21 07:19:46,800.0,802.25,Call CEX 5,CEX,0.0,,7700.0
2025-05-21 07:19:46,800.0,802.25,Call VEX 5,VEX,0.0,,7700.0
2025-05-21 07:19:46,4000.0,4011.5,Call DEX 1,DEX,887.797,,7700.0
2025-05-21 07:19:46,4750.0,4763.75,Put DEX 5,DEX,-47.35,,7700.0
2025-05-21 07:19:46,4800.0,4813.75,Put DEX 1,DEX,-261.421,,7700.0
2025-05-21 07:19:46,4800.0,4813.75,Put GEX 1,GEX,-76772.967,,7700.0
2025-05-21 07:19:46,4850.0,4864.0,Put DEX 2,DEX,-223.739,,7700.0
2025-05-21 07:19:46,4850.0,4864.0,Put GEX 2,GEX,-66834.771,,7700.0
2025-05-21 07:19:46,5000.0,5014.25,Call DEX 2,DEX,757.394,,7700.0
2025-05-21 07:19:46,5200.0,5215.0,Put DEX 4,DEX,-55.864,,7700.0
2025-05-21 07:19:46,5200.0,5215.0,Put GEX 4,GEX,-42221.529,,7700.0
2025-05-21 07:19:46,5300.0,5315.25,Put GEX 5,GEX,-27429.647,,7700.0
2025-05-21 07:19:46,5310.0,5325.25,Put DEX 3,DEX,-86.06,,7700.0
2025-05-21 07:19:46,5310.0,5325.25,Put GEX 3,GEX,-46872.519,,7700.0
2025-05-21 07:19:46,5700.0,5716.5,Call DEX 5,DEX,112.461,,7700.0
2025-05-21 07:19:46,5905.0,5922.0,Call DEX 3,DEX,136.578,,7700.0
2025-05-21 07:19:46,5905.0,5922.0,Call GEX 3,GEX,133137.347,,7700.0
2025-05-21 07:19:46,6000.0,6017.25,Call GEX 1,GEX,233011.649,,7700.0
2025-05-21 07:19:46,6050.0,6067.5,Call GEX 5,GEX,90361.813,,7700.0
2025-05-21 07:19:46,6100.0,6117.5,Call DEX 4,DEX,115.195,,7700.0
2025-05-21 07:19:46,6100.0,6117.5,Call GEX 2,GEX,205406.945,,7700.0
2025-05-21 07:19:46,6200.0,6217.75,Call GEX 4,GEX,108081.735,,7700.0
2025-05-21 07:19:46,9600.0,9627.5,Put CEX 5,CEX,0.0,,7700.0
2025-05-21 07:19:46,9600.0,9627.5,Put VEX 5,VEX,0.0,,7700.0
2025-05-21 07:19:46,10000.0,10028.75,Put CEX 4,CEX,0.0,,7700.0
2025-05-21 07:19:46,10000.0,10028.75,Put VEX 4,VEX,0.0,,7700.0
2025-05-21 07:19:46,10100.0,10129.0,Put CEX 3,CEX,0.0,,7700.0
2025-05-21 07:19:46,10100.0,10129.0,Put VEX 3,VEX,0.0,,7700.0
2025-05-21 07:19:46,10200.0,10229.25,Put CEX 2,CEX,0.0,,7700.0
2025-05-21 07:19:46,10200.0,10229.25,Put VEX 2,VEX,0.0,,7700.0
2025-05-21 07:19:46,10400.0,10430.0,Put CEX 1,CEX,0.0,,7700.0
2025-05-21 07:19:46,10400.0,10430.0,Put VEX 1,VEX,0.0,,7700.0
2025-05-21 07:19:46,12000.0,12034.5,Call CEX 1,CEX,0.0,,7700.0
2025-05-21 07:19:46,12000.0,12034.5,Call VEX 1,VEX,0.0,,7700.0
2025-05-21 07:21:03,200.0,200.5,Call CEX 2,CEX,0.0,,7700.0
2025-05-21 07:21:03,200.0,200.5,Call VEX 2,VEX,0.0,,7700.0
2025-05-21 07:21:03,400.0,401.25,Call CEX 3,CEX,0.0,,7700.0
2025-05-21 07:21:03,400.0,401.25,Call VEX 3,VEX,0.0,,7700.0
2025-05-21 07:21:03,600.0,601.75,Call CEX 4,CEX,0.0,,7700.0
2025-05-21 07:21:03,600.0,601.75,Call VEX 4,VEX,0.0,,7700.0
2025-05-21 07:21:03,800.0,802.5,Call CEX 5,CEX,0.0,,7700.0
2025-05-21 07:21:03,800.0,802.5,Call VEX 5,VEX,0.0,,7700.0
2025-05-21 07:21:03,4000.0,4012.0,Call DEX 1,DEX,887.565,,7700.0
2025-05-21 07:21:03,4750.0,4764.25,Put DEX 5,DEX,-47.358,,7700.0
2025-05-21 07:21:03,4800.0,4814.5,Put DEX 1,DEX,-261.43,,7700.0
2025-05-21 07:21:03,4800.0,4814.5,Put GEX 1,GEX,-76802.899,,7700.0
2025-05-21 07:21:03,4850.0,4864.5,Put DEX 2,DEX,-223.735,,7700.0
2025-05-21 07:21:03,4850.0,4864.5,Put GEX 2,GEX,-66854.091,,7700.0
2025-05-21 07:21:03,5000.0,5015.0,Call DEX 2,DEX,754.477,,7700.0
2025-05-21 07:21:03,5200.0,5215.5,Put DEX 4,DEX,-56.05,,7700.0
2025-05-21 07:21:03,5200.0,5215.5,Put GEX 4,GEX,-42382.403,,7700.0
2025-05-21 07:21:03,5300.0,5315.75,Put GEX 5,GEX,-27368.011,,7700.0
2025-05-21 07:21:03,5310.0,5326.0,Put DEX 3,DEX,-86.073,,7700.0
2025-05-21 07:21:03,5310.0,5326.0,Put GEX 3,GEX,-46954.347,,7700.0
2025-05-21 07:21:03,5700.0,5717.0,Call DEX 5,DEX,111.578,,7700.0
2025-05-21 07:21:03,5905.0,5922.75,Call DEX 3,DEX,136.495,,7700.0
2025-05-21 07:21:03,5905.0,5922.75,Call GEX 3,GEX,131393.351,,7700.0
2025-05-21 07:21:03,6000.0,6018.0,Call GEX 1,GEX,215883.769,,7700.0
2025-05-21 07:21:03,6050.0,6068.0,Call GEX 5,GEX,88811.902,,7700.0
2025-05-21 07:21:03,6100.0,6118.25,Call DEX 4,DEX,115.204,,7700.0
2025-05-21 07:21:03,6100.0,6118.25,Call GEX 2,GEX,203266.065,,7700.0
2025-05-21 07:21:03,6200.0,6218.5,Call GEX 4,GEX,107517.218,,7700.0
2025-05-21 07:21:03,9600.0,9628.75,Put CEX 5,CEX,0.0,,7700.0
2025-05-21 07:21:03,9600.0,9628.75,Put VEX 5,VEX,0.0,,7700.0
2025-05-21 07:21:03,10000.0,10030.0,Put CEX 4,CEX,0.0,,7700.0
2025-05-21 07:21:03,10000.0,10030.0,Put VEX 4,VEX,0.0,,7700.0
2025-05-21 07:21:03,10100.0,10130.25,Put CEX 3,CEX,0.0,,7700.0
2025-05-21 07:21:03,10100.0,10130.25,Put VEX 3,VEX,0.0,,7700.0
2025-05-21 07:21:03,10200.0,10230.5,Put CEX 2,CEX,0.0,,7700.0
2025-05-21 07:21:03,10200.0,10230.5,Put VEX 2,VEX,0.0,,7700.0
2025-05-21 07:21:03,10400.0,10431.25,Put CEX 1,CEX,0.0,,7700.0
2025-05-21 07:21:03,10400.0,10431.25,Put VEX 1,VEX,0.0,,7700.0
2025-05-21 07:21:03,12000.0,12036.0,Call CEX 1,CEX,0.0,,7700.0
2025-05-21 07:21:03,12000.0,12036.0,Call VEX 1,VEX,0.0,,7700.0
2025-05-21 07:22:22,200.0,200.5,Call CEX 2,CEX,0.0,,7700.0
2025-05-21 07:22:22,200.0,200.5,Call VEX 2,VEX,0.0,,7700.0
2025-05-21 07:22:22,400.0,401.25,Call CEX 3,CEX,0.0,,7700.0
2025-05-21 07:22:22,400.0,401.25,Call VEX 3,VEX,0.0,,7700.0
2025-05-21 07:22:22,600.0,601.75,Call CEX 4,CEX,0.0,,7700.0
2025-05-21 07:22:22,600.0,601.75,Call VEX 4,VEX,0.0,,7700.0
2025-05-21 07:22:22,800.0,802.25,Call CEX 5,CEX,0.0,,7700.0
2025-05-21 07:22:22,800.0,802.25,Call VEX 5,VEX,0.0,,7700.0
2025-05-21 07:22:22,4000.0,4011.5,Call DEX 1,DEX,887.868,,7700.0
2025-05-21 07:22:22,4750.0,4763.5,Put DEX 5,DEX,-47.354,,7700.0
2025-05-21 07:22:22,4800.0,4813.75,Put DEX 1,DEX,-261.44,,7700.0
2025-05-21 07:22:22,4800.0,4813.75,Put GEX 1,GEX,-76692.461,,7700.0
2025-05-21 07:22:22,4850.0,4863.75,Put DEX 2,DEX,-223.752,,7700.0
2025-05-21 07:22:22,4850.0,4863.75,Put GEX 2,GEX,-66759.761,,7700.0
2025-05-21 07:22:22,5000.0,5014.25,Call DEX 2,DEX,755.112,,7700.0
2025-05-21 07:22:22,5200.0,5214.75,Put DEX 4,DEX,-55.989,,7700.0
2025-05-21 07:22:22,5200.0,5214.75,Put GEX 4,GEX,-42293.962,,7700.0
2025-05-21 07:22:22,5300.0,5315.0,Put GEX 5,GEX,-27348.908,,7700.0
2025-05-21 07:22:22,5310.0,5325.0,Put DEX 3,DEX,-86.029,,7700.0
2025-05-21 07:22:22,5310.0,5325.0,Put GEX 3,GEX,-46887.242,,7700.0
2025-05-21 07:22:22,5700.0,5716.25,Call DEX 5,DEX,112.59,,7700.0
2025-05-21 07:22:22,5905.0,5921.75,Call DEX 3,DEX,136.906,,7700.0
2025-05-21 07:22:22,5905.0,5921.75,Call GEX 3,GEX,131088.946,,7700.0
2025-05-21 07:22:22,6000.0,6017.0,Call GEX 1,GEX,211671.194,,7700.0
2025-05-21 07:22:22,6050.0,6067.25,Call GEX 5,GEX,89133.929,,7700.0
2025-05-21 07:22:22,6100.0,6117.25,Call DEX 4,DEX,115.649,,7700.0
2025-05-21 07:22:22,6100.0,6117.25,Call GEX 2,GEX,204524.005,,7700.0
2025-05-21 07:22:22,6200.0,6217.75,Call GEX 4,GEX,108175.2,,7700.0
2025-05-21 07:22:22,9600.0,9627.25,Put CEX 5,CEX,0.0,,7700.0
2025-05-21 07:22:22,9600.0,9627.25,Put VEX 5,VEX,0.0,,7700.0
2025-05-21 07:22:22,10000.0,10028.5,Put CEX 4,CEX,0.0,,7700.0
2025-05-21 07:22:22,10000.0,10028.5,Put VEX 4,VEX,0.0,,7700.0
2025-05-21 07:22:22,10100.0,10128.75,Put CEX 3,CEX,0.0,,7700.0
2025-05-21 07:22:22,10100.0,10128.75,Put VEX 3,VEX,0.0,,7700.0
2025-05-21 07:22:22,10200.0,10229.0,Put CEX 2,CEX,0.0,,7700.0
2025-05-21 07:22:22,10200.0,10229.0,Put VEX 2,VEX,0.0,,7700.0
2025-05-21 07:22:22,10400.0,10429.5,Put CEX 1,CEX,0.0,,7700.0
2025-05-21 07:22:22,10400.0,10429.5,Put VEX 1,VEX,0.0,,7700.0
2025-05-21 07:22:22,12000.0,12034.25,Call CEX 1,CEX,0.0,,7700.0
2025-05-21 07:22:22,12000.0,12034.25,Call VEX 1,VEX,0.0,,7700.0
2025-05-21 07:23:41,200.0,200.5,Call CEX 2,CEX,0.0,,7700.0
2025-05-21 07:23:41,200.0,200.5,Call VEX 2,VEX,0.0,,7700.0
2025-05-21 07:23:41,400.0,401.25,Call CEX 3,CEX,0.0,,7700.0
2025-05-21 07:23:41,400.0,401.25,Call VEX 3,VEX,0.0,,7700.0
2025-05-21 07:23:41,600.0,601.75,Call CEX 4,CEX,0.0,,7700.0
2025-05-21 07:23:41,600.0,601.75,Call VEX 4,VEX,0.0,,7700.0
2025-05-21 07:23:41,800.0,802.25,Call CEX 5,CEX,0.0,,7700.0
2025-05-21 07:23:41,800.0,802.25,Call VEX 5,VEX,0.0,,7700.0
2025-05-21 07:23:41,4000.0,4011.75,Call DEX 1,DEX,888.464,,7700.0
2025-05-21 07:23:41,4750.0,4764.0,Put DEX 5,DEX,-47.353,,7700.0
2025-05-21 07:23:41,4800.0,4814.0,Put DEX 1,DEX,-261.454,,7700.0
2025-05-21 07:23:41,4800.0,4814.0,Put GEX 1,GEX,-76592.08,,7700.0
2025-05-21 07:23:41,4850.0,4864.25,Put DEX 2,DEX,-223.768,,7700.0
2025-05-21 07:23:41,4850.0,4864.25,Put GEX 2,GEX,-66674.434,,7700.0
2025-05-21 07:23:41,5000.0,5014.75,Call DEX 2,DEX,758.373,,7700.0
2025-05-21 07:23:41,5200.0,5215.25,Put DEX 4,DEX,-55.789,,7700.0
2025-05-21 07:23:41,5200.0,5215.25,Put GEX 4,GEX,-42086.811,,7700.0
2025-05-21 07:23:41,5300.0,5315.5,Put GEX 5,GEX,-27351.377,,7700.0
2025-05-21 07:23:41,5310.0,5325.5,Put DEX 3,DEX,-85.983,,7700.0
2025-05-21 07:23:41,5310.0,5325.5,Put GEX 3,GEX,-46721.456,,7700.0
2025-05-21 07:23:41,5700.0,5716.75,Call DEX 5,DEX,114.13,,7700.0
2025-05-21 07:23:41,5905.0,5922.25,Call DEX 3,DEX,137.327,,7700.0
2025-05-21 07:23:41,5905.0,5922.25,Call GEX 3,GEX,133911.549,,7700.0
2025-05-21 07:23:41,6000.0,6017.5,Call GEX 1,GEX,239242.451,,7700.0
2025-05-21 07:23:41,6050.0,6067.75,Call GEX 5,GEX,91473.225,,7700.0
2025-05-21 07:23:41,6100.0,6117.75,Call DEX 4,DEX,115.826,,7700.0
2025-05-21 07:23:41,6100.0,6117.75,Call GEX 2,GEX,208211.633,,7700.0
2025-05-21 07:23:41,6200.0,6218.25,Call GEX 4,GEX,109384.887,,7700.0
2025-05-21 07:23:41,9600.0,9628.0,Put CEX 5,CEX,0.0,,7700.0
2025-05-21 07:23:41,9600.0,9628.0,Put VEX 5,VEX,0.0,,7700.0
2025-05-21 07:23:41,10000.0,10029.25,Put CEX 4,CEX,0.0,,7700.0
2025-05-21 07:23:41,10000.0,10029.25,Put VEX 4,VEX,0.0,,7700.0
2025-05-21 07:23:41,10100.0,10129.5,Put CEX 3,CEX,0.0,,7700.0
2025-05-21 07:23:41,10100.0,10129.5,Put VEX 3,VEX,0.0,,7700.0
2025-05-21 07:23:41,10200.0,10229.75,Put CEX 2,CEX,0.0,,7700.0
2025-05-21 07:23:41,10200.0,10229.75,Put VEX 2,VEX,0.0,,7700.0
2025-05-21 07:23:41,10400.0,10430.5,Put CEX 1,CEX,0.0,,7700.0
2025-05-21 07:23:41,10400.0,10430.5,Put VEX 1,VEX,0.0,,7700.0
2025-05-21 07:23:41,12000.0,12035.0,Call CEX 1,CEX,0.0,,7700.0
2025-05-21 07:23:41,12000.0,12035.0,Call VEX 1,VEX,0.0,,7700.0
2025-05-21 07:24:59,200.0,200.5,Call CEX 2,CEX,0.0,,7700.0
2025-05-21 07:24:59,200.0,200.5,Call VEX 2,VEX,0.0,,7700.0
2025-05-21 07:24:59,400.0,401.25,Call CEX 3,CEX,0.0,,7700.0
2025-05-21 07:24:59,400.0,401.25,Call VEX 3,VEX,0.0,,7700.0
2025-05-21 07:24:59,600.0,601.75,Call CEX 4,CEX,0.0,,7700.0
2025-05-21 07:24:59,600.0,601.75,Call VEX 4,VEX,0.0,,7700.0
2025-05-21 07:24:59,800.0,802.25,Call CEX 5,CEX,0.0,,7700.0
2025-05-21 07:24:59,800.0,802.25,Call VEX 5,VEX,0.0,,7700.0
2025-05-21 07:24:59,4000.0,4011.75,Call DEX 1,DEX,888.291,,7700.0
2025-05-21 07:24:59,4750.0,4764.0,Put DEX 5,DEX,-47.344,,7700.0
2025-05-21 07:24:59,4800.0,4814.0,Put DEX 1,DEX,-261.42,,7700.0
2025-05-21 07:24:59,4800.0,4814.0,Put GEX 1,GEX,-76698.324,,7700.0
2025-05-21 07:24:59,4850.0,4864.25,Put DEX 2,DEX,-223.739,,7700.0
2025-05-21 07:24:59,4850.0,4864.25,Put GEX 2,GEX,-66773.141,,7700.0
2025-05-21 07:24:59,5000.0,5014.5,Call DEX 2,DEX,757.393,,7700.0
2025-05-21 07:24:59,5200.0,5215.25,Put DEX 4,DEX,-55.84,,7700.0
2025-05-21 07:24:59,5200.0,5215.25,Put GEX 4,GEX,-42190.491,,7700.0
2025-05-21 07:24:59,5300.0,5315.5,Put GEX 5,GEX,-27426.647,,7700.0
2025-05-21 07:24:59,5310.0,5325.5,Put DEX 3,DEX,-86.013,,7700.0
2025-05-21 07:24:59,5310.0,5325.5,Put GEX 3,GEX,-46833.372,,7700.0
2025-05-21 07:24:59,5700.0,5716.75,Call DEX 5,DEX,113.174,,7700.0
2025-05-21 07:24:59,5905.0,5922.25,Call DEX 3,DEX,136.904,,7700.0
2025-05-21 07:24:59,5905.0,5922.25,Call GEX 3,GEX,133303.986,,7700.0
2025-05-21 07:24:59,6000.0,6017.5,Call GEX 1,GEX,230610.631,,7700.0
2025-05-21 07:24:59,6050.0,6067.75,Call GEX 5,GEX,90665.303,,7700.0
2025-05-21 07:24:59,6100.0,6117.75,Call DEX 4,DEX,115.382,,7700.0
2025-05-21 07:24:59,6100.0,6117.75,Call GEX 2,GEX,206492.92,,7700.0
2025-05-21 07:24:59,6200.0,6218.0,Call GEX 4,GEX,108634.822,,7700.0
2025-05-21 07:24:59,9600.0,9628.0,Put CEX 5,CEX,0.0,,7700.0
2025-05-21 07:24:59,9600.0,9628.0,Put VEX 5,VEX,0.0,,7700.0
2025-05-21 07:24:59,10000.0,10029.25,Put CEX 4,CEX,0.0,,7700.0
2025-05-21 07:24:59,10000.0,10029.25,Put VEX 4,VEX,0.0,,7700.0
2025-05-21 07:24:59,10100.0,10129.5,Put CEX 3,CEX,0.0,,7700.0
2025-05-21 07:24:59,10100.0,10129.5,Put VEX 3,VEX,0.0,,7700.0
2025-05-21 07:24:59,10200.0,10229.75,Put CEX 2,CEX,0.0,,7700.0
2025-05-21 07:24:59,10200.0,10229.75,Put VEX 2,VEX,0.0,,7700.0
2025-05-21 07:24:59,10400.0,10430.5,Put CEX 1,CEX,0.0,,7700.0
2025-05-21 07:24:59,10400.0,10430.5,Put VEX 1,VEX,0.0,,7700.0
2025-05-21 07:24:59,12000.0,12035.0,Call CEX 1,CEX,0.0,,7700.0
2025-05-21 07:24:59,12000.0,12035.0,Call VEX 1,VEX,0.0,,7700.0
2025-05-21 07:26:22,200.0,200.5,Call CEX 2,CEX,0.0,,7700.0
2025-05-21 07:26:22,200.0,200.5,Call VEX 2,VEX,0.0,,7700.0
2025-05-21 07:26:22,400.0,401.0,Call CEX 3,CEX,0.0,,7700.0
2025-05-21 07:26:22,400.0,401.0,Call VEX 3,VEX,0.0,,7700.0
2025-05-21 07:26:22,600.0,601.75,Call CEX 4,CEX,0.0,,7700.0
2025-05-21 07:26:22,600.0,601.75,Call VEX 4,VEX,0.0,,7700.0
2025-05-21 07:26:22,800.0,802.25,Call CEX 5,CEX,0.0,,7700.0
2025-05-21 07:26:22,800.0,802.25,Call VEX 5,VEX,0.0,,7700.0
2025-05-21 07:26:22,4000.0,4011.0,Call DEX 1,DEX,888.189,,7700.0
2025-05-21 07:26:22,4750.0,4763.25,Put DEX 5,DEX,-47.343,,7700.0
2025-05-21 07:26:22,4800.0,4813.25,Put DEX 1,DEX,-261.404,,7700.0
2025-05-21 07:26:22,4800.0,4813.25,Put GEX 1,GEX,-76721.054,,7700.0
2025-05-21 07:26:22,4850.0,4863.5,Put DEX 2,DEX,-223.735,,7700.0
2025-05-21 07:26:22,4850.0,4863.5,Put GEX 2,GEX,-66792.081,,7700.0
2025-05-21 07:26:22,5000.0,5014.0,Call DEX 2,DEX,758.343,,7700.0
2025-05-21 07:26:22,5200.0,5214.5,Put DEX 4,DEX,-56.056,,7700.0
2025-05-21 07:26:22,5200.0,5214.5,Put GEX 4,GEX,-42341.88,,7700.0
2025-05-21 07:26:22,5300.0,5314.75,Put GEX 5,GEX,-27607.041,,7700.0
2025-05-21 07:26:22,5310.0,5324.75,Put DEX 3,DEX,-86.054,,7700.0
2025-05-21 07:26:22,5310.0,5324.75,Put GEX 3,GEX,-46893.918,,7700.0
2025-05-21 07:26:22,5700.0,5715.75,Call DEX 5,DEX,113.413,,7700.0
2025-05-21 07:26:22,5905.0,5921.5,Call DEX 3,DEX,136.827,,7700.0
2025-05-21 07:26:22,5905.0,5921.5,Call GEX 3,GEX,134147.34,,7700.0
2025-05-21 07:26:22,6000.0,6016.75,Call GEX 1,GEX,238782.077,,7700.0
2025-05-21 07:26:22,6050.0,6066.75,Call GEX 5,GEX,90712.95,,7700.0
2025-05-21 07:26:22,6100.0,6117.0,Call DEX 4,DEX,114.967,,7700.0
2025-05-21 07:26:22,6100.0,6117.0,Call GEX 2,GEX,206482.487,,7700.0
2025-05-21 07:26:22,6200.0,6217.25,Call GEX 4,GEX,108425.399,,7700.0
2025-05-21 07:26:22,9600.0,9626.75,Put CEX 5,CEX,0.0,,7700.0
2025-05-21 07:26:22,9600.0,9626.75,Put VEX 5,VEX,0.0,,7700.0
2025-05-21 07:26:22,10000.0,10027.75,Put CEX 4,CEX,0.0,,7700.0
2025-05-21 07:26:22,10000.0,10027.75,Put VEX 4,VEX,0.0,,7700.0
2025-05-21 07:26:22,10100.0,10128.0,Put CEX 3,CEX,0.0,,7700.0
2025-05-21 07:26:22,10100.0,10128.0,Put VEX 3,VEX,0.0,,7700.0
2025-05-21 07:26:22,10200.0,10228.25,Put CEX 2,CEX,0.0,,7700.0
2025-05-21 07:26:22,10200.0,10228.25,Put VEX 2,VEX,0.0,,7700.0
2025-05-21 07:26:22,10400.0,10429.0,Put CEX 1,CEX,0.0,,7700.0
2025-05-21 07:26:22,10400.0,10429.0,Put VEX 1,VEX,0.0,,7700.0
2025-05-21 07:26:22,12000.0,12033.25,Call CEX 1,CEX,0.0,,7700.0
2025-05-21 07:26:22,12000.0,12033.25,Call VEX 1,VEX,0.0,,7700.0
2025-05-21 07:27:41,200.0,200.5,Call CEX 2,CEX,0.0,,7700.0
2025-05-21 07:27:41,200.0,200.5,Call VEX 2,VEX,0.0,,7700.0
2025-05-21 07:27:41,400.0,401.25,Call CEX 3,CEX,0.0,,7700.0
2025-05-21 07:27:41,400.0,401.25,Call VEX 3,VEX,0.0,,7700.0
2025-05-21 07:27:41,600.0,601.75,Call CEX 4,CEX,0.0,,7700.0
2025-05-21 07:27:41,600.0,601.75,Call VEX 4,VEX,0.0,,7700.0
2025-05-21 07:27:41,800.0,802.25,Call CEX 5,CEX,0.0,,7700.0
2025-05-21 07:27:41,800.0,802.25,Call VEX 5,VEX,0.0,,7700.0
2025-05-21 07:27:41,4000.0,4011.5,Call DEX 1,DEX,886.292,,7700.0
2025-05-21 07:27:41,4750.0,4763.75,Put DEX 5,DEX,-47.361,,7700.0
2025-05-21 07:27:41,4800.0,4813.75,Put DEX 1,DEX,-261.351,,7700.0
2025-05-21 07:27:41,4800.0,4813.75,Put GEX 1,GEX,-77045.403,,7700.0
2025-05-21 07:27:41,4850.0,4864.0,Put DEX 2,DEX,-223.651,,7700.0
2025-05-21 07:27:41,4850.0,4864.0,Put GEX 2,GEX,-67073.455,,7700.0
2025-05-21 07:27:41,5000.0,5014.25,Call DEX 2,DEX,750.703,,7700.0
2025-05-21 07:27:41,5200.0,5215.0,Put DEX 4,DEX,-56.214,,7700.0
2025-05-21 07:27:41,5200.0,5215.0,Put GEX 4,GEX,-42723.909,,7700.0
2025-05-21 07:27:41,5300.0,5315.25,Put GEX 5,GEX,-28064.518,,7700.0
2025-05-21 07:27:41,5310.0,5325.25,Put DEX 3,DEX,-86.081,,7700.0
2025-05-21 07:27:41,5310.0,5325.25,Put GEX 3,GEX,-47278.779,,7700.0
2025-05-21 07:27:41,5700.0,5716.5,Call DEX 5,DEX,110.534,,7700.0
2025-05-21 07:27:41,5905.0,5922.0,Call DEX 3,DEX,135.642,,7700.0
2025-05-21 07:27:41,5905.0,5922.0,Call GEX 3,GEX,128931.012,,7700.0
2025-05-21 07:27:41,6000.0,6017.25,Call GEX 2,GEX,183210.44,,7700.0
2025-05-21 07:27:41,6050.0,6067.5,Call GEX 5,GEX,86204.139,,7700.0
2025-05-21 07:27:41,6100.0,6117.5,Call DEX 4,DEX,113.934,,7700.0
2025-05-21 07:27:41,6100.0,6117.5,Call GEX 1,GEX,198648.436,,7700.0
2025-05-21 07:27:41,6200.0,6217.75,Call GEX 4,GEX,105718.778,,7700.0
2025-05-21 07:27:41,9600.0,9627.5,Put CEX 5,CEX,0.0,,7700.0
2025-05-21 07:27:41,9600.0,9627.5,Put VEX 5,VEX,0.0,,7700.0
2025-05-21 07:27:41,10000.0,10028.75,Put CEX 4,CEX,0.0,,7700.0
2025-05-21 07:27:41,10000.0,10028.75,Put VEX 4,VEX,0.0,,7700.0
2025-05-21 07:27:41,10100.0,10129.0,Put CEX 3,CEX,0.0,,7700.0
2025-05-21 07:27:41,10100.0,10129.0,Put VEX 3,VEX,0.0,,7700.0
2025-05-21 07:27:41,10200.0,10229.25,Put CEX 2,CEX,0.0,,7700.0
2025-05-21 07:27:41,10200.0,10229.25,Put VEX 2,VEX,0.0,,7700.0
2025-05-21 07:27:41,10400.0,10430.0,Put CEX 1,CEX,0.0,,7700.0
2025-05-21 07:27:41,10400.0,10430.0,Put VEX 1,VEX,0.0,,7700.0
2025-05-21 07:27:41,12000.0,12034.5,Call CEX 1,CEX,0.0,,7700.0
2025-05-21 07:27:41,12000.0,12034.5,Call VEX 1,VEX,0.0,,7700.0
2025-05-21 07:28:59,200.0,200.5,Call CEX 2,CEX,0.0,,7700.0
2025-05-21 07:28:59,200.0,200.5,Call VEX 2,VEX,0.0,,7700.0
2025-05-21 07:28:59,400.0,401.25,Call CEX 3,CEX,0.0,,7700.0
2025-05-21 07:28:59,400.0,401.25,Call VEX 3,VEX,0.0,,7700.0
2025-05-21 07:28:59,600.0,601.75,Call CEX 4,CEX,0.0,,7700.0
2025-05-21 07:28:59,600.0,601.75,Call VEX 4,VEX,0.0,,7700.0
2025-05-21 07:28:59,800.0,802.25,Call CEX 5,CEX,0.0,,7700.0
2025-05-21 07:28:59,800.0,802.25,Call VEX 5,VEX,0.0,,7700.0
2025-05-21 07:28:59,4000.0,4011.25,Call DEX 1,DEX,888.023,,7700.0
2025-05-21 07:28:59,4750.0,4763.5,Put DEX 5,DEX,-47.332,,7700.0
2025-05-21 07:28:59,4800.0,4813.5,Put DEX 1,DEX,-261.372,,7700.0
2025-05-21 07:28:59,4800.0,4813.5,Put GEX 1,GEX,-76814.459,,7700.0
2025-05-21 07:28:59,4850.0,4863.75,Put DEX 2,DEX,-223.711,,7700.0
2025-05-21 07:28:59,4850.0,4863.75,Put GEX 2,GEX,-66873.643,,7700.0
2025-05-21 07:28:59,5000.0,5014.0,Call DEX 2,DEX,758.601,,7700.0
2025-05-21 07:28:59,5200.0,5214.75,Put DEX 4,DEX,-55.746,,7700.0
2025-05-21 07:28:59,5200.0,5214.75,Put GEX 4,GEX,-42201.393,,7700.0
2025-05-21 07:28:59,5300.0,5315.0,Put GEX 5,GEX,-27627.466,,7700.0
2025-05-21 07:28:59,5310.0,5325.0,Put DEX 3,DEX,-85.996,,7700.0
2025-05-21 07:28:59,5310.0,5325.0,Put GEX 3,GEX,-46923.868,,7700.0
2025-05-21 07:28:59,5700.0,5716.0,Call DEX 5,DEX,113.153,,7700.0
2025-05-21 07:28:59,5905.0,5921.75,Call DEX 3,DEX,136.504,,7700.0
2025-05-21 07:28:59,5905.0,5921.75,Call GEX 3,GEX,135075.215,,7700.0
2025-05-21 07:28:59,6000.0,6017.0,Call GEX 1,GEX,245715.602,,7700.0
2025-05-21 07:28:59,6050.0,6067.0,Call GEX 5,GEX,91630.822,,7700.0
2025-05-21 07:28:59,6100.0,6117.25,Call DEX 4,DEX,114.544,,7700.0
2025-05-21 07:28:59,6100.0,6117.25,Call GEX 2,GEX,207300.872,,7700.0
2025-05-21 07:28:59,6200.0,6217.5,Call GEX 4,GEX,108508.31,,7700.0
2025-05-21 07:28:59,9600.0,9627.0,Put CEX 5,CEX,0.0,,7700.0
2025-05-21 07:28:59,9600.0,9627.0,Put VEX 5,VEX,0.0,,7700.0
2025-05-21 07:28:59,10000.0,10028.25,Put CEX 4,CEX,0.0,,7700.0
2025-05-21 07:28:59,10000.0,10028.25,Put VEX 4,VEX,0.0,,7700.0
2025-05-21 07:28:59,10100.0,10128.5,Put CEX 3,CEX,0.0,,7700.0
2025-05-21 07:28:59,10100.0,10128.5,Put VEX 3,VEX,0.0,,7700.0
2025-05-21 07:28:59,10200.0,10228.75,Put CEX 2,CEX,0.0,,7700.0
2025-05-21 07:28:59,10200.0,10228.75,Put VEX 2,VEX,0.0,,7700.0
2025-05-21 07:28:59,10400.0,10429.25,Put CEX 1,CEX,0.0,,7700.0
2025-05-21 07:28:59,10400.0,10429.25,Put VEX 1,VEX,0.0,,7700.0
2025-05-21 07:28:59,12000.0,12033.75,Call CEX 1,CEX,0.0,,7700.0
2025-05-21 07:28:59,12000.0,12033.75,Call VEX 1,VEX,0.0,,7700.0
2025-05-21 07:30:21,200.0,200.5,Call CEX 2,CEX,0.0,,7700.0
2025-05-21 07:30:21,200.0,200.5,Call VEX 2,VEX,0.0,,7700.0
2025-05-21 07:30:21,400.0,401.25,Call CEX 3,CEX,0.0,,7700.0
2025-05-21 07:30:21,400.0,401.25,Call VEX 3,VEX,0.0,,7700.0
2025-05-21 07:30:21,600.0,601.75,Call CEX 4,CEX,0.0,,7700.0
2025-05-21 07:30:21,600.0,601.75,Call VEX 4,VEX,0.0,,7700.0
2025-05-21 07:30:21,800.0,802.25,Call CEX 5,CEX,0.0,,7700.0
2025-05-21 07:30:21,800.0,802.25,Call VEX 5,VEX,0.0,,7700.0
2025-05-21 07:30:21,4000.0,4011.5,Call DEX 1,DEX,887.2,,7700.0
2025-05-21 07:30:21,4750.0,4763.75,Put DEX 5,DEX,-47.336,,7700.0
2025-05-21 07:30:21,4800.0,4813.75,Put DEX 1,DEX,-261.347,,7700.0
2025-05-21 07:30:21,4800.0,4813.75,Put GEX 1,GEX,-76968.162,,7700.0
2025-05-21 07:30:21,4850.0,4864.0,Put DEX 2,DEX,-223.673,,7700.0
2025-05-21 07:30:21,4850.0,4864.0,Put GEX 2,GEX,-67013.23,,7700.0
2025-05-21 07:30:21,5000.0,5014.5,Call DEX 2,DEX,755.838,,7700.0
2025-05-21 07:30:21,5200.0,5215.0,Put DEX 4,DEX,-55.924,,7700.0
2025-05-21 07:30:21,5200.0,5215.0,Put GEX 4,GEX,-42432.547,,7700.0
2025-05-21 07:30:21,5300.0,5315.25,Put GEX 5,GEX,-27628.629,,7700.0
2025-05-21 07:30:21,5310.0,5325.25,Put DEX 3,DEX,-86.062,,7700.0
2025-05-21 07:30:21,5310.0,5325.25,Put GEX 3,GEX,-47108.132,,7700.0
2025-05-21 07:30:21,5700.0,5716.5,Call DEX 5,DEX,111.441,,7700.0
2025-05-21 07:30:21,5905.0,5922.0,Call DEX 3,DEX,135.907,,7700.0
2025-05-21 07:30:21,5905.0,5922.0,Call GEX 3,GEX,133412.948,,7700.0
2025-05-21 07:30:21,6000.0,6017.25,Call GEX 1,GEX,226003.189,,7700.0
2025-05-21 07:30:21,6050.0,6067.5,Call GEX 5,GEX,89823.41,,7700.0
2025-05-21 07:30:21,6100.0,6117.75,Call DEX 4,DEX,114.013,,7700.0
2025-05-21 07:30:21,6100.0,6117.75,Call GEX 2,GEX,203729.065,,7700.0
2025-05-21 07:30:21,6200.0,6218.0,Call GEX 4,GEX,107210.308,,7700.0
2025-05-21 07:30:21,9600.0,9627.75,Put CEX 5,CEX,0.0,,7700.0
2025-05-21 07:30:21,9600.0,9627.75,Put VEX 5,VEX,0.0,,7700.0
2025-05-21 07:30:21,10000.0,10029.0,Put CEX 4,CEX,0.0,,7700.0
2025-05-21 07:30:21,10000.0,10029.0,Put VEX 4,VEX,0.0,,7700.0
2025-05-21 07:30:21,10100.0,10129.25,Put CEX 3,CEX,0.0,,7700.0
2025-05-21 07:30:21,10100.0,10129.25,Put VEX 3,VEX,0.0,,7700.0
2025-05-21 07:30:21,10200.0,10229.5,Put CEX 2,CEX,0.0,,7700.0
2025-05-21 07:30:21,10200.0,10229.5,Put VEX 2,VEX,0.0,,7700.0
2025-05-21 07:30:21,10400.0,10430.0,Put CEX 1,CEX,0.0,,7700.0
2025-05-21 07:30:21,10400.0,10430.0,Put VEX 1,VEX,0.0,,7700.0
2025-05-21 07:30:21,12000.0,12034.75,Call CEX 1,CEX,0.0,,7700.0
2025-05-21 07:30:21,12000.0,12034.75,Call VEX 1,VEX,0.0,,7700.0
2025-05-21 07:31:38,200.0,200.5,Call CEX 2,CEX,0.0,,7700.0
2025-05-21 07:31:38,200.0,200.5,Call VEX 2,VEX,0.0,,7700.0
2025-05-21 07:31:38,400.0,401.25,Call CEX 3,CEX,0.0,,7700.0
2025-05-21 07:31:38,400.0,401.25,Call VEX 3,VEX,0.0,,7700.0
2025-05-21 07:31:38,600.0,601.75,Call CEX 4,CEX,0.0,,7700.0
2025-05-21 07:31:38,600.0,601.75,Call VEX 4,VEX,0.0,,7700.0
2025-05-21 07:31:38,800.0,802.25,Call CEX 5,CEX,0.0,,7700.0
2025-05-21 07:31:38,800.0,802.25,Call VEX 5,VEX,0.0,,7700.0
2025-05-21 07:31:38,4000.0,4011.5,Call DEX 1,DEX,886.919,,7700.0
2025-05-21 07:31:38,4750.0,4763.75,Put DEX 5,DEX,-47.346,,7700.0
2025-05-21 07:31:38,4800.0,4814.0,Put DEX 1,DEX,-261.357,,7700.0
2025-05-21 07:31:38,4800.0,4814.0,Put GEX 1,GEX,-77006.492,,7700.0
2025-05-21 07:31:38,4850.0,4864.0,Put DEX 2,DEX,-223.666,,7700.0
2025-05-21 07:31:38,4850.0,4864.0,Put GEX 2,GEX,-67043.725,,7700.0
2025-05-21 07:31:38,5000.0,5014.5,Call DEX 2,DEX,752.886,,7700.0
2025-05-21 07:31:38,5200.0,5215.0,Put DEX 4,DEX,-56.097,,7700.0
2025-05-21 07:31:38,5200.0,5215.0,Put GEX 4,GEX,-42598.31,,7700.0
2025-05-21 07:31:38,5300.0,5315.25,Put GEX 5,GEX,-27839.407,,7700.0
2025-05-21 07:31:38,5310.0,5325.25,Put DEX 3,DEX,-86.077,,7700.0
2025-05-21 07:31:38,5310.0,5325.25,Put GEX 3,GEX,-47208.958,,7700.0
2025-05-21 07:31:38,5700.0,5716.5,Call DEX 5,DEX,110.61,,7700.0
2025-05-21 07:31:38,5905.0,5922.0,Call DEX 3,DEX,135.773,,7700.0
2025-05-21 07:31:38,5905.0,5922.0,Call GEX 3,GEX,131559.202,,7700.0
2025-05-21 07:31:38,6000.0,6017.25,Call GEX 1,GEX,208343.901,,7700.0
2025-05-21 07:31:38,6050.0,6067.5,Call GEX 5,GEX,88256.898,,7700.0
2025-05-21 07:31:38,6100.0,6117.75,Call DEX 4,DEX,113.943,,7700.0
2025-05-21 07:31:38,6100.0,6117.75,Call GEX 2,GEX,201428.871,,7700.0
2025-05-21 07:31:38,6200.0,6218.0,Call GEX 4,GEX,106510.729,,7700.0
2025-05-21 07:31:38,9600.0,9627.75,Put CEX 5,CEX,0.0,,7700.0
2025-05-21 07:31:38,9600.0,9627.75,Put VEX 5,VEX,0.0,,7700.0
2025-05-21 07:31:38,10000.0,10029.0,Put CEX 4,CEX,0.0,,7700.0
2025-05-21 07:31:38,10000.0,10029.0,Put VEX 4,VEX,0.0,,7700.0
2025-05-21 07:31:38,10100.0,10129.25,Put CEX 3,CEX,0.0,,7700.0
2025-05-21 07:31:38,10100.0,10129.25,Put VEX 3,VEX,0.0,,7700.0
2025-05-21 07:31:38,10200.0,10229.5,Put CEX 2,CEX,0.0,,7700.0
2025-05-21 07:31:38,10200.0,10229.5,Put VEX 2,VEX,0.0,,7700.0
2025-05-21 07:31:38,10400.0,10430.0,Put CEX 1,CEX,0.0,,7700.0
2025-05-21 07:31:38,10400.0,10430.0,Put VEX 1,VEX,0.0,,7700.0
2025-05-21 07:31:38,12000.0,12034.75,Call CEX 1,CEX,0.0,,7700.0
2025-05-21 07:31:38,12000.0,12034.75,Call VEX 1,VEX,0.0,,7700.0
2025-05-21 07:32:58,200.0,200.5,Call CEX 2,CEX,0.0,,7700.0
2025-05-21 07:32:58,200.0,200.5,Call VEX 2,VEX,0.0,,7700.0
2025-05-21 07:32:58,400.0,401.0,Call CEX 3,CEX,0.0,,7700.0
2025-05-21 07:32:58,400.0,401.0,Call VEX 3,VEX,0.0,,7700.0
2025-05-21 07:32:58,600.0,601.75,Call CEX 4,CEX,0.0,,7700.0
2025-05-21 07:32:58,600.0,601.75,Call VEX 4,VEX,0.0,,7700.0
2025-05-21 07:32:58,800.0,802.25,Call CEX 5,CEX,0.0,,7700.0
2025-05-21 07:32:58,800.0,802.25,Call VEX 5,VEX,0.0,,7700.0
2025-05-21 07:32:58,4000.0,4011.0,Call DEX 1,DEX,887.324,,7700.0
2025-05-21 07:32:58,4750.0,4763.25,Put DEX 5,DEX,-47.342,,7700.0
2025-05-21 07:32:58,4800.0,4813.25,Put DEX 1,DEX,-261.351,,7700.0
2025-05-21 07:32:58,4800.0,4813.25,Put GEX 1,GEX,-76937.231,,7700.0
2025-05-21 07:32:58,4850.0,4863.5,Put DEX 2,DEX,-223.68,,7700.0
2025-05-21 07:32:58,4850.0,4863.5,Put GEX 2,GEX,-66986.384,,7700.0
2025-05-21 07:32:58,5000.0,5013.75,Call DEX 2,DEX,756.264,,7700.0
2025-05-21 07:32:58,5200.0,5214.5,Put DEX 4,DEX,-55.883,,7700.0
2025-05-21 07:32:58,5200.0,5214.5,Put GEX 4,GEX,-42398.722,,7700.0
2025-05-21 07:32:58,5300.0,5314.75,Put GEX 5,GEX,-27578.855,,7700.0
2025-05-21 07:32:58,5310.0,5324.75,Put DEX 3,DEX,-86.041,,7700.0
2025-05-21 07:32:58,5310.0,5324.75,Put GEX 3,GEX,-47089.719,,7700.0
2025-05-21 07:32:58,5700.0,5715.75,Call DEX 5,DEX,111.713,,7700.0
2025-05-21 07:32:58,5905.0,5921.25,Call DEX 3,DEX,136.043,,7700.0
2025-05-21 07:32:58,5905.0,5921.25,Call GEX 3,GEX,134185.569,,7700.0
2025-05-21 07:32:58,6000.0,6016.75,Call GEX 1,GEX,234640.479,,7700.0
2025-05-21 07:32:58,6050.0,6066.75,Call GEX 5,GEX,90266.937,,7700.0
2025-05-21 07:32:58,6100.0,6117.0,Call DEX 4,DEX,114.066,,7700.0
2025-05-21 07:32:58,6100.0,6117.0,Call GEX 2,GEX,204450.031,,7700.0
2025-05-21 07:32:58,6200.0,6217.25,Call GEX 4,GEX,107445.907,,7700.0
2025-05-21 07:32:58,9600.0,9626.5,Put CEX 5,CEX,0.0,,7700.0
2025-05-21 07:32:58,9600.0,9626.5,Put VEX 5,VEX,0.0,,7700.0
2025-05-21 07:32:58,10000.0,10027.75,Put CEX 4,CEX,0.0,,7700.0
2025-05-21 07:32:58,10000.0,10027.75,Put VEX 4,VEX,0.0,,7700.0
2025-05-21 07:32:58,10100.0,10128.0,Put CEX 3,CEX,0.0,,7700.0
2025-05-21 07:32:58,10100.0,10128.0,Put VEX 3,VEX,0.0,,7700.0
2025-05-21 07:32:58,10200.0,10228.25,Put CEX 2,CEX,0.0,,7700.0
2025-05-21 07:32:58,10200.0,10228.25,Put VEX 2,VEX,0.0,,7700.0
2025-05-21 07:32:58,10400.0,10428.75,Put CEX 1,CEX,0.0,,7700.0
2025-05-21 07:32:58,10400.0,10428.75,Put VEX 1,VEX,0.0,,7700.0
2025-05-21 07:32:58,12000.0,12033.25,Call CEX 1,CEX,0.0,,7700.0
2025-05-21 07:32:58,12000.0,12033.25,Call VEX 1,VEX,0.0,,7700.0
2025-05-21 07:34:17,200.0,200.5,Call CEX 2,CEX,0.0,,7700.0
2025-05-21 07:34:17,200.0,200.5,Call VEX 2,VEX,0.0,,7700.0
2025-05-21 07:34:17,400.0,401.25,Call CEX 3,CEX,0.0,,7700.0
2025-05-21 07:34:17,400.0,401.25,Call VEX 3,VEX,0.0,,7700.0
2025-05-21 07:34:17,600.0,601.75,Call CEX 4,CEX,0.0,,7700.0
2025-05-21 07:34:17,600.0,601.75,Call VEX 4,VEX,0.0,,7700.0
2025-05-21 07:34:17,800.0,802.25,Call CEX 5,CEX,0.0,,7700.0
2025-05-21 07:34:17,800.0,802.25,Call VEX 5,VEX,0.0,,7700.0
2025-05-21 07:34:17,4000.0,4011.75,Call DEX 1,DEX,886.361,,7700.0
2025-05-21 07:34:17,4750.0,4764.0,Put DEX 5,DEX,-47.334,,7700.0
2025-05-21 07:34:17,4800.0,4814.25,Put DEX 1,DEX,-261.297,,7700.0
2025-05-21 07:34:17,4800.0,4814.25,Put GEX 1,GEX,-77142.948,,7700.0
2025-05-21 07:34:17,4850.0,4864.25,Put DEX 2,DEX,-223.621,,7700.0
2025-05-21 07:34:17,4850.0,4864.25,Put GEX 2,GEX,-67169.591,,7700.0
2025-05-21 07:34:17,5000.0,5014.75,Call DEX 2,DEX,754.11,,7700.0
2025-05-21 07:34:17,5200.0,5215.25,Put DEX 4,DEX,-55.959,,7700.0
2025-05-21 07:34:17,5200.0,5215.25,Put GEX 4,GEX,-42597.574,,7700.0
2025-05-21 07:34:17,5300.0,5315.5,Put GEX 5,GEX,-27811.249,,7700.0
2025-05-21 07:34:17,5310.0,5325.75,Put DEX 3,DEX,-86.083,,7700.0
2025-05-21 07:34:17,5310.0,5325.75,Put GEX 3,GEX,-47308.66,,7700.0
2025-05-21 07:34:17,5700.0,5716.75,Call DEX 5,DEX,110.13,,7700.0
2025-05-21 07:34:17,5905.0,5922.5,Call DEX 3,DEX,135.289,,7700.0
2025-05-21 07:34:17,5905.0,5922.5,Call GEX 3,GEX,133210.969,,7700.0
2025-05-21 07:34:17,6000.0,6017.75,Call GEX 1,GEX,222029.782,,7700.0
2025-05-21 07:34:17,6050.0,6067.75,Call GEX 5,GEX,88877.489,,7700.0
2025-05-21 07:34:17,6100.0,6118.0,Call DEX 4,DEX,113.242,,7700.0
2025-05-21 07:34:17,6100.0,6118.0,Call GEX 2,GEX,201771.878,,7700.0
2025-05-21 07:34:17,6200.0,6218.25,Call GEX 4,GEX,106112.81,,7700.0
2025-05-21 07:34:17,9600.0,9628.25,Put CEX 5,CEX,0.0,,7700.0
2025-05-21 07:34:17,9600.0,9628.25,Put VEX 5,VEX,0.0,,7700.0
2025-05-21 07:34:17,10000.0,10029.5,Put CEX 4,CEX,0.0,,7700.0
2025-05-21 07:34:17,10000.0,10029.5,Put VEX 4,VEX,0.0,,7700.0
2025-05-21 07:34:17,10100.0,10129.75,Put CEX 3,CEX,0.0,,7700.0
2025-05-21 07:34:17,10100.0,10129.75,Put VEX 3,VEX,0.0,,7700.0
2025-05-21 07:34:17,10200.0,10230.0,Put CEX 2,CEX,0.0,,7700.0
2025-05-21 07:34:17,10200.0,10230.0,Put VEX 2,VEX,0.0,,7700.0
2025-05-21 07:34:17,10400.0,10430.5,Put CEX 1,CEX,0.0,,7700.0
2025-05-21 07:34:17,10400.0,10430.5,Put VEX 1,VEX,0.0,,7700.0
2025-05-21 07:34:17,12000.0,12035.25,Call CEX 1,CEX,0.0,,7700.0
2025-05-21 07:34:17,12000.0,12035.25,Call VEX 1,VEX,0.0,,7700.0
2025-05-21 07:35:35,200.0,200.5,Call CEX 2,CEX,0.0,,7700.0
2025-05-21 07:35:35,200.0,200.5,Call VEX 2,VEX,0.0,,7700.0
2025-05-21 07:35:35,400.0,401.25,Call CEX 3,CEX,0.0,,7700.0
2025-05-21 07:35:35,400.0,401.25,Call VEX 3,VEX,0.0,,7700.0
2025-05-21 07:35:35,600.0,601.75,Call CEX 4,CEX,0.0,,7700.0
2025-05-21 07:35:35,600.0,601.75,Call VEX 4,VEX,0.0,,7700.0
2025-05-21 07:35:35,800.0,802.25,Call CEX 5,CEX,0.0,,7700.0
2025-05-21 07:35:35,800.0,802.25,Call VEX 5,VEX,0.0,,7700.0
2025-05-21 07:35:35,4000.0,4011.75,Call DEX 1,DEX,886.026,,7700.0
2025-05-21 07:35:35,4750.0,4764.0,Put DEX 5,DEX,-47.338,,7700.0
2025-05-21 07:35:35,4800.0,4814.25,Put DEX 1,DEX,-261.269,,7700.0
2025-05-21 07:35:35,4800.0,4814.25,Put GEX 1,GEX,-77263.349,,7700.0
2025-05-21 07:35:35,4850.0,4864.25,Put DEX 2,DEX,-223.599,,7700.0
2025-05-21 07:35:35,4850.0,4864.25,Put GEX 2,GEX,-67278.286,,7700.0
2025-05-21 07:35:35,5000.0,5014.75,Call DEX 2,DEX,753.454,,7700.0
2025-05-21 07:35:35,5200.0,5215.5,Put DEX 4,DEX,-55.832,,7700.0
2025-05-21 07:35:35,5200.0,5215.5,Put GEX 4,GEX,-42572.352,,7700.0
2025-05-21 07:35:35,5300.0,5315.75,Put GEX 5,GEX,-27618.062,,7700.0
2025-05-21 07:35:35,5310.0,5325.75,Put DEX 3,DEX,-86.118,,7700.0
2025-05-21 07:35:35,5310.0,5325.75,Put GEX 3,GEX,-47415.703,,7700.0
2025-05-21 07:35:35,5700.0,5717.0,Call DEX 5,DEX,109.206,,7700.0
2025-05-21 07:35:35,5905.0,5922.5,Call DEX 3,DEX,134.813,,7700.0
2025-05-21 07:35:35,5905.0,5922.5,Call GEX 3,GEX,132877.614,,7700.0
2025-05-21 07:35:35,6000.0,6017.75,Call GEX 1,GEX,219567.746,,7700.0
2025-05-21 07:35:35,6050.0,6068.0,Call GEX 5,GEX,88233.741,,7700.0
2025-05-21 07:35:35,6100.0,6118.0,Call DEX 4,DEX,112.824,,7700.0
2025-05-21 07:35:35,6100.0,6118.0,Call GEX 2,GEX,199794.703,,7700.0
2025-05-21 07:35:35,6200.0,6218.25,Call GEX 4,GEX,105346.468,,7700.0
2025-05-21 07:35:35,9600.0,9628.5,Put CEX 5,CEX,0.0,,7700.0
2025-05-21 07:35:35,9600.0,9628.5,Put VEX 5,VEX,0.0,,7700.0
2025-05-21 07:35:35,10000.0,10029.75,Put CEX 4,CEX,0.0,,7700.0
2025-05-21 07:35:35,10000.0,10029.75,Put VEX 4,VEX,0.0,,7700.0
2025-05-21 07:35:35,10100.0,10130.0,Put CEX 3,CEX,0.0,,7700.0
2025-05-21 07:35:35,10100.0,10130.0,Put VEX 3,VEX,0.0,,7700.0
2025-05-21 07:35:35,10200.0,10230.25,Put CEX 2,CEX,0.0,,7700.0
2025-05-21 07:35:35,10200.0,10230.25,Put VEX 2,VEX,0.0,,7700.0
2025-05-21 07:35:35,10400.0,10430.75,Put CEX 1,CEX,0.0,,7700.0
2025-05-21 07:35:35,10400.0,10430.75,Put VEX 1,VEX,0.0,,7700.0
2025-05-21 07:35:35,12000.0,12035.5,Call CEX 1,CEX,0.0,,7700.0
2025-05-21 07:35:35,12000.0,12035.5,Call VEX 1,VEX,0.0,,7700.0
2025-05-21 07:36:57,200.0,200.5,Call CEX 2,CEX,0.0,,7700.0
2025-05-21 07:36:57,200.0,200.5,Call VEX 2,VEX,0.0,,7700.0
2025-05-21 07:36:57,400.0,401.25,Call CEX 3,CEX,0.0,,7700.0
2025-05-21 07:36:57,400.0,401.25,Call VEX 3,VEX,0.0,,7700.0
2025-05-21 07:36:57,600.0,601.75,Call CEX 4,CEX,0.0,,7700.0
2025-05-21 07:36:57,600.0,601.75,Call VEX 4,VEX,0.0,,7700.0
2025-05-21 07:36:57,800.0,802.25,Call CEX 5,CEX,0.0,,7700.0
2025-05-21 07:36:57,800.0,802.25,Call VEX 5,VEX,0.0,,7700.0
2025-05-21 07:36:57,4000.0,4011.25,Call DEX 1,DEX,886.22,,7700.0
2025-05-21 07:36:57,4750.0,4763.5,Put DEX 5,DEX,-47.331,,7700.0
2025-05-21 07:36:57,4800.0,4813.5,Put DEX 1,DEX,-261.285,,7700.0
2025-05-21 07:36:57,4800.0,4813.5,Put GEX 1,GEX,-77229.937,,7700.0
2025-05-21 07:36:57,4850.0,4863.75,Put DEX 2,DEX,-223.597,,7700.0
2025-05-21 07:36:57,4850.0,4863.75,Put GEX 2,GEX,-67245.802,,7700.0
2025-05-21 07:36:57,5000.0,5014.25,Call DEX 2,DEX,752.428,,7700.0
2025-05-21 07:36:57,5200.0,5214.75,Put DEX 4,DEX,-56.123,,7700.0
2025-05-21 07:36:57,5200.0,5214.75,Put GEX 4,GEX,-42756.695,,7700.0
2025-05-21 07:36:57,5300.0,5315.0,Put GEX 5,GEX,-27969.841,,7700.0
2025-05-21 07:36:57,5310.0,5325.0,Put DEX 3,DEX,-86.113,,7700.0
2025-05-21 07:36:57,5310.0,5325.0,Put GEX 3,GEX,-47419.175,,7700.0
2025-05-21 07:36:57,5700.0,5716.25,Call DEX 5,DEX,109.253,,7700.0
2025-05-21 07:36:57,5905.0,5921.75,Call DEX 3,DEX,134.971,,7700.0
2025-05-21 07:36:57,5905.0,5921.75,Call GEX 3,GEX,131699.189,,7700.0
2025-05-21 07:36:57,6000.0,6017.0,Call GEX 1,GEX,207841.922,,7700.0
2025-05-21 07:36:57,6050.0,6067.0,Call GEX 5,GEX,87592.906,,7700.0
2025-05-21 07:36:57,6100.0,6117.25,Call DEX 4,DEX,113.037,,7700.0
2025-05-21 07:36:57,6100.0,6117.25,Call GEX 2,GEX,199288.792,,7700.0
2025-05-21 07:36:57,6200.0,6217.5,Call GEX 4,GEX,105377.554,,7700.0
2025-05-21 07:36:57,9600.0,9627.25,Put CEX 5,CEX,0.0,,7700.0
2025-05-21 07:36:57,9600.0,9627.25,Put VEX 5,VEX,0.0,,7700.0
2025-05-21 07:36:57,10000.0,10028.25,Put CEX 4,CEX,0.0,,7700.0
2025-05-21 07:36:57,10000.0,10028.25,Put VEX 4,VEX,0.0,,7700.0
2025-05-21 07:36:57,10100.0,10128.5,Put CEX 3,CEX,0.0,,7700.0
2025-05-21 07:36:57,10100.0,10128.5,Put VEX 3,VEX,0.0,,7700.0
2025-05-21 07:36:57,10200.0,10228.75,Put CEX 2,CEX,0.0,,7700.0
2025-05-21 07:36:57,10200.0,10228.75,Put VEX 2,VEX,0.0,,7700.0
2025-05-21 07:36:57,10400.0,10429.5,Put CEX 1,CEX,0.0,,7700.0
2025-05-21 07:36:57,10400.0,10429.5,Put VEX 1,VEX,0.0,,7700.0
2025-05-21 07:36:57,12000.0,12034.0,Call CEX 1,CEX,0.0,,7700.0
2025-05-21 07:36:57,12000.0,12034.0,Call VEX 1,VEX,0.0,,7700.0
2025-05-21 07:38:15,200.0,200.5,Call CEX 2,CEX,0.0,,7700.0
2025-05-21 07:38:15,200.0,200.5,Call VEX 2,VEX,0.0,,7700.0
2025-05-21 07:38:15,400.0,401.25,Call CEX 3,CEX,0.0,,7700.0
2025-05-21 07:38:15,400.0,401.25,Call VEX 3,VEX,0.0,,7700.0
2025-05-21 07:38:15,600.0,601.75,Call CEX 4,CEX,0.0,,7700.0
2025-05-21 07:38:15,600.0,601.75,Call VEX 4,VEX,0.0,,7700.0
2025-05-21 07:38:15,800.0,802.25,Call CEX 5,CEX,0.0,,7700.0
2025-05-21 07:38:15,800.0,802.25,Call VEX 5,VEX,0.0,,7700.0
2025-05-21 07:38:15,4000.0,4011.5,Call DEX 1,DEX,887.378,,7700.0
2025-05-21 07:38:15,4750.0,4763.5,Put DEX 5,DEX,-47.31,,7700.0
2025-05-21 07:38:15,4800.0,4813.75,Put DEX 1,DEX,-261.28,,7700.0
2025-05-21 07:38:15,4800.0,4813.75,Put GEX 1,GEX,-77037.703,,7700.0
2025-05-21 07:38:15,4850.0,4863.75,Put DEX 2,DEX,-223.64,,7700.0
2025-05-21 07:38:15,4850.0,4863.75,Put GEX 2,GEX,-67085.114,,7700.0
2025-05-21 07:38:15,5000.0,5014.25,Call DEX 2,DEX,759.051,,7700.0
2025-05-21 07:38:15,5200.0,5214.75,Put DEX 4,DEX,-55.69,,7700.0
2025-05-21 07:38:15,5200.0,5214.75,Put GEX 4,GEX,-42320.174,,7700.0
2025-05-21 07:38:15,5300.0,5315.25,Put GEX 5,GEX,-27363.763,,7700.0
2025-05-21 07:38:15,5310.0,5325.25,Put DEX 3,DEX,-86.041,,7700.0
2025-05-21 07:38:15,5310.0,5325.25,Put GEX 3,GEX,-47099.995,,7700.0
2025-05-21 07:38:15,5700.0,5716.25,Call DEX 5,DEX,111.739,,7700.0
2025-05-21 07:38:15,5905.0,5921.75,Call DEX 3,DEX,135.666,,7700.0
2025-05-21 07:38:15,5905.0,5921.75,Call GEX 3,GEX,136819.963,,7700.0
2025-05-21 07:38:15,6000.0,6017.25,Call GEX 1,GEX,256752.198,,7700.0
2025-05-21 07:38:15,6050.0,6067.25,Call GEX 5,GEX,91754.111,,7700.0
2025-05-21 07:38:15,6100.0,6117.5,Call DEX 4,DEX,113.507,,7700.0
2025-05-21 07:38:15,6100.0,6117.5,Call GEX 2,GEX,205558.392,,7700.0
2025-05-21 07:38:15,6200.0,6217.75,Call GEX 4,GEX,107437.3,,7700.0
2025-05-21 07:38:15,9600.0,9627.5,Put CEX 5,CEX,0.0,,7700.0
2025-05-21 07:38:15,9600.0,9627.5,Put VEX 5,VEX,0.0,,7700.0
2025-05-21 07:38:15,10000.0,10028.5,Put CEX 4,CEX,0.0,,7700.0
2025-05-21 07:38:15,10000.0,10028.5,Put VEX 4,VEX,0.0,,7700.0
2025-05-21 07:38:15,10100.0,10128.75,Put CEX 3,CEX,0.0,,7700.0
2025-05-21 07:38:15,10100.0,10128.75,Put VEX 3,VEX,0.0,,7700.0
2025-05-21 07:38:15,10200.0,10229.0,Put CEX 2,CEX,0.0,,7700.0
2025-05-21 07:38:15,10200.0,10229.0,Put VEX 2,VEX,0.0,,7700.0
2025-05-21 07:38:15,10400.0,10429.75,Put CEX 1,CEX,0.0,,7700.0
2025-05-21 07:38:15,10400.0,10429.75,Put VEX 1,VEX,0.0,,7700.0
2025-05-21 07:38:15,12000.0,12034.25,Call CEX 1,CEX,0.0,,7700.0
2025-05-21 07:38:15,12000.0,12034.25,Call VEX 1,VEX,0.0,,7700.0
2025-05-21 07:39:32,200.0,200.5,Call CEX 2,CEX,0.0,,7700.0
2025-05-21 07:39:32,200.0,200.5,Call VEX 2,VEX,0.0,,7700.0
2025-05-21 07:39:32,400.0,401.25,Call CEX 3,CEX,0.0,,7700.0
2025-05-21 07:39:32,400.0,401.25,Call VEX 3,VEX,0.0,,7700.0
2025-05-21 07:39:32,600.0,601.75,Call CEX 4,CEX,0.0,,7700.0
2025-05-21 07:39:32,600.0,601.75,Call VEX 4,VEX,0.0,,7700.0
2025-05-21 07:39:32,800.0,802.25,Call CEX 5,CEX,0.0,,7700.0
2025-05-21 07:39:32,800.0,802.25,Call VEX 5,VEX,0.0,,7700.0
2025-05-21 07:39:32,4000.0,4011.75,Call DEX 1,DEX,885.549,,7700.0
2025-05-21 07:39:32,4750.0,4763.75,Put DEX 5,DEX,-47.343,,7700.0
2025-05-21 07:39:32,4800.0,4814.0,Put DEX 1,DEX,-261.289,,7700.0
2025-05-21 07:39:32,4800.0,4814.0,Put GEX 1,GEX,-77314.733,,7700.0
2025-05-21 07:39:32,4850.0,4864.25,Put DEX 2,DEX,-223.578,,7700.0
2025-05-21 07:39:32,4850.0,4864.25,Put GEX 2,GEX,-67313.648,,7700.0
2025-05-21 07:39:32,5000.0,5014.5,Call DEX 2,DEX,748.931,,7700.0
2025-05-21 07:39:32,5200.0,5215.25,Put DEX 4,DEX,-56.274,,7700.0
2025-05-21 07:39:32,5200.0,5215.25,Put GEX 4,GEX,-42940.48,,7700.0
2025-05-21 07:39:32,5300.0,5315.5,Put GEX 5,GEX,-28173.897,,7700.0
2025-05-21 07:39:32,5310.0,5325.5,Put DEX 3,DEX,-86.11,,7700.0
2025-05-21 07:39:32,5310.0,5325.5,Put GEX 3,GEX,-47546.445,,7700.0
2025-05-21 07:39:32,5700.0,5716.75,Call DEX 5,DEX,107.368,,7700.0
2025-05-21 07:39:32,5905.0,5922.25,Call DEX 3,DEX,134.702,,7700.0
2025-05-21 07:39:32,5905.0,5922.25,Call GEX 3,GEX,129557.246,,7700.0
2025-05-21 07:39:32,6000.0,6017.5,Call GEX 2,GEX,185678.282,,7700.0
2025-05-21 07:39:32,6050.0,6067.75,Call GEX 5,GEX,86051.458,,7700.0
2025-05-21 07:39:32,6100.0,6117.75,Call DEX 4,DEX,112.842,,7700.0
2025-05-21 07:39:32,6100.0,6117.75,Call GEX 1,GEX,196427.365,,7700.0
2025-05-21 07:39:32,6200.0,6218.0,Call GEX 4,GEX,104585.371,,7700.0
2025-05-21 07:39:32,9600.0,9628.0,Put CEX 5,CEX,0.0,,7700.0
2025-05-21 07:39:32,9600.0,9628.0,Put VEX 5,VEX,0.0,,7700.0
2025-05-21 07:39:32,10000.0,10029.25,Put CEX 4,CEX,0.0,,7700.0
2025-05-21 07:39:32,10000.0,10029.25,Put VEX 4,VEX,0.0,,7700.0
2025-05-21 07:39:32,10100.0,10129.5,Put CEX 3,CEX,0.0,,7700.0
2025-05-21 07:39:32,10100.0,10129.5,Put VEX 3,VEX,0.0,,7700.0
2025-05-21 07:39:32,10200.0,10229.75,Put CEX 2,CEX,0.0,,7700.0
2025-05-21 07:39:32,10200.0,10229.75,Put VEX 2,VEX,0.0,,7700.0
2025-05-21 07:39:32,10400.0,10430.25,Put CEX 1,CEX,0.0,,7700.0
2025-05-21 07:39:32,10400.0,10430.25,Put VEX 1,VEX,0.0,,7700.0
2025-05-21 07:39:32,12000.0,12035.0,Call CEX 1,CEX,0.0,,7700.0
2025-05-21 07:39:32,12000.0,12035.0,Call VEX 1,VEX,0.0,,7700.0
2025-05-21 07:40:49,200.0,200.5,Call CEX 2,CEX,0.0,,7700.0
2025-05-21 07:40:49,200.0,200.5,Call VEX 2,VEX,0.0,,7700.0
2025-05-21 07:40:49,400.0,401.25,Call CEX 3,CEX,0.0,,7700.0
2025-05-21 07:40:49,400.0,401.25,Call VEX 3,VEX,0.0,,7700.0
2025-05-21 07:40:49,600.0,601.75,Call CEX 4,CEX,0.0,,7700.0
2025-05-21 07:40:49,600.0,601.75,Call VEX 4,VEX,0.0,,7700.0
2025-05-21 07:40:49,800.0,802.5,Call CEX 5,CEX,0.0,,7700.0
2025-05-21 07:40:49,800.0,802.5,Call VEX 5,VEX,0.0,,7700.0
2025-05-21 07:40:49,4000.0,4012.0,Call DEX 1,DEX,887.016,,7700.0
2025-05-21 07:40:49,4750.0,4764.25,Put DEX 5,DEX,-47.334,,7700.0
2025-05-21 07:40:49,4800.0,4814.25,Put DEX 1,DEX,-261.304,,7700.0
2025-05-21 07:40:49,4800.0,4814.25,Put GEX 1,GEX,-77034.126,,7700.0
2025-05-21 07:40:49,4850.0,4864.5,Put DEX 2,DEX,-223.634,,7700.0
2025-05-21 07:40:49,4850.0,4864.5,Put GEX 2,GEX,-67078.189,,7700.0
2025-05-21 07:40:49,5000.0,5015.0,Call DEX 2,DEX,753.39,,7700.0
2025-05-21 07:40:49,5200.0,5215.5,Put DEX 4,DEX,-56.036,,7700.0
2025-05-21 07:40:49,5200.0,5215.5,Put GEX 4,GEX,-42596.251,,7700.0
2025-05-21 07:40:49,5300.0,5315.75,Put GEX 5,GEX,-27853.699,,7700.0
2025-05-21 07:40:49,5310.0,5326.0,Put DEX 3,DEX,-86.053,,7700.0
2025-05-21 07:40:49,5310.0,5326.0,Put GEX 3,GEX,-47246.858,,7700.0
2025-05-21 07:40:49,5700.0,5717.0,Call DEX 5,DEX,110.735,,7700.0
2025-05-21 07:40:49,5905.0,5922.75,Call DEX 3,DEX,135.688,,7700.0
2025-05-21 07:40:49,5905.0,5922.75,Call GEX 3,GEX,131641.122,,7700.0
2025-05-21 07:40:49,6000.0,6018.0,Call GEX 1,GEX,209820.111,,7700.0
2025-05-21 07:40:49,6050.0,6068.0,Call GEX 5,GEX,88366.804,,7700.0
2025-05-21 07:40:49,6100.0,6118.25,Call DEX 4,DEX,113.861,,7700.0
2025-05-21 07:40:49,6100.0,6118.25,Call GEX 2,GEX,201539.044,,7700.0
2025-05-21 07:40:49,6200.0,6218.5,Call GEX 4,GEX,106532.351,,7700.0
2025-05-21 07:40:49,9600.0,9628.75,Put CEX 5,CEX,0.0,,7700.0
2025-05-21 07:40:49,9600.0,9628.75,Put VEX 5,VEX,0.0,,7700.0
2025-05-21 07:40:49,10000.0,10030.0,Put CEX 4,CEX,0.0,,7700.0
2025-05-21 07:40:49,10000.0,10030.0,Put VEX 4,VEX,0.0,,7700.0
2025-05-21 07:40:49,10100.0,10130.25,Put CEX 3,CEX,0.0,,7700.0
2025-05-21 07:40:49,10100.0,10130.25,Put VEX 3,VEX,0.0,,7700.0
2025-05-21 07:40:49,10200.0,10230.5,Put CEX 2,CEX,0.0,,7700.0
2025-05-21 07:40:49,10200.0,10230.5,Put VEX 2,VEX,0.0,,7700.0
2025-05-21 07:40:49,10400.0,10431.0,Put CEX 1,CEX,0.0,,7700.0
2025-05-21 07:40:49,10400.0,10431.0,Put VEX 1,VEX,0.0,,7700.0
2025-05-21 07:40:49,12000.0,12036.0,Call CEX 1,CEX,0.0,,7700.0
2025-05-21 07:40:49,12000.0,12036.0,Call VEX 1,VEX,0.0,,7700.0
2025-05-21 07:42:10,200.0,200.5,Call CEX 2,CEX,0.0,,7700.0
2025-05-21 07:42:10,200.0,200.5,Call VEX 2,VEX,0.0,,7700.0
2025-05-21 07:42:10,400.0,401.25,Call CEX 3,CEX,0.0,,7700.0
2025-05-21 07:42:10,400.0,401.25,Call VEX 3,VEX,0.0,,7700.0
2025-05-21 07:42:10,600.0,601.75,Call CEX 4,CEX,0.0,,7700.0
2025-05-21 07:42:10,600.0,601.75,Call VEX 4,VEX,0.0,,7700.0
2025-05-21 07:42:10,800.0,802.5,Call CEX 5,CEX,0.0,,7700.0
2025-05-21 07:42:10,800.0,802.5,Call VEX 5,VEX,0.0,,7700.0
2025-05-21 07:42:10,4000.0,4012.0,Call DEX 1,DEX,887.691,,7700.0
2025-05-21 07:42:10,4750.0,4764.25,Put DEX 5,DEX,-47.343,,7700.0
2025-05-21 07:42:10,4800.0,4814.25,Put DEX 1,DEX,-261.345,,7700.0
2025-05-21 07:42:10,4800.0,4814.25,Put GEX 1,GEX,-76890.338,,7700.0
2025-05-21 07:42:10,4850.0,4864.5,Put DEX 2,DEX,-223.67,,7700.0
2025-05-21 07:42:10,4850.0,4864.5,Put GEX 2,GEX,-66946.212,,7700.0
2025-05-21 07:42:10,5000.0,5015.0,Call DEX 2,DEX,755.718,,7700.0
2025-05-21 07:42:10,5200.0,5215.5,Put DEX 4,DEX,-55.885,,7700.0
2025-05-21 07:42:10,5200.0,5215.5,Put GEX 4,GEX,-42403.96,,7700.0
2025-05-21 07:42:10,5300.0,5315.75,Put GEX 5,GEX,-27325.95,,7700.0
2025-05-21 07:42:10,5310.0,5325.75,Put DEX 3,DEX,-86.0,,7700.0
2025-05-21 07:42:10,5310.0,5325.75,Put GEX 3,GEX,-47076.553,,7700.0
2025-05-21 07:42:10,5700.0,5717.0,Call DEX 5,DEX,112.072,,7700.0
2025-05-21 07:42:10,5905.0,5922.5,Call DEX 3,DEX,136.259,,7700.0
2025-05-21 07:42:10,5905.0,5922.5,Call GEX 3,GEX,133184.777,,7700.0
2025-05-21 07:42:10,6000.0,6017.75,Call GEX 1,GEX,222766.683,,7700.0
2025-05-21 07:42:10,6050.0,6068.0,Call GEX 5,GEX,89836.915,,7700.0
2025-05-21 07:42:10,6100.0,6118.25,Call DEX 4,DEX,114.423,,7700.0
2025-05-21 07:42:10,6100.0,6118.25,Call GEX 2,GEX,204328.631,,7700.0
2025-05-21 07:42:10,6200.0,6218.5,Call GEX 4,GEX,107629.171,,7700.0
2025-05-21 07:42:10,9600.0,9628.5,Put CEX 5,CEX,0.0,,7700.0
2025-05-21 07:42:10,9600.0,9628.5,Put VEX 5,VEX,0.0,,7700.0
2025-05-21 07:42:10,10000.0,10029.75,Put CEX 4,CEX,0.0,,7700.0
2025-05-21 07:42:10,10000.0,10029.75,Put VEX 4,VEX,0.0,,7700.0
2025-05-21 07:42:10,10100.0,10130.0,Put CEX 3,CEX,0.0,,7700.0
2025-05-21 07:42:10,10100.0,10130.0,Put VEX 3,VEX,0.0,,7700.0
2025-05-21 07:42:10,10200.0,10230.5,Put CEX 2,CEX,0.0,,7700.0
2025-05-21 07:42:10,10200.0,10230.5,Put VEX 2,VEX,0.0,,7700.0
2025-05-21 07:42:10,10400.0,10431.0,Put CEX 1,CEX,0.0,,7700.0
2025-05-21 07:42:10,10400.0,10431.0,Put VEX 1,VEX,0.0,,7700.0
2025-05-21 07:42:10,12000.0,12035.75,Call CEX 1,CEX,0.0,,7700.0
2025-05-21 07:42:10,12000.0,12035.75,Call VEX 1,VEX,0.0,,7700.0
2025-05-21 07:43:29,200.0,200.5,Call CEX 2,CEX,0.0,,7700.0
2025-05-21 07:43:29,200.0,200.5,Call VEX 2,VEX,0.0,,7700.0
2025-05-21 07:43:29,400.0,401.25,Call CEX 3,CEX,0.0,,7700.0
2025-05-21 07:43:29,400.0,401.25,Call VEX 3,VEX,0.0,,7700.0
2025-05-21 07:43:29,600.0,601.75,Call CEX 4,CEX,0.0,,7700.0
2025-05-21 07:43:29,600.0,601.75,Call VEX 4,VEX,0.0,,7700.0
2025-05-21 07:43:29,800.0,802.25,Call CEX 5,CEX,0.0,,7700.0
2025-05-21 07:43:29,800.0,802.25,Call VEX 5,VEX,0.0,,7700.0
2025-05-21 07:43:29,4000.0,4011.5,Call DEX 1,DEX,887.444,,7700.0
2025-05-21 07:43:29,4750.0,4763.75,Put DEX 5,DEX,-47.333,,7700.0
2025-05-21 07:43:29,4800.0,4814.0,Put DEX 1,DEX,-261.322,,7700.0
2025-05-21 07:43:29,4800.0,4814.0,Put GEX 1,GEX,-76922.569,,7700.0
2025-05-21 07:43:29,4850.0,4864.0,Put DEX 2,DEX,-223.656,,7700.0
2025-05-21 07:43:29,4850.0,4864.0,Put GEX 2,GEX,-66979.02,,7700.0
2025-05-21 07:43:29,5000.0,5014.5,Call DEX 2,DEX,756.123,,7700.0
2025-05-21 07:43:29,5200.0,5215.0,Put DEX 4,DEX,-55.866,,7700.0
2025-05-21 07:43:29,5200.0,5215.0,Put GEX 4,GEX,-42408.868,,7700.0
2025-05-21 07:43:29,5300.0,5315.5,Put GEX 5,GEX,-27606.424,,7700.0
2025-05-21 07:43:29,5310.0,5325.5,Put DEX 3,DEX,-86.012,,7700.0
2025-05-21 07:43:29,5310.0,5325.5,Put GEX 3,GEX,-47096.568,,7700.0
2025-05-21 07:43:29,5700.0,5716.5,Call DEX 5,DEX,112.112,,7700.0
2025-05-21 07:43:29,5905.0,5922.25,Call DEX 3,DEX,136.134,,7700.0
2025-05-21 07:43:29,5905.0,5922.25,Call GEX 3,GEX,133640.624,,7700.0
2025-05-21 07:43:29,6000.0,6017.5,Call GEX 1,GEX,228672.181,,7700.0
2025-05-21 07:43:29,6050.0,6067.5,Call GEX 5,GEX,90039.981,,7700.0
2025-05-21 07:43:29,6100.0,6117.75,Call DEX 4,DEX,114.292,,7700.0
2025-05-21 07:43:29,6100.0,6117.75,Call GEX 2,GEX,204343.026,,7700.0
2025-05-21 07:43:29,6200.0,6218.0,Call GEX 4,GEX,107463.918,,7700.0
2025-05-21 07:43:29,9600.0,9628.0,Put CEX 5,CEX,0.0,,7700.0
2025-05-21 07:43:29,9600.0,9628.0,Put VEX 5,VEX,0.0,,7700.0
2025-05-21 07:43:29,10000.0,10029.0,Put CEX 4,CEX,0.0,,7700.0
2025-05-21 07:43:29,10000.0,10029.0,Put VEX 4,VEX,0.0,,7700.0
2025-05-21 07:43:29,10100.0,10129.25,Put CEX 3,CEX,0.0,,7700.0
2025-05-21 07:43:29,10100.0,10129.25,Put VEX 3,VEX,0.0,,7700.0
2025-05-21 07:43:29,10200.0,10229.75,Put CEX 2,CEX,0.0,,7700.0
2025-05-21 07:43:29,10200.0,10229.75,Put VEX 2,VEX,0.0,,7700.0
2025-05-21 07:43:29,10400.0,10430.25,Put CEX 1,CEX,0.0,,7700.0
2025-05-21 07:43:29,10400.0,10430.25,Put VEX 1,VEX,0.0,,7700.0
2025-05-21 07:43:29,12000.0,12034.75,Call CEX 1,CEX,0.0,,7700.0
2025-05-21 07:43:29,12000.0,12034.75,Call VEX 1,VEX,0.0,,7700.0
2025-05-21 07:44:47,200.0,200.5,Call CEX 2,CEX,0.0,,7700.0
2025-05-21 07:44:47,200.0,200.5,Call VEX 2,VEX,0.0,,7700.0
2025-05-21 07:44:47,400.0,401.0,Call CEX 3,CEX,0.0,,7700.0
2025-05-21 07:44:47,400.0,401.0,Call VEX 3,VEX,0.0,,7700.0
2025-05-21 07:44:47,600.0,601.75,Call CEX 4,CEX,0.0,,7700.0
2025-05-21 07:44:47,600.0,601.75,Call VEX 4,VEX,0.0,,7700.0
2025-05-21 07:44:47,800.0,802.25,Call CEX 5,CEX,0.0,,7700.0
2025-05-21 07:44:47,800.0,802.25,Call VEX 5,VEX,0.0,,7700.0
2025-05-21 07:44:47,4000.0,4011.25,Call DEX 1,DEX,887.849,,7700.0
2025-05-21 07:44:47,4750.0,4763.25,Put DEX 5,DEX,-47.319,,7700.0
2025-05-21 07:44:47,4800.0,4813.5,Put DEX 1,DEX,-261.304,,7700.0
2025-05-21 07:44:47,4800.0,4813.5,Put GEX 1,GEX,-76954.621,,7700.0
2025-05-21 07:44:47,4850.0,4863.5,Put DEX 2,DEX,-223.666,,7700.0
2025-05-21 07:44:47,4850.0,4863.5,Put GEX 2,GEX,-67007.337,,7700.0
2025-05-21 07:44:47,5000.0,5014.0,Call DEX 2,DEX,759.417,,7700.0
2025-05-21 07:44:47,5200.0,5214.5,Put DEX 4,DEX,-55.675,,7700.0
2025-05-21 07:44:47,5200.0,5214.5,Put GEX 4,GEX,-42261.699,,7700.0
2025-05-21 07:44:47,5300.0,5314.75,Put GEX 5,GEX,-27327.228,,7700.0
2025-05-21 07:44:47,5310.0,5324.75,Put DEX 3,DEX,-85.996,,7700.0
2025-05-21 07:44:47,5310.0,5324.75,Put GEX 3,GEX,-47030.37,,7700.0
2025-05-21 07:44:47,5700.0,5716.0,Call DEX 5,DEX,112.532,,7700.0
2025-05-21 07:44:47,5905.0,5921.5,Call DEX 3,DEX,135.993,,7700.0
2025-05-21 07:44:47,5905.0,5921.5,Call GEX 3,GEX,136843.631,,7700.0
2025-05-21 07:44:47,6000.0,6016.75,Call GEX 1,GEX,255519.82,,7700.0
2025-05-21 07:44:47,6050.0,6067.0,Call GEX 5,GEX,91757.714,,7700.0
2025-05-21 07:44:47,6100.0,6117.0,Call DEX 4,DEX,113.953,,7700.0
2025-05-21 07:44:47,6100.0,6117.0,Call GEX 2,GEX,206192.269,,7700.0
2025-05-21 07:44:47,6200.0,6217.25,Call GEX 4,GEX,107824.66,,7700.0
2025-05-21 07:44:47,9600.0,9627.0,Put CEX 5,CEX,0.0,,7700.0
2025-05-21 07:44:47,9600.0,9627.0,Put VEX 5,VEX,0.0,,7700.0
2025-05-21 07:44:47,10000.0,10028.0,Put CEX 4,CEX,0.0,,7700.0
2025-05-21 07:44:47,10000.0,10028.0,Put VEX 4,VEX,0.0,,7700.0
2025-05-21 07:44:47,10100.0,10128.25,Put CEX 3,CEX,0.0,,7700.0
2025-05-21 07:44:47,10100.0,10128.25,Put VEX 3,VEX,0.0,,7700.0
2025-05-21 07:44:47,10200.0,10228.5,Put CEX 2,CEX,0.0,,7700.0
2025-05-21 07:44:47,10200.0,10228.5,Put VEX 2,VEX,0.0,,7700.0
2025-05-21 07:44:47,10400.0,10429.0,Put CEX 1,CEX,0.0,,7700.0
2025-05-21 07:44:47,10400.0,10429.0,Put VEX 1,VEX,0.0,,7700.0
2025-05-21 07:44:47,12000.0,12033.5,Call CEX 1,CEX,0.0,,7700.0
2025-05-21 07:44:47,12000.0,12033.5,Call VEX 1,VEX,0.0,,7700.0
2025-05-21 07:46:08,200.0,200.5,Call CEX 2,CEX,0.0,,7700.0
2025-05-21 07:46:08,200.0,200.5,Call VEX 2,VEX,0.0,,7700.0
2025-05-21 07:46:08,400.0,401.25,Call CEX 3,CEX,0.0,,7700.0
2025-05-21 07:46:08,400.0,401.25,Call VEX 3,VEX,0.0,,7700.0
2025-05-21 07:46:08,600.0,601.75,Call CEX 4,CEX,0.0,,7700.0
2025-05-21 07:46:08,600.0,601.75,Call VEX 4,VEX,0.0,,7700.0
2025-05-21 07:46:08,800.0,802.25,Call CEX 5,CEX,0.0,,7700.0
2025-05-21 07:46:08,800.0,802.25,Call VEX 5,VEX,0.0,,7700.0
2025-05-21 07:46:08,4000.0,4011.5,Call DEX 1,DEX,886.612,,7700.0
2025-05-21 07:46:08,4750.0,4763.75,Put DEX 5,DEX,-47.333,,7700.0
2025-05-21 07:46:08,4800.0,4814.0,Put DEX 1,DEX,-261.287,,7700.0
2025-05-21 07:46:08,4800.0,4814.0,Put GEX 1,GEX,-77156.111,,7700.0
2025-05-21 07:46:08,4850.0,4864.0,Put DEX 2,DEX,-223.63,,7700.0
2025-05-21 07:46:08,4850.0,4864.0,Put GEX 2,GEX,-67179.995,,7700.0
2025-05-21 07:46:08,5000.0,5014.5,Call DEX 2,DEX,755.099,,7700.0
2025-05-21 07:46:08,5200.0,5215.0,Put DEX 4,DEX,-55.947,,7700.0
2025-05-21 07:46:08,5200.0,5215.0,Put GEX 4,GEX,-42585.169,,7700.0
2025-05-21 07:46:08,5300.0,5315.5,Put GEX 5,GEX,-27724.152,,7700.0
2025-05-21 07:46:08,5310.0,5325.5,Put DEX 3,DEX,-86.097,,7700.0
2025-05-21 07:46:08,5310.0,5325.5,Put GEX 3,GEX,-47286.265,,7700.0
2025-05-21 07:46:08,5700.0,5716.5,Call DEX 5,DEX,110.251,,7700.0
2025-05-21 07:46:08,5905.0,5922.25,Call DEX 3,DEX,135.227,,7700.0
2025-05-21 07:46:08,5905.0,5922.25,Call GEX 3,GEX,134379.425,,7700.0
2025-05-21 07:46:08,6000.0,6017.5,Call GEX 1,GEX,232618.844,,7700.0
2025-05-21 07:46:08,6050.0,6067.5,Call GEX 5,GEX,89308.942,,7700.0
2025-05-21 07:46:08,6100.0,6117.75,Call DEX 4,DEX,113.222,,7700.0
2025-05-21 07:46:08,6100.0,6117.75,Call GEX 2,GEX,201724.295,,7700.0
2025-05-21 07:46:08,6200.0,6218.0,Call GEX 4,GEX,106207.104,,7700.0
2025-05-21 07:46:08,9600.0,9628.0,Put CEX 5,CEX,0.0,,7700.0
2025-05-21 07:46:08,9600.0,9628.0,Put VEX 5,VEX,0.0,,7700.0
2025-05-21 07:46:08,10000.0,10029.0,Put CEX 4,CEX,0.0,,7700.0
2025-05-21 07:46:08,10000.0,10029.0,Put VEX 4,VEX,0.0,,7700.0
2025-05-21 07:46:08,10100.0,10129.25,Put CEX 3,CEX,0.0,,7700.0
2025-05-21 07:46:08,10100.0,10129.25,Put VEX 3,VEX,0.0,,7700.0
2025-05-21 07:46:08,10200.0,10229.5,Put CEX 2,CEX,0.0,,7700.0
2025-05-21 07:46:08,10200.0,10229.5,Put VEX 2,VEX,0.0,,7700.0
2025-05-21 07:46:08,10400.0,10430.25,Put CEX 1,CEX,0.0,,7700.0
2025-05-21 07:46:08,10400.0,10430.25,Put VEX 1,VEX,0.0,,7700.0
2025-05-21 07:46:08,12000.0,12034.75,Call CEX 1,CEX,0.0,,7700.0
2025-05-21 07:46:08,12000.0,12034.75,Call VEX 1,VEX,0.0,,7700.0
2025-05-21 07:47:29,200.0,200.5,Call CEX 2,CEX,0.0,,7700.0
2025-05-21 07:47:29,200.0,200.5,Call VEX 2,VEX,0.0,,7700.0
2025-05-21 07:47:29,400.0,401.25,Call CEX 3,CEX,0.0,,7700.0
2025-05-21 07:47:29,400.0,401.25,Call VEX 3,VEX,0.0,,7700.0
2025-05-21 07:47:29,600.0,601.75,Call CEX 4,CEX,0.0,,7700.0
2025-05-21 07:47:29,600.0,601.75,Call VEX 4,VEX,0.0,,7700.0
2025-05-21 07:47:29,800.0,802.25,Call CEX 5,CEX,0.0,,7700.0
2025-05-21 07:47:29,800.0,802.25,Call VEX 5,VEX,0.0,,7700.0
2025-05-21 07:47:29,4000.0,4011.5,Call DEX 1,DEX,886.2,,7700.0
2025-05-21 07:47:29,4750.0,4763.5,Put DEX 5,DEX,-47.335,,7700.0
2025-05-21 07:47:29,4800.0,4813.75,Put DEX 1,DEX,-261.283,,7700.0
2025-05-21 07:47:29,4800.0,4813.75,Put GEX 1,GEX,-77224.491,,7700.0
2025-05-21 07:47:29,4850.0,4863.75,Put DEX 2,DEX,-223.612,,7700.0
2025-05-21 07:47:29,4850.0,4863.75,Put GEX 2,GEX,-67241.369,,7700.0
2025-05-21 07:47:29,5000.0,5014.25,Call DEX 2,DEX,753.499,,7700.0
2025-05-21 07:47:29,5200.0,5214.75,Put DEX 4,DEX,-56.06,,7700.0
2025-05-21 07:47:29,5200.0,5214.75,Put GEX 4,GEX,-42700.088,,7700.0
2025-05-21 07:47:29,5300.0,5315.25,Put GEX 5,GEX,-27868.395,,7700.0
2025-05-21 07:47:29,5310.0,5325.25,Put DEX 3,DEX,-86.106,,7700.0
2025-05-21 07:47:29,5310.0,5325.25,Put GEX 3,GEX,-47390.911,,7700.0
2025-05-21 07:47:29,5700.0,5716.25,Call DEX 5,DEX,109.579,,7700.0
2025-05-21 07:47:29,5905.0,5922.0,Call DEX 3,DEX,134.97,,7700.0
2025-05-21 07:47:29,5905.0,5922.0,Call GEX 3,GEX,133146.85,,7700.0
2025-05-21 07:47:29,6000.0,6017.25,Call GEX 1,GEX,219039.328,,7700.0
2025-05-21 07:47:29,6050.0,6067.25,Call GEX 5,GEX,88249.212,,7700.0
2025-05-21 07:47:29,6100.0,6117.5,Call DEX 4,DEX,113.061,,7700.0
2025-05-21 07:47:29,6100.0,6117.5,Call GEX 2,GEX,199998.05,,7700.0
2025-05-21 07:47:29,6200.0,6217.75,Call GEX 4,GEX,105553.608,,7700.0
2025-05-21 07:47:29,9600.0,9627.5,Put CEX 5,CEX,0.0,,7700.0
2025-05-21 07:47:29,9600.0,9627.5,Put VEX 5,VEX,0.0,,7700.0
2025-05-21 07:47:29,10000.0,10028.5,Put CEX 4,CEX,0.0,,7700.0
2025-05-21 07:47:29,10000.0,10028.5,Put VEX 4,VEX,0.0,,7700.0
2025-05-21 07:47:29,10100.0,10128.75,Put CEX 3,CEX,0.0,,7700.0
2025-05-21 07:47:29,10100.0,10128.75,Put VEX 3,VEX,0.0,,7700.0
2025-05-21 07:47:29,10200.0,10229.25,Put CEX 2,CEX,0.0,,7700.0
2025-05-21 07:47:29,10200.0,10229.25,Put VEX 2,VEX,0.0,,7700.0
2025-05-21 07:47:29,10400.0,10429.75,Put CEX 1,CEX,0.0,,7700.0
2025-05-21 07:47:29,10400.0,10429.75,Put VEX 1,VEX,0.0,,7700.0
2025-05-21 07:47:29,12000.0,12034.25,Call CEX 1,CEX,0.0,,7700.0
2025-05-21 07:47:29,12000.0,12034.25,Call VEX 1,VEX,0.0,,7700.0
2025-05-21 07:48:48,200.0,200.5,Call CEX 2,CEX,0.0,,7700.0
2025-05-21 07:48:48,200.0,200.5,Call VEX 2,VEX,0.0,,7700.0
2025-05-21 07:48:48,400.0,401.25,Call CEX 3,CEX,0.0,,7700.0
2025-05-21 07:48:48,400.0,401.25,Call VEX 3,VEX,0.0,,7700.0
2025-05-21 07:48:48,600.0,601.75,Call CEX 4,CEX,0.0,,7700.0
2025-05-21 07:48:48,600.0,601.75,Call VEX 4,VEX,0.0,,7700.0
2025-05-21 07:48:48,800.0,802.5,Call CEX 5,CEX,0.0,,7700.0
2025-05-21 07:48:48,800.0,802.5,Call VEX 5,VEX,0.0,,7700.0
2025-05-21 07:48:48,4000.0,4012.5,Call DEX 1,DEX,886.464,,7700.0
2025-05-21 07:48:48,4750.0,4764.75,Put DEX 5,DEX,-47.326,,7700.0
2025-05-21 07:48:48,4800.0,4815.0,Put DEX 1,DEX,-261.272,,7700.0
2025-05-21 07:48:48,4800.0,4815.0,Put GEX 1,GEX,-77238.793,,7700.0
2025-05-21 07:48:48,4850.0,4865.0,Put DEX 2,DEX,-223.605,,7700.0
2025-05-21 07:48:48,4850.0,4865.0,Put GEX 2,GEX,-67268.508,,7700.0
2025-05-21 07:48:48,5000.0,5015.5,Call DEX 2,DEX,755.787,,7700.0
2025-05-21 07:48:48,5200.0,5216.25,Put DEX 4,DEX,-55.937,,7700.0
2025-05-21 07:48:48,5200.0,5216.25,Put GEX 4,GEX,-42598.836,,7700.0
2025-05-21 07:48:48,5300.0,5316.5,Put GEX 5,GEX,-27672.438,,7700.0
2025-05-21 07:48:48,5310.0,5326.5,Put DEX 3,DEX,-86.111,,7700.0
2025-05-21 07:48:48,5310.0,5326.5,Put GEX 3,GEX,-47348.199,,7700.0
2025-05-21 07:48:48,5700.0,5717.75,Call DEX 5,DEX,109.774,,7700.0
2025-05-21 07:48:48,5905.0,5923.25,Call DEX 3,DEX,134.848,,7700.0
2025-05-21 07:48:48,5905.0,5923.25,Call GEX 3,GEX,134700.768,,7700.0
2025-05-21 07:48:48,6000.0,6018.75,Call GEX 1,GEX,235243.246,,7700.0
2025-05-21 07:48:48,6050.0,6068.75,Call GEX 5,GEX,89219.192,,7700.0
2025-05-21 07:48:48,6100.0,6119.0,Call DEX 4,DEX,112.891,,7700.0
2025-05-21 07:48:48,6100.0,6119.0,Call GEX 2,GEX,201067.898,,7700.0
2025-05-21 07:48:48,6200.0,6219.25,Call GEX 4,GEX,105639.92,,7700.0
2025-05-21 07:48:48,9600.0,9629.75,Put CEX 5,CEX,0.0,,7700.0
2025-05-21 07:48:48,9600.0,9629.75,Put VEX 5,VEX,0.0,,7700.0
2025-05-21 07:48:48,10000.0,10031.0,Put CEX 4,CEX,0.0,,7700.0
2025-05-21 07:48:48,10000.0,10031.0,Put VEX 4,VEX,0.0,,7700.0
2025-05-21 07:48:48,10100.0,10131.5,Put CEX 3,CEX,0.0,,7700.0
2025-05-21 07:48:48,10100.0,10131.5,Put VEX 3,VEX,0.0,,7700.0
2025-05-21 07:48:48,10200.0,10231.75,Put CEX 2,CEX,0.0,,7700.0
2025-05-21 07:48:48,10200.0,10231.75,Put VEX 2,VEX,0.0,,7700.0
2025-05-21 07:48:48,10400.0,10432.25,Put CEX 1,CEX,0.0,,7700.0
2025-05-21 07:48:48,10400.0,10432.25,Put VEX 1,VEX,0.0,,7700.0
2025-05-21 07:48:48,12000.0,12037.25,Call CEX 1,CEX,0.0,,7700.0
2025-05-21 07:48:48,12000.0,12037.25,Call VEX 1,VEX,0.0,,7700.0
2025-05-21 07:50:08,200.0,200.5,Call CEX 2,CEX,0.0,,7700.0
2025-05-21 07:50:08,200.0,200.5,Call VEX 2,VEX,0.0,,7700.0
2025-05-21 07:50:08,400.0,401.25,Call CEX 3,CEX,0.0,,7700.0
2025-05-21 07:50:08,400.0,401.25,Call VEX 3,VEX,0.0,,7700.0
2025-05-21 07:50:08,600.0,601.75,Call CEX 4,CEX,0.0,,7700.0
2025-05-21 07:50:08,600.0,601.75,Call VEX 4,VEX,0.0,,7700.0
2025-05-21 07:50:08,800.0,802.5,Call CEX 5,CEX,0.0,,7700.0
2025-05-21 07:50:08,800.0,802.5,Call VEX 5,VEX,0.0,,7700.0
2025-05-21 07:50:08,4000.0,4012.25,Call DEX 1,DEX,885.098,,7700.0
2025-05-21 07:50:08,4800.0,4814.5,Put DEX 1,DEX,-261.265,,7700.0
2025-05-21 07:50:08,4800.0,4814.5,Put GEX 1,GEX,-77452.03,,7700.0
2025-05-21 07:50:08,4850.0,4864.75,Put DEX 2,DEX,-223.567,,7700.0
2025-05-21 07:50:08,4850.0,4864.75,Put GEX 2,GEX,-67437.324,,7700.0
2025-05-21 07:50:08,4900.0,4915.0,Put DEX 5,DEX,-49.526,,7700.0
2025-05-21 07:50:08,5000.0,5015.25,Call DEX 2,DEX,748.674,,7700.0
2025-05-21 07:50:08,5200.0,5215.75,Put DEX 4,DEX,-56.331,,7700.0
2025-05-21 07:50:08,5200.0,5215.75,Put GEX 4,GEX,-43049.296,,7700.0
2025-05-21 07:50:08,5300.0,5316.0,Put GEX 5,GEX,-28310.737,,7700.0
2025-05-21 07:50:08,5310.0,5326.25,Put DEX 3,DEX,-86.191,,7700.0
2025-05-21 07:50:08,5310.0,5326.25,Put GEX 3,GEX,-47692.829,,7700.0
2025-05-21 07:50:08,5700.0,5717.25,Call DEX 5,DEX,107.028,,7700.0
2025-05-21 07:50:08,5905.0,5923.0,Call DEX 3,DEX,134.15,,7700.0
2025-05-21 07:50:08,5905.0,5923.0,Call GEX 3,GEX,130053.605,,7700.0
2025-05-21 07:50:08,6000.0,6018.25,Call GEX 2,GEX,187531.718,,7700.0
2025-05-21 07:50:08,6050.0,6068.5,Call GEX 5,GEX,84836.897,,7700.0
2025-05-21 07:50:08,6100.0,6118.5,Call DEX 4,DEX,112.423,,7700.0
2025-05-21 07:50:08,6100.0,6118.5,Call GEX 1,GEX,194661.265,,7700.0
2025-05-21 07:50:08,6200.0,6218.75,Call GEX 4,GEX,103593.612,,7700.0
2025-05-21 07:50:08,9600.0,9629.25,Put CEX 5,CEX,0.0,,7700.0
2025-05-21 07:50:08,9600.0,9629.25,Put VEX 5,VEX,0.0,,7700.0
2025-05-21 07:50:08,10000.0,10030.5,Put CEX 4,CEX,0.0,,7700.0
2025-05-21 07:50:08,10000.0,10030.5,Put VEX 4,VEX,0.0,,7700.0
2025-05-21 07:50:08,10100.0,10130.75,Put CEX 3,CEX,0.0,,7700.0
2025-05-21 07:50:08,10100.0,10130.75,Put VEX 3,VEX,0.0,,7700.0
2025-05-21 07:50:08,10200.0,10231.0,Put CEX 2,CEX,0.0,,7700.0
2025-05-21 07:50:08,10200.0,10231.0,Put VEX 2,VEX,0.0,,7700.0
2025-05-21 07:50:08,10400.0,10431.5,Put CEX 1,CEX,0.0,,7700.0
2025-05-21 07:50:08,10400.0,10431.5,Put VEX 1,VEX,0.0,,7700.0
2025-05-21 07:50:08,12000.0,12036.5,Call CEX 1,CEX,0.0,,7700.0
2025-05-21 07:50:08,12000.0,12036.5,Call VEX 1,VEX,0.0,,7700.0
2025-05-21 07:51:28,200.0,200.5,Call CEX 2,CEX,0.0,,7700.0
2025-05-21 07:51:28,200.0,200.5,Call VEX 2,VEX,0.0,,7700.0
2025-05-21 07:51:28,400.0,401.25,Call CEX 3,CEX,0.0,,7700.0
2025-05-21 07:51:28,400.0,401.25,Call VEX 3,VEX,0.0,,7700.0
2025-05-21 07:51:28,600.0,601.75,Call CEX 4,CEX,0.0,,7700.0
2025-05-21 07:51:28,600.0,601.75,Call VEX 4,VEX,0.0,,7700.0
2025-05-21 07:51:28,800.0,802.25,Call CEX 5,CEX,0.0,,7700.0
2025-05-21 07:51:28,800.0,802.25,Call VEX 5,VEX,0.0,,7700.0
2025-05-21 07:51:28,4000.0,4011.75,Call DEX 1,DEX,886.184,,7700.0
2025-05-21 07:51:28,4750.0,4764.0,Put DEX 5,DEX,-47.337,,7700.0
2025-05-21 07:51:28,4800.0,4814.25,Put DEX 1,DEX,-261.298,,7700.0
2025-05-21 07:51:28,4800.0,4814.25,Put GEX 1,GEX,-77202.254,,7700.0
2025-05-21 07:51:28,4850.0,4864.25,Put DEX 2,DEX,-223.615,,7700.0
2025-05-21 07:51:28,4850.0,4864.25,Put GEX 2,GEX,-67215.433,,7700.0
2025-05-21 07:51:28,5000.0,5014.75,Call DEX 2,DEX,752.102,,7700.0
2025-05-21 07:51:28,5200.0,5215.5,Put DEX 4,DEX,-56.132,,7700.0
2025-05-21 07:51:28,5200.0,5215.5,Put GEX 4,GEX,-42767.587,,7700.0
2025-05-21 07:51:28,5300.0,5315.75,Put GEX 5,GEX,-28008.791,,7700.0
2025-05-21 07:51:28,5310.0,5325.75,Put DEX 3,DEX,-86.101,,7700.0
2025-05-21 07:51:28,5310.0,5325.75,Put GEX 3,GEX,-47408.141,,7700.0
2025-05-21 07:51:28,5700.0,5716.75,Call DEX 5,DEX,109.379,,7700.0
2025-05-21 07:51:28,5905.0,5922.5,Call DEX 3,DEX,135.081,,7700.0
2025-05-21 07:51:28,5905.0,5922.5,Call GEX 3,GEX,131562.331,,7700.0
2025-05-21 07:51:28,6000.0,6017.75,Call GEX 1,GEX,204521.404,,7700.0
2025-05-21 07:51:28,6050.0,6068.0,Call GEX 5,GEX,87257.828,,7700.0
2025-05-21 07:51:28,6100.0,6118.0,Call DEX 4,DEX,113.306,,7700.0
2025-05-21 07:51:28,6100.0,6118.0,Call GEX 2,GEX,198765.069,,7700.0
2025-05-21 07:51:28,6200.0,6218.25,Call GEX 4,GEX,105282.611,,7700.0
2025-05-21 07:51:28,9600.0,9628.5,Put CEX 5,CEX,0.0,,7700.0
2025-05-21 07:51:28,9600.0,9628.5,Put VEX 5,VEX,0.0,,7700.0
2025-05-21 07:51:28,10000.0,10029.5,Put CEX 4,CEX,0.0,,7700.0
2025-05-21 07:51:28,10000.0,10029.5,Put VEX 4,VEX,0.0,,7700.0
2025-05-21 07:51:28,10100.0,10130.0,Put CEX 3,CEX,0.0,,7700.0
2025-05-21 07:51:28,10100.0,10130.0,Put VEX 3,VEX,0.0,,7700.0
2025-05-21 07:51:28,10200.0,10230.25,Put CEX 2,CEX,0.0,,7700.0
2025-05-21 07:51:28,10200.0,10230.25,Put VEX 2,VEX,0.0,,7700.0
2025-05-21 07:51:28,10400.0,10430.75,Put CEX 1,CEX,0.0,,7700.0
2025-05-21 07:51:28,10400.0,10430.75,Put VEX 1,VEX,0.0,,7700.0
2025-05-21 07:51:28,12000.0,12035.5,Call CEX 1,CEX,0.0,,7700.0
2025-05-21 07:51:28,12000.0,12035.5,Call VEX 1,VEX,0.0,,7700.0
2025-05-21 07:52:46,200.0,200.5,Call CEX 2,CEX,0.0,,7700.0
2025-05-21 07:52:46,200.0,200.5,Call VEX 2,VEX,0.0,,7700.0
2025-05-21 07:52:46,400.0,401.25,Call CEX 3,CEX,0.0,,7700.0
2025-05-21 07:52:46,400.0,401.25,Call VEX 3,VEX,0.0,,7700.0
2025-05-21 07:52:46,600.0,601.75,Call CEX 4,CEX,0.0,,7700.0
2025-05-21 07:52:46,600.0,601.75,Call VEX 4,VEX,0.0,,7700.0
2025-05-21 07:52:46,800.0,802.5,Call CEX 5,CEX,0.0,,7700.0
2025-05-21 07:52:46,800.0,802.5,Call VEX 5,VEX,0.0,,7700.0
2025-05-21 07:52:46,4000.0,4012.0,Call DEX 1,DEX,886.673,,7700.0
2025-05-21 07:52:46,4750.0,4764.25,Put DEX 5,DEX,-47.338,,7700.0
2025-05-21 07:52:46,4800.0,4814.25,Put DEX 1,DEX,-261.312,,7700.0
2025-05-21 07:52:46,4800.0,4814.25,Put GEX 1,GEX,-77079.871,,7700.0
2025-05-21 07:52:46,4850.0,4864.5,Put DEX 2,DEX,-223.624,,7700.0
2025-05-21 07:52:46,4850.0,4864.5,Put GEX 2,GEX,-67116.092,,7700.0
2025-05-21 07:52:46,5000.0,5015.0,Call DEX 2,DEX,752.796,,7700.0
2025-05-21 07:52:46,5200.0,5215.5,Put DEX 4,DEX,-56.077,,7700.0
2025-05-21 07:52:46,5200.0,5215.5,Put GEX 4,GEX,-42665.062,,7700.0
2025-05-21 07:52:46,5300.0,5315.75,Put GEX 5,GEX,-27941.868,,7700.0
2025-05-21 07:52:46,5310.0,5325.75,Put DEX 3,DEX,-86.061,,7700.0
2025-05-21 07:52:46,5310.0,5325.75,Put GEX 3,GEX,-47298.139,,7700.0
2025-05-21 07:52:46,5700.0,5717.0,Call DEX 5,DEX,110.278,,7700.0
2025-05-21 07:52:46,5905.0,5922.5,Call DEX 3,DEX,135.549,,7700.0
2025-05-21 07:52:46,5905.0,5922.5,Call GEX 3,GEX,132101.199,,7700.0
2025-05-21 07:52:46,6000.0,6017.75,Call GEX 1,GEX,212125.498,,7700.0
2025-05-21 07:52:46,6050.0,6068.0,Call GEX 5,GEX,88149.083,,7700.0
2025-05-21 07:52:46,6100.0,6118.25,Call DEX 4,DEX,113.762,,7700.0
2025-05-21 07:52:46,6100.0,6118.25,Call GEX 2,GEX,200971.868,,7700.0
2025-05-21 07:52:46,6200.0,6218.5,Call GEX 4,GEX,106130.002,,7700.0
2025-05-21 07:52:46,9600.0,9628.5,Put CEX 5,CEX,0.0,,7700.0
2025-05-21 07:52:46,9600.0,9628.5,Put VEX 5,VEX,0.0,,7700.0
2025-05-21 07:52:46,10000.0,10029.75,Put CEX 4,CEX,0.0,,7700.0
2025-05-21 07:52:46,10000.0,10029.75,Put VEX 4,VEX,0.0,,7700.0
2025-05-21 07:52:46,10100.0,10130.0,Put CEX 3,CEX,0.0,,7700.0
2025-05-21 07:52:46,10100.0,10130.0,Put VEX 3,VEX,0.0,,7700.0
2025-05-21 07:52:46,10200.0,10230.25,Put CEX 2,CEX,0.0,,7700.0
2025-05-21 07:52:46,10200.0,10230.25,Put VEX 2,VEX,0.0,,7700.0
2025-05-21 07:52:46,10400.0,10431.0,Put CEX 1,CEX,0.0,,7700.0
2025-05-21 07:52:46,10400.0,10431.0,Put VEX 1,VEX,0.0,,7700.0
2025-05-21 07:52:46,12000.0,12035.75,Call CEX 1,CEX,0.0,,7700.0
2025-05-21 07:52:46,12000.0,12035.75,Call VEX 1,VEX,0.0,,7700.0
2025-05-21 07:54:08,200.0,200.5,Call CEX 2,CEX,0.0,,7700.0
2025-05-21 07:54:08,200.0,200.5,Call VEX 2,VEX,0.0,,7700.0
2025-05-21 07:54:08,400.0,401.25,Call CEX 3,CEX,0.0,,7700.0
2025-05-21 07:54:08,400.0,401.25,Call VEX 3,VEX,0.0,,7700.0
2025-05-21 07:54:08,600.0,601.75,Call CEX 4,CEX,0.0,,7700.0
2025-05-21 07:54:08,600.0,601.75,Call VEX 4,VEX,0.0,,7700.0
2025-05-21 07:54:08,800.0,802.25,Call CEX 5,CEX,0.0,,7700.0
2025-05-21 07:54:08,800.0,802.25,Call VEX 5,VEX,0.0,,7700.0
2025-05-21 07:54:08,4000.0,4011.75,Call DEX 1,DEX,886.524,,7700.0
2025-05-21 07:54:08,4750.0,4763.75,Put DEX 5,DEX,-47.337,,7700.0
2025-05-21 07:54:08,4800.0,4814.0,Put DEX 1,DEX,-261.311,,7700.0
2025-05-21 07:54:08,4800.0,4814.0,Put GEX 1,GEX,-77127.761,,7700.0
2025-05-21 07:54:08,4850.0,4864.0,Put DEX 2,DEX,-223.62,,7700.0
2025-05-21 07:54:08,4850.0,4864.0,Put GEX 2,GEX,-67152.271,,7700.0
2025-05-21 07:54:08,5000.0,5014.5,Call DEX 2,DEX,753.207,,7700.0
2025-05-21 07:54:08,5200.0,5215.0,Put DEX 4,DEX,-55.801,,7700.0
2025-05-21 07:54:08,5200.0,5215.0,Put GEX 4,GEX,-42489.2,,7700.0
2025-05-21 07:54:08,5300.0,5315.5,Put GEX 5,GEX,-27579.974,,7700.0
2025-05-21 07:54:08,5310.0,5325.5,Put DEX 3,DEX,-86.002,,7700.0
2025-05-21 07:54:08,5310.0,5325.5,Put GEX 3,GEX,-47273.474,,7700.0
2025-05-21 07:54:08,5700.0,5716.5,Call DEX 5,DEX,111.082,,7700.0
2025-05-21 07:54:08,5905.0,5922.25,Call DEX 3,DEX,135.369,,7700.0
2025-05-21 07:54:08,5905.0,5922.25,Call GEX 3,GEX,132057.535,,7700.0
2025-05-21 07:54:08,6000.0,6017.5,Call GEX 1,GEX,210826.861,,7700.0
2025-05-21 07:54:08,6050.0,6067.5,Call GEX 5,GEX,88320.136,,7700.0
2025-05-21 07:54:08,6100.0,6117.75,Call DEX 4,DEX,113.715,,7700.0
2025-05-21 07:54:08,6100.0,6117.75,Call GEX 2,GEX,200814.325,,7700.0
2025-05-21 07:54:08,6200.0,6218.0,Call GEX 4,GEX,106331.674,,7700.0
2025-05-21 07:54:08,9600.0,9628.0,Put CEX 5,CEX,0.0,,7700.0
2025-05-21 07:54:08,9600.0,9628.0,Put VEX 5,VEX,0.0,,7700.0
2025-05-21 07:54:08,10000.0,10029.0,Put CEX 4,CEX,0.0,,7700.0
2025-05-21 07:54:08,10000.0,10029.0,Put VEX 4,VEX,0.0,,7700.0
2025-05-21 07:54:08,10100.0,10129.25,Put CEX 3,CEX,0.0,,7700.0
2025-05-21 07:54:08,10100.0,10129.25,Put VEX 3,VEX,0.0,,7700.0
2025-05-21 07:54:08,10200.0,10229.75,Put CEX 2,CEX,0.0,,7700.0
2025-05-21 07:54:08,10200.0,10229.75,Put VEX 2,VEX,0.0,,7700.0
2025-05-21 07:54:08,10400.0,10430.25,Put CEX 1,CEX,0.0,,7700.0
2025-05-21 07:54:08,10400.0,10430.25,Put VEX 1,VEX,0.0,,7700.0
2025-05-21 07:54:08,12000.0,12035.0,Call CEX 1,CEX,0.0,,7700.0
2025-05-21 07:54:08,12000.0,12035.0,Call VEX 1,VEX,0.0,,7700.0
2025-05-21 07:55:28,200.0,200.5,Call CEX 2,CEX,0.0,,7700.0
2025-05-21 07:55:28,200.0,200.5,Call VEX 2,VEX,0.0,,7700.0
2025-05-21 07:55:28,400.0,401.25,Call CEX 3,CEX,0.0,,7700.0
2025-05-21 07:55:28,400.0,401.25,Call VEX 3,VEX,0.0,,7700.0
2025-05-21 07:55:28,600.0,601.75,Call CEX 4,CEX,0.0,,7700.0
2025-05-21 07:55:28,600.0,601.75,Call VEX 4,VEX,0.0,,7700.0
2025-05-21 07:55:28,800.0,802.25,Call CEX 5,CEX,0.0,,7700.0
2025-05-21 07:55:28,800.0,802.25,Call VEX 5,VEX,0.0,,7700.0
2025-05-21 07:55:28,4000.0,4011.75,Call DEX 1,DEX,887.138,,7700.0
2025-05-21 07:55:28,4750.0,4764.0,Put DEX 5,DEX,-47.33,,7700.0
2025-05-21 07:55:28,4800.0,4814.0,Put DEX 1,DEX,-261.335,,7700.0
2025-05-21 07:55:28,4800.0,4814.0,Put GEX 1,GEX,-77016.781,,7700.0
2025-05-21 07:55:28,4850.0,4864.25,Put DEX 2,DEX,-223.645,,7700.0
2025-05-21 07:55:28,4850.0,4864.25,Put GEX 2,GEX,-67062.25,,7700.0
2025-05-21 07:55:28,5000.0,5014.75,Call DEX 2,DEX,755.545,,7700.0
2025-05-21 07:55:28,5200.0,5215.25,Put DEX 4,DEX,-55.885,,7700.0
2025-05-21 07:55:28,5200.0,5215.25,Put GEX 4,GEX,-42466.922,,7700.0
2025-05-21 07:55:28,5300.0,5315.5,Put GEX 5,GEX,-27639.767,,7700.0
2025-05-21 07:55:28,5310.0,5325.5,Put DEX 3,DEX,-86.061,,7700.0
2025-05-21 07:55:28,5310.0,5325.5,Put GEX 3,GEX,-47159.375,,7700.0
2025-05-21 07:55:28,5700.0,5716.75,Call DEX 5,DEX,111.11,,7700.0
2025-05-21 07:55:28,5905.0,5922.25,Call DEX 3,DEX,135.757,,7700.0
2025-05-21 07:55:28,5905.0,5922.25,Call GEX 3,GEX,133979.047,,7700.0
2025-05-21 07:55:28,6000.0,6017.75,Call GEX 1,GEX,232294.033,,7700.0
2025-05-21 07:55:28,6050.0,6067.75,Call GEX 5,GEX,89715.64,,7700.0
2025-05-21 07:55:28,6100.0,6118.0,Call DEX 4,DEX,113.861,,7700.0
2025-05-21 07:55:28,6100.0,6118.0,Call GEX 2,GEX,203028.035,,7700.0
2025-05-21 07:55:28,6200.0,6218.25,Call GEX 4,GEX,106845.15,,7700.0
2025-05-21 07:55:28,9600.0,9628.25,Put CEX 5,CEX,0.0,,7700.0
2025-05-21 07:55:28,9600.0,9628.25,Put VEX 5,VEX,0.0,,7700.0
2025-05-21 07:55:28,10000.0,10029.5,Put CEX 4,CEX,0.0,,7700.0
2025-05-21 07:55:28,10000.0,10029.5,Put VEX 4,VEX,0.0,,7700.0
2025-05-21 07:55:28,10100.0,10129.75,Put CEX 3,CEX,0.0,,7700.0
2025-05-21 07:55:28,10100.0,10129.75,Put VEX 3,VEX,0.0,,7700.0
2025-05-21 07:55:28,10200.0,10230.0,Put CEX 2,CEX,0.0,,7700.0
2025-05-21 07:55:28,10200.0,10230.0,Put VEX 2,VEX,0.0,,7700.0
2025-05-21 07:55:28,10400.0,10430.5,Put CEX 1,CEX,0.0,,7700.0
2025-05-21 07:55:28,10400.0,10430.5,Put VEX 1,VEX,0.0,,7700.0
2025-05-21 07:55:28,12000.0,12035.25,Call CEX 1,CEX,0.0,,7700.0
2025-05-21 07:55:28,12000.0,12035.25,Call VEX 1,VEX,0.0,,7700.0
2025-05-21 07:56:46,200.0,200.75,Call CEX 2,CEX,0.0,,7700.0
2025-05-21 07:56:46,200.0,200.75,Call VEX 2,VEX,0.0,,7700.0
2025-05-21 07:56:46,400.0,401.25,Call CEX 3,CEX,0.0,,7700.0
2025-05-21 07:56:46,400.0,401.25,Call VEX 3,VEX,0.0,,7700.0
2025-05-21 07:56:46,600.0,602.0,Call CEX 4,CEX,0.0,,7700.0
2025-05-21 07:56:46,600.0,602.0,Call VEX 4,VEX,0.0,,7700.0
2025-05-21 07:56:46,800.0,802.5,Call CEX 5,CEX,0.0,,7700.0
2025-05-21 07:56:46,800.0,802.5,Call VEX 5,VEX,0.0,,7700.0
2025-05-21 07:56:46,4000.0,4012.5,Call DEX 1,DEX,886.832,,7700.0
2025-05-21 07:56:46,4750.0,4765.0,Put DEX 5,DEX,-47.341,,7700.0
2025-05-21 07:56:46,4800.0,4815.25,Put DEX 1,DEX,-261.333,,7700.0
2025-05-21 07:56:46,4800.0,4815.25,Put GEX 1,GEX,-77023.568,,7700.0
2025-05-21 07:56:46,4850.0,4865.25,Put DEX 2,DEX,-223.641,,7700.0
2025-05-21 07:56:46,4850.0,4865.25,Put GEX 2,GEX,-67060.873,,7700.0
2025-05-21 07:56:46,5000.0,5015.75,Call DEX 2,DEX,752.952,,7700.0
2025-05-21 07:56:46,5200.0,5216.5,Put DEX 4,DEX,-56.073,,7700.0
2025-05-21 07:56:46,5200.0,5216.5,Put GEX 4,GEX,-42621.801,,7700.0
2025-05-21 07:56:46,5300.0,5316.75,Put GEX 5,GEX,-27909.607,,7700.0
2025-05-21 07:56:46,5310.0,5326.75,Put DEX 3,DEX,-86.046,,7700.0
2025-05-21 07:56:46,5310.0,5326.75,Put GEX 3,GEX,-47248.75,,7700.0
2025-05-21 07:56:46,5700.0,5718.0,Call DEX 5,DEX,110.697,,7700.0
2025-05-21 07:56:46,5905.0,5923.5,Call DEX 3,DEX,135.758,,7700.0
2025-05-21 07:56:46,5905.0,5923.5,Call GEX 3,GEX,131400.576,,7700.0
2025-05-21 07:56:46,6000.0,6019.0,Call GEX 1,GEX,206420.832,,7700.0
2025-05-21 07:56:46,6050.0,6069.0,Call GEX 5,GEX,87546.393,,7700.0
2025-05-21 07:56:46,6100.0,6119.25,Call DEX 4,DEX,114.097,,7700.0
2025-05-21 07:56:46,6100.0,6119.25,Call GEX 2,GEX,200971.081,,7700.0
2025-05-21 07:56:46,6200.0,6219.5,Call GEX 4,GEX,106418.472,,7700.0
2025-05-21 07:56:46,9600.0,9630.25,Put CEX 5,CEX,0.0,,7700.0
2025-05-21 07:56:46,9600.0,9630.25,Put VEX 5,VEX,0.0,,7700.0
2025-05-21 07:56:46,10000.0,10031.5,Put CEX 4,CEX,0.0,,7700.0
2025-05-21 07:56:46,10000.0,10031.5,Put VEX 4,VEX,0.0,,7700.0
2025-05-21 07:56:46,10100.0,10131.75,Put CEX 3,CEX,0.0,,7700.0
2025-05-21 07:56:46,10100.0,10131.75,Put VEX 3,VEX,0.0,,7700.0
2025-05-21 07:56:46,10200.0,10232.25,Put CEX 2,CEX,0.0,,7700.0
2025-05-21 07:56:46,10200.0,10232.25,Put VEX 2,VEX,0.0,,7700.0
2025-05-21 07:56:46,10400.0,10432.75,Put CEX 1,CEX,0.0,,7700.0
2025-05-21 07:56:46,10400.0,10432.75,Put VEX 1,VEX,0.0,,7700.0
2025-05-21 07:56:46,12000.0,12037.75,Call CEX 1,CEX,0.0,,7700.0
2025-05-21 07:56:46,12000.0,12037.75,Call VEX 1,VEX,0.0,,7700.0
2025-05-21 07:58:02,200.0,200.5,Call CEX 2,CEX,0.0,,7700.0
2025-05-21 07:58:02,200.0,200.5,Call VEX 2,VEX,0.0,,7700.0
2025-05-21 07:58:02,400.0,401.25,Call CEX 3,CEX,0.0,,7700.0
2025-05-21 07:58:02,400.0,401.25,Call VEX 3,VEX,0.0,,7700.0
2025-05-21 07:58:02,600.0,601.75,Call CEX 4,CEX,0.0,,7700.0
2025-05-21 07:58:02,600.0,601.75,Call VEX 4,VEX,0.0,,7700.0
2025-05-21 07:58:02,800.0,802.25,Call CEX 5,CEX,0.0,,7700.0
2025-05-21 07:58:02,800.0,802.25,Call VEX 5,VEX,0.0,,7700.0
2025-05-21 07:58:02,4000.0,4011.75,Call DEX 1,DEX,887.277,,7700.0
2025-05-21 07:58:02,4750.0,4764.0,Put DEX 5,DEX,-47.347,,7700.0
2025-05-21 07:58:02,4800.0,4814.25,Put DEX 1,DEX,-261.38,,7700.0
2025-05-21 07:58:02,4800.0,4814.25,Put GEX 1,GEX,-76836.589,,7700.0
2025-05-21 07:58:02,4850.0,4864.25,Put DEX 2,DEX,-223.675,,7700.0
2025-05-21 07:58:02,4850.0,4864.25,Put GEX 2,GEX,-66886.266,,7700.0
2025-05-21 07:58:02,5000.0,5014.75,Call DEX 2,DEX,754.13,,7700.0
2025-05-21 07:58:02,5200.0,5215.25,Put DEX 4,DEX,-55.986,,7700.0
2025-05-21 07:58:02,5200.0,5215.25,Put GEX 4,GEX,-42456.014,,7700.0
2025-05-21 07:58:02,5300.0,5315.5,Put GEX 5,GEX,-27759.768,,7700.0
2025-05-21 07:58:02,5310.0,5325.75,Put DEX 3,DEX,-85.982,,7700.0
2025-05-21 07:58:02,5310.0,5325.75,Put GEX 3,GEX,-47060.801,,7700.0
2025-05-21 07:58:02,5700.0,5716.75,Call DEX 5,DEX,112.238,,7700.0
2025-05-21 07:58:02,5905.0,5922.5,Call DEX 3,DEX,136.527,,7700.0
2025-05-21 07:58:02,5905.0,5922.5,Call GEX 3,GEX,131427.493,,7700.0
2025-05-21 07:58:02,6000.0,6017.75,Call GEX 1,GEX,207460.382,,7700.0
2025-05-21 07:58:02,6050.0,6067.75,Call GEX 5,GEX,88793.873,,7700.0
2025-05-21 07:58:02,6100.0,6118.0,Call DEX 4,DEX,114.931,,7700.0
2025-05-21 07:58:02,6100.0,6118.0,Call GEX 2,GEX,203296.888,,7700.0
2025-05-21 07:58:02,6200.0,6218.25,Call GEX 4,GEX,107633.105,,7700.0
2025-05-21 07:58:02,9600.0,9628.25,Put CEX 5,CEX,0.0,,7700.0
2025-05-21 07:58:02,9600.0,9628.25,Put VEX 5,VEX,0.0,,7700.0
2025-05-21 07:58:02,10000.0,10029.5,Put CEX 4,CEX,0.0,,7700.0
2025-05-21 07:58:02,10000.0,10029.5,Put VEX 4,VEX,0.0,,7700.0
2025-05-21 07:58:02,10100.0,10129.75,Put CEX 3,CEX,0.0,,7700.0
2025-05-21 07:58:02,10100.0,10129.75,Put VEX 3,VEX,0.0,,7700.0
2025-05-21 07:58:02,10200.0,10230.0,Put CEX 2,CEX,0.0,,7700.0
2025-05-21 07:58:02,10200.0,10230.0,Put VEX 2,VEX,0.0,,7700.0
2025-05-21 07:58:02,10400.0,10430.5,Put CEX 1,CEX,0.0,,7700.0
2025-05-21 07:58:02,10400.0,10430.5,Put VEX 1,VEX,0.0,,7700.0
2025-05-21 07:58:02,12000.0,12035.25,Call CEX 1,CEX,0.0,,7700.0
2025-05-21 07:58:02,12000.0,12035.25,Call VEX 1,VEX,0.0,,7700.0
2025-05-21 07:59:19,200.0,200.5,Call CEX 2,CEX,0.0,,7700.0
2025-05-21 07:59:19,200.0,200.5,Call VEX 2,VEX,0.0,,7700.0
2025-05-21 07:59:19,400.0,401.25,Call CEX 3,CEX,0.0,,7700.0
2025-05-21 07:59:19,400.0,401.25,Call VEX 3,VEX,0.0,,7700.0
2025-05-21 07:59:19,600.0,601.75,Call CEX 4,CEX,0.0,,7700.0
2025-05-21 07:59:19,600.0,601.75,Call VEX 4,VEX,0.0,,7700.0
2025-05-21 07:59:19,800.0,802.25,Call CEX 5,CEX,0.0,,7700.0
2025-05-21 07:59:19,800.0,802.25,Call VEX 5,VEX,0.0,,7700.0
2025-05-21 07:59:19,4000.0,4011.75,Call DEX 1,DEX,888.28,,7700.0
2025-05-21 07:59:19,4750.0,4763.75,Put DEX 5,DEX,-47.342,,7700.0
2025-05-21 07:59:19,4800.0,4814.0,Put DEX 1,DEX,-261.382,,7700.0
2025-05-21 07:59:19,4800.0,4814.0,Put GEX 1,GEX,-76678.416,,7700.0
2025-05-21 07:59:19,4850.0,4864.0,Put DEX 2,DEX,-223.701,,7700.0
2025-05-21 07:59:19,4850.0,4864.0,Put GEX 2,GEX,-66753.785,,7700.0
2025-05-21 07:59:19,5000.0,5014.5,Call DEX 2,DEX,756.13,,7700.0
2025-05-21 07:59:19,5200.0,5215.25,Put DEX 4,DEX,-55.854,,7700.0
2025-05-21 07:59:19,5200.0,5215.25,Put GEX 4,GEX,-42273.835,,7700.0
2025-05-21 07:59:19,5300.0,5315.5,Put GEX 5,GEX,-27858.263,,7700.0
2025-05-21 07:59:19,5310.0,5325.5,Put DEX 3,DEX,-85.916,,7700.0
2025-05-21 07:59:19,5310.0,5325.5,Put GEX 3,GEX,-46901.949,,7700.0
2025-05-21 07:59:19,5700.0,5716.5,Call DEX 5,DEX,113.652,,7700.0
2025-05-21 07:59:19,5905.0,5922.25,Call DEX 3,DEX,137.12,,7700.0
2025-05-21 07:59:19,5905.0,5922.25,Call GEX 3,GEX,132376.141,,7700.0
2025-05-21 07:59:19,6000.0,6017.5,Call GEX 1,GEX,216849.588,,7700.0
2025-05-21 07:59:19,6050.0,6067.5,Call GEX 5,GEX,90151.284,,7700.0
2025-05-21 07:59:19,6100.0,6117.75,Call DEX 4,DEX,115.475,,7700.0
2025-05-21 07:59:19,6100.0,6117.75,Call GEX 2,GEX,206223.487,,7700.0
2025-05-21 07:59:19,6200.0,6218.0,Call GEX 4,GEX,108889.185,,7700.0
2025-05-21 07:59:19,9600.0,9628.0,Put CEX 5,CEX,0.0,,7700.0
2025-05-21 07:59:19,9600.0,9628.0,Put VEX 5,VEX,0.0,,7700.0
2025-05-21 07:59:19,10000.0,10029.0,Put CEX 4,CEX,0.0,,7700.0
2025-05-21 07:59:19,10000.0,10029.0,Put VEX 4,VEX,0.0,,7700.0
2025-05-21 07:59:19,10100.0,10129.5,Put CEX 3,CEX,0.0,,7700.0
2025-05-21 07:59:19,10100.0,10129.5,Put VEX 3,VEX,0.0,,7700.0
2025-05-21 07:59:19,10200.0,10229.75,Put CEX 2,CEX,0.0,,7700.0
2025-05-21 07:59:19,10200.0,10229.75,Put VEX 2,VEX,0.0,,7700.0
2025-05-21 07:59:19,10400.0,10430.25,Put CEX 1,CEX,0.0,,7700.0
2025-05-21 07:59:19,10400.0,10430.25,Put VEX 1,VEX,0.0,,7700.0
2025-05-21 07:59:19,12000.0,12035.0,Call CEX 1,CEX,0.0,,7700.0
2025-05-21 07:59:19,12000.0,12035.0,Call VEX 1,VEX,0.0,,7700.0
2025-05-21 08:00:39,200.0,200.5,Call CEX 2,CEX,0.0,,7700.0
2025-05-21 08:00:39,200.0,200.5,Call VEX 2,VEX,0.0,,7700.0
2025-05-21 08:00:39,400.0,401.25,Call CEX 3,CEX,0.0,,7700.0
2025-05-21 08:00:39,400.0,401.25,Call VEX 3,VEX,0.0,,7700.0
2025-05-21 08:00:39,600.0,601.75,Call CEX 4,CEX,0.0,,7700.0
2025-05-21 08:00:39,600.0,601.75,Call VEX 4,VEX,0.0,,7700.0
2025-05-21 08:00:39,800.0,802.25,Call CEX 5,CEX,0.0,,7700.0
2025-05-21 08:00:39,800.0,802.25,Call VEX 5,VEX,0.0,,7700.0
2025-05-21 08:00:39,4000.0,4011.5,Call DEX 1,DEX,888.216,,7700.0
2025-05-21 08:00:39,4750.0,4763.75,Put DEX 5,DEX,-47.352,,7700.0
2025-05-21 08:00:39,4800.0,4814.0,Put DEX 1,DEX,-261.405,,7700.0
2025-05-21 08:00:39,4800.0,4814.0,Put GEX 1,GEX,-76656.926,,7700.0
2025-05-21 08:00:39,4850.0,4864.0,Put DEX 2,DEX,-223.702,,7700.0
2025-05-21 08:00:39,4850.0,4864.0,Put GEX 2,GEX,-66727.339,,7700.0
2025-05-21 08:00:39,5000.0,5014.5,Call DEX 2,DEX,754.842,,7700.0
2025-05-21 08:00:39,5200.0,5215.0,Put DEX 4,DEX,-55.918,,7700.0
2025-05-21 08:00:39,5200.0,5215.0,Put GEX 4,GEX,-42318.742,,7700.0
2025-05-21 08:00:39,5300.0,5315.5,Put GEX 5,GEX,-27911.242,,7700.0
2025-05-21 08:00:39,5310.0,5325.5,Put DEX 3,DEX,-85.844,,7700.0
2025-05-21 08:00:39,5310.0,5325.5,Put GEX 3,GEX,-46862.497,,7700.0
2025-05-21 08:00:39,5700.0,5716.5,Call DEX 5,DEX,113.598,,7700.0
2025-05-21 08:00:39,5905.0,5922.25,Call DEX 3,DEX,137.235,,7700.0
2025-05-21 08:00:39,5905.0,5922.25,Call GEX 3,GEX,131378.753,,7700.0
2025-05-21 08:00:39,6000.0,6017.5,Call GEX 2,GEX,206179.328,,7700.0
2025-05-21 08:00:39,6050.0,6067.5,Call GEX 5,GEX,89514.072,,7700.0
2025-05-21 08:00:39,6100.0,6117.75,Call DEX 4,DEX,115.921,,7700.0
2025-05-21 08:00:39,6100.0,6117.75,Call GEX 1,GEX,206586.392,,7700.0
2025-05-21 08:00:39,6200.0,6218.0,Call GEX 4,GEX,109138.501,,7700.0
2025-05-21 08:00:39,9600.0,9627.75,Put CEX 5,CEX,0.0,,7700.0
2025-05-21 08:00:39,9600.0,9627.75,Put VEX 5,VEX,0.0,,7700.0
2025-05-21 08:00:39,10000.0,10029.0,Put CEX 4,CEX,0.0,,7700.0
2025-05-21 08:00:39,10000.0,10029.0,Put VEX 4,VEX,0.0,,7700.0
2025-05-21 08:00:39,10100.0,10129.25,Put CEX 3,CEX,0.0,,7700.0
2025-05-21 08:00:39,10100.0,10129.25,Put VEX 3,VEX,0.0,,7700.0
2025-05-21 08:00:39,10200.0,10229.5,Put CEX 2,CEX,0.0,,7700.0
2025-05-21 08:00:39,10200.0,10229.5,Put VEX 2,VEX,0.0,,7700.0
2025-05-21 08:00:39,10400.0,10430.25,Put CEX 1,CEX,0.0,,7700.0
2025-05-21 08:00:39,10400.0,10430.25,Put VEX 1,VEX,0.0,,7700.0
2025-05-21 08:00:39,12000.0,12034.75,Call CEX 1,CEX,0.0,,7700.0
2025-05-21 08:00:39,12000.0,12034.75,Call VEX 1,VEX,0.0,,7700.0
2025-05-21 08:01:56,200.0,200.5,Call CEX 2,CEX,0.0,,7700.0
2025-05-21 08:01:56,200.0,200.5,Call VEX 2,VEX,0.0,,7700.0
2025-05-21 08:01:56,400.0,401.25,Call CEX 3,CEX,0.0,,7700.0
2025-05-21 08:01:56,400.0,401.25,Call VEX 3,VEX,0.0,,7700.0
2025-05-21 08:01:56,600.0,601.75,Call CEX 4,CEX,0.0,,7700.0
2025-05-21 08:01:56,600.0,601.75,Call VEX 4,VEX,0.0,,7700.0
2025-05-21 08:01:56,800.0,802.25,Call CEX 5,CEX,0.0,,7700.0
2025-05-21 08:01:56,800.0,802.25,Call VEX 5,VEX,0.0,,7700.0
2025-05-21 08:01:56,4000.0,4011.75,Call DEX 1,DEX,888.603,,7700.0
2025-05-21 08:01:56,4750.0,4764.0,Put DEX 5,DEX,-47.348,,7700.0
2025-05-21 08:01:56,4800.0,4814.0,Put DEX 1,DEX,-261.406,,7700.0
2025-05-21 08:01:56,4800.0,4814.0,Put GEX 1,GEX,-76569.622,,7700.0
2025-05-21 08:01:56,4850.0,4864.25,Put DEX 2,DEX,-223.733,,7700.0
2025-05-21 08:01:56,4850.0,4864.25,Put GEX 2,GEX,-66656.638,,7700.0
2025-05-21 08:01:56,5000.0,5014.75,Call DEX 2,DEX,758.877,,7700.0
2025-05-21 08:01:56,5200.0,5215.25,Put DEX 4,DEX,-55.695,,7700.0
2025-05-21 08:01:56,5200.0,5215.25,Put GEX 4,GEX,-42085.656,,7700.0
2025-05-21 08:01:56,5300.0,5315.5,Put GEX 5,GEX,-27355.269,,7700.0
2025-05-21 08:01:56,5310.0,5325.5,Put DEX 3,DEX,-85.893,,7700.0
2025-05-21 08:01:56,5310.0,5325.5,Put GEX 3,GEX,-46748.971,,7700.0
2025-05-21 08:01:56,5700.0,5716.75,Call DEX 5,DEX,114.989,,7700.0
2025-05-21 08:01:56,5905.0,5922.25,Call DEX 3,DEX,137.537,,7700.0
2025-05-21 08:01:56,5905.0,5922.25,Call GEX 3,GEX,134186.187,,7700.0
2025-05-21 08:01:56,6000.0,6017.75,Call GEX 1,GEX,236115.994,,7700.0
2025-05-21 08:01:56,6050.0,6067.75,Call GEX 5,GEX,91908.08,,7700.0
2025-05-21 08:01:56,6100.0,6118.0,Call DEX 4,DEX,115.845,,7700.0
2025-05-21 08:01:56,6100.0,6118.0,Call GEX 2,GEX,209310.63,,7700.0
2025-05-21 08:01:56,6200.0,6218.25,Call GEX 4,GEX,109468.516,,7700.0
2025-05-21 08:01:56,9600.0,9628.25,Put CEX 5,CEX,0.0,,7700.0
2025-05-21 08:01:56,9600.0,9628.25,Put VEX 5,VEX,0.0,,7700.0
2025-05-21 08:01:56,10000.0,10029.5,Put CEX 4,CEX,0.0,,7700.0
2025-05-21 08:01:56,10000.0,10029.5,Put VEX 4,VEX,0.0,,7700.0
2025-05-21 08:01:56,10100.0,10129.75,Put CEX 3,CEX,0.0,,7700.0
2025-05-21 08:01:56,10100.0,10129.75,Put VEX 3,VEX,0.0,,7700.0
2025-05-21 08:01:56,10200.0,10230.0,Put CEX 2,CEX,0.0,,7700.0
2025-05-21 08:01:56,10200.0,10230.0,Put VEX 2,VEX,0.0,,7700.0
2025-05-21 08:01:56,10400.0,10430.5,Put CEX 1,CEX,0.0,,7700.0
2025-05-21 08:01:56,10400.0,10430.5,Put VEX 1,VEX,0.0,,7700.0
2025-05-21 08:01:56,12000.0,12035.25,Call CEX 1,CEX,0.0,,7700.0
2025-05-21 08:01:56,12000.0,12035.25,Call VEX 1,VEX,0.0,,7700.0
2025-05-21 08:03:13,200.0,200.5,Call CEX 2,CEX,0.0,,7700.0
2025-05-21 08:03:13,200.0,200.5,Call VEX 2,VEX,0.0,,7700.0
2025-05-21 08:03:13,400.0,401.25,Call CEX 3,CEX,0.0,,7700.0
2025-05-21 08:03:13,400.0,401.25,Call VEX 3,VEX,0.0,,7700.0
2025-05-21 08:03:13,600.0,601.75,Call CEX 4,CEX,0.0,,7700.0
2025-05-21 08:03:13,600.0,601.75,Call VEX 4,VEX,0.0,,7700.0
2025-05-21 08:03:13,800.0,802.25,Call CEX 5,CEX,0.0,,7700.0
2025-05-21 08:03:13,800.0,802.25,Call VEX 5,VEX,0.0,,7700.0
2025-05-21 08:03:13,4000.0,4011.75,Call DEX 1,DEX,888.396,,7700.0
2025-05-21 08:03:13,4750.0,4764.0,Put DEX 5,DEX,-47.352,,7700.0
2025-05-21 08:03:13,4800.0,4814.0,Put DEX 1,DEX,-261.41,,7700.0
2025-05-21 08:03:13,4800.0,4814.0,Put GEX 1,GEX,-76631.662,,7700.0
2025-05-21 08:03:13,4850.0,4864.25,Put DEX 2,DEX,-223.722,,7700.0
2025-05-21 08:03:13,4850.0,4864.25,Put GEX 2,GEX,-66707.653,,7700.0
2025-05-21 08:03:13,5000.0,5014.75,Call DEX 2,DEX,756.821,,7700.0
2025-05-21 08:03:13,5200.0,5215.25,Put DEX 4,DEX,-55.826,,7700.0
2025-05-21 08:03:13,5200.0,5215.25,Put GEX 4,GEX,-42218.671,,7700.0
2025-05-21 08:03:13,5300.0,5315.5,Put GEX 5,GEX,-27546.563,,7700.0
2025-05-21 08:03:13,5310.0,5325.5,Put DEX 3,DEX,-85.915,,7700.0
2025-05-21 08:03:13,5310.0,5325.5,Put GEX 3,GEX,-46853.731,,7700.0
2025-05-21 08:03:13,5700.0,5716.75,Call DEX 5,DEX,113.942,,7700.0
2025-05-21 08:03:13,5905.0,5922.25,Call DEX 3,DEX,137.279,,7700.0
2025-05-21 08:03:13,5905.0,5922.25,Call GEX 3,GEX,132515.101,,7700.0
2025-05-21 08:03:13,6000.0,6017.5,Call GEX 1,GEX,220108.924,,7700.0
2025-05-21 08:03:13,6050.0,6067.75,Call GEX 5,GEX,90473.522,,7700.0
2025-05-21 08:03:13,6100.0,6117.75,Call DEX 4,DEX,115.7,,7700.0
2025-05-21 08:03:13,6100.0,6117.75,Call GEX 2,GEX,206999.041,,7700.0
2025-05-21 08:03:13,6200.0,6218.25,Call GEX 4,GEX,109167.425,,7700.0
2025-05-21 08:03:13,9600.0,9628.0,Put CEX 5,CEX,0.0,,7700.0
2025-05-21 08:03:13,9600.0,9628.0,Put VEX 5,VEX,0.0,,7700.0
2025-05-21 08:03:13,10000.0,10029.25,Put CEX 4,CEX,0.0,,7700.0
2025-05-21 08:03:13,10000.0,10029.25,Put VEX 4,VEX,0.0,,7700.0
2025-05-21 08:03:13,10100.0,10129.5,Put CEX 3,CEX,0.0,,7700.0
2025-05-21 08:03:13,10100.0,10129.5,Put VEX 3,VEX,0.0,,7700.0
2025-05-21 08:03:13,10200.0,10229.75,Put CEX 2,CEX,0.0,,7700.0
2025-05-21 08:03:13,10200.0,10229.75,Put VEX 2,VEX,0.0,,7700.0
2025-05-21 08:03:13,10400.0,10430.5,Put CEX 1,CEX,0.0,,7700.0
2025-05-21 08:03:13,10400.0,10430.5,Put VEX 1,VEX,0.0,,7700.0
2025-05-21 08:03:13,12000.0,12035.25,Call CEX 1,CEX,0.0,,7700.0
2025-05-21 08:03:13,12000.0,12035.25,Call VEX 1,VEX,0.0,,7700.0
2025-05-21 08:04:29,200.0,200.5,Call CEX 2,CEX,0.0,,7700.0
2025-05-21 08:04:29,200.0,200.5,Call VEX 2,VEX,0.0,,7700.0
2025-05-21 08:04:29,400.0,401.25,Call CEX 3,CEX,0.0,,7700.0
2025-05-21 08:04:29,400.0,401.25,Call VEX 3,VEX,0.0,,7700.0
2025-05-21 08:04:29,600.0,601.75,Call CEX 4,CEX,0.0,,7700.0
2025-05-21 08:04:29,600.0,601.75,Call VEX 4,VEX,0.0,,7700.0
2025-05-21 08:04:29,800.0,802.25,Call CEX 5,CEX,0.0,,7700.0
2025-05-21 08:04:29,800.0,802.25,Call VEX 5,VEX,0.0,,7700.0
2025-05-21 08:04:29,4000.0,4011.5,Call DEX 1,DEX,888.346,,7700.0
2025-05-21 08:04:29,4750.0,4763.75,Put DEX 5,DEX,-47.351,,7700.0
2025-05-21 08:04:29,4800.0,4814.0,Put DEX 1,DEX,-261.424,,7700.0
2025-05-21 08:04:29,4800.0,4814.0,Put GEX 1,GEX,-76582.793,,7700.0
2025-05-21 08:04:29,4850.0,4864.0,Put DEX 2,DEX,-223.733,,7700.0
2025-05-21 08:04:29,4850.0,4864.0,Put GEX 2,GEX,-66663.502,,7700.0
2025-05-21 08:04:29,5000.0,5014.5,Call DEX 2,DEX,755.716,,7700.0
2025-05-21 08:04:29,5200.0,5215.0,Put DEX 4,DEX,-55.897,,7700.0
2025-05-21 08:04:29,5200.0,5215.0,Put GEX 4,GEX,-42240.659,,7700.0
2025-05-21 08:04:29,5300.0,5315.5,Put GEX 5,GEX,-27622.795,,7700.0
2025-05-21 08:04:29,5310.0,5325.5,Put DEX 3,DEX,-85.917,,7700.0
2025-05-21 08:04:29,5310.0,5325.5,Put GEX 3,GEX,-46821.1,,7700.0
2025-05-21 08:04:29,5700.0,5716.5,Call DEX 5,DEX,113.943,,7700.0
2025-05-21 08:04:29,5905.0,5922.25,Call DEX 3,DEX,137.445,,7700.0
2025-05-21 08:04:29,5905.0,5922.25,Call GEX 3,GEX,130957.032,,7700.0
2025-05-21 08:04:29,6000.0,6017.5,Call GEX 1,GEX,208965.289,,7700.0
2025-05-21 08:04:29,6050.0,6067.5,Call GEX 5,GEX,89663.004,,7700.0
2025-05-21 08:04:29,6100.0,6117.75,Call DEX 4,DEX,116.171,,7700.0
2025-05-21 08:04:29,6100.0,6117.75,Call GEX 2,GEX,206188.607,,7700.0
2025-05-21 08:04:29,6200.0,6218.0,Call GEX 4,GEX,109209.238,,7700.0
2025-05-21 08:04:29,9600.0,9627.75,Put CEX 5,CEX,0.0,,7700.0
2025-05-21 08:04:29,9600.0,9627.75,Put VEX 5,VEX,0.0,,7700.0
2025-05-21 08:04:29,10000.0,10029.0,Put CEX 4,CEX,0.0,,7700.0
2025-05-21 08:04:29,10000.0,10029.0,Put VEX 4,VEX,0.0,,7700.0
2025-05-21 08:04:29,10100.0,10129.25,Put CEX 3,CEX,0.0,,7700.0
2025-05-21 08:04:29,10100.0,10129.25,Put VEX 3,VEX,0.0,,7700.0
2025-05-21 08:04:29,10200.0,10229.5,Put CEX 2,CEX,0.0,,7700.0
2025-05-21 08:04:29,10200.0,10229.5,Put VEX 2,VEX,0.0,,7700.0
2025-05-21 08:04:29,10400.0,10430.25,Put CEX 1,CEX,0.0,,7700.0
2025-05-21 08:04:29,10400.0,10430.25,Put VEX 1,VEX,0.0,,7700.0
2025-05-21 08:04:29,12000.0,12034.75,Call CEX 1,CEX,0.0,,7700.0
2025-05-21 08:04:29,12000.0,12034.75,Call VEX 1,VEX,0.0,,7700.0
2025-05-21 08:05:46,200.0,200.5,Call CEX 2,CEX,0.0,,7700.0
2025-05-21 08:05:46,200.0,200.5,Call VEX 2,VEX,0.0,,7700.0
2025-05-21 08:05:46,400.0,401.25,Call CEX 3,CEX,0.0,,7700.0
2025-05-21 08:05:46,400.0,401.25,Call VEX 3,VEX,0.0,,7700.0
2025-05-21 08:05:46,600.0,601.75,Call CEX 4,CEX,0.0,,7700.0
2025-05-21 08:05:46,600.0,601.75,Call VEX 4,VEX,0.0,,7700.0
2025-05-21 08:05:46,800.0,802.25,Call CEX 5,CEX,0.0,,7700.0
2025-05-21 08:05:46,800.0,802.25,Call VEX 5,VEX,0.0,,7700.0
2025-05-21 08:05:46,4000.0,4011.25,Call DEX 1,DEX,889.128,,7700.0
2025-05-21 08:05:46,4750.0,4763.5,Put DEX 5,DEX,-47.341,,7700.0
2025-05-21 08:05:46,4800.0,4813.5,Put DEX 1,DEX,-261.435,,7700.0
2025-05-21 08:05:46,4800.0,4813.5,Put GEX 1,GEX,-76417.336,,7700.0
2025-05-21 08:05:46,4850.0,4863.75,Put DEX 2,DEX,-223.76,,7700.0
2025-05-21 08:05:46,4850.0,4863.75,Put GEX 2,GEX,-66517.142,,7700.0
2025-05-21 08:05:46,5000.0,5014.25,Call DEX 2,DEX,759.522,,7700.0
2025-05-21 08:05:46,5200.0,5214.75,Put DEX 4,DEX,-55.649,,7700.0
2025-05-21 08:05:46,5200.0,5214.75,Put GEX 4,GEX,-41968.482,,7700.0
2025-05-21 08:05:46,5300.0,5315.0,Put GEX 5,GEX,-27299.54,,7700.0
2025-05-21 08:05:46,5310.0,5325.0,Put DEX 3,DEX,-85.853,,7700.0
2025-05-21 08:05:46,5310.0,5325.0,Put GEX 3,GEX,-46600.973,,7700.0
2025-05-21 08:05:46,5700.0,5716.25,Call DEX 5,DEX,115.995,,7700.0
2025-05-21 08:05:46,5905.0,5921.75,Call DEX 3,DEX,138.142,,7700.0
2025-05-21 08:05:46,5905.0,5921.75,Call GEX 3,GEX,133871.073,,7700.0
2025-05-21 08:05:46,6000.0,6017.0,Call GEX 1,GEX,233977.37,,7700.0
2025-05-21 08:05:46,6050.0,6067.25,Call GEX 5,GEX,92202.287,,7700.0
2025-05-21 08:05:46,6100.0,6117.25,Call DEX 4,DEX,116.732,,7700.0
2025-05-21 08:05:46,6100.0,6117.25,Call GEX 2,GEX,210638.3,,7700.0
2025-05-21 08:05:46,6200.0,6217.5,Call GEX 4,GEX,110816.127,,7700.0
2025-05-21 08:05:46,9600.0,9627.25,Put CEX 5,CEX,0.0,,7700.0
2025-05-21 08:05:46,9600.0,9627.25,Put VEX 5,VEX,0.0,,7700.0
2025-05-21 08:05:46,10000.0,10028.25,Put CEX 4,CEX,0.0,,7700.0
2025-05-21 08:05:46,10000.0,10028.25,Put VEX 4,VEX,0.0,,7700.0
2025-05-21 08:05:46,10100.0,10128.75,Put CEX 3,CEX,0.0,,7700.0
2025-05-21 08:05:46,10100.0,10128.75,Put VEX 3,VEX,0.0,,7700.0
2025-05-21 08:05:46,10200.0,10229.0,Put CEX 2,CEX,0.0,,7700.0
2025-05-21 08:05:46,10200.0,10229.0,Put VEX 2,VEX,0.0,,7700.0
2025-05-21 08:05:46,10400.0,10429.5,Put CEX 1,CEX,0.0,,7700.0
2025-05-21 08:05:46,10400.0,10429.5,Put VEX 1,VEX,0.0,,7700.0
2025-05-21 08:05:46,12000.0,12034.0,Call CEX 1,CEX,0.0,,7700.0
2025-05-21 08:05:46,12000.0,12034.0,Call VEX 1,VEX,0.0,,7700.0
2025-05-21 08:07:03,200.0,200.5,Call CEX 2,CEX,0.0,,7700.0
2025-05-21 08:07:03,200.0,200.5,Call VEX 2,VEX,0.0,,7700.0
2025-05-21 08:07:03,400.0,401.25,Call CEX 3,CEX,0.0,,7700.0
2025-05-21 08:07:03,400.0,401.25,Call VEX 3,VEX,0.0,,7700.0
2025-05-21 08:07:03,600.0,601.75,Call CEX 4,CEX,0.0,,7700.0
2025-05-21 08:07:03,600.0,601.75,Call VEX 4,VEX,0.0,,7700.0
2025-05-21 08:07:03,800.0,802.25,Call CEX 5,CEX,0.0,,7700.0
2025-05-21 08:07:03,800.0,802.25,Call VEX 5,VEX,0.0,,7700.0
2025-05-21 08:07:03,4000.0,4011.75,Call DEX 1,DEX,888.905,,7700.0
2025-05-21 08:07:03,4750.0,4764.0,Put DEX 5,DEX,-47.347,,7700.0
2025-05-21 08:07:03,4800.0,4814.0,Put DEX 1,DEX,-261.426,,7700.0
2025-05-21 08:07:03,4800.0,4814.0,Put GEX 1,GEX,-76497.391,,7700.0
2025-05-21 08:07:03,4850.0,4864.25,Put DEX 2,DEX,-223.744,,7700.0
2025-05-21 08:07:03,4850.0,4864.25,Put GEX 2,GEX,-66586.595,,7700.0
2025-05-21 08:07:03,5000.0,5014.75,Call DEX 2,DEX,758.064,,7700.0
2025-05-21 08:07:03,5200.0,5215.25,Put DEX 4,DEX,-55.74,,7700.0
2025-05-21 08:07:03,5200.0,5215.25,Put GEX 4,GEX,-42081.959,,7700.0
2025-05-21 08:07:03,5300.0,5315.5,Put GEX 5,GEX,-27412.641,,7700.0
2025-05-21 08:07:03,5310.0,5325.5,Put DEX 3,DEX,-85.879,,7700.0
2025-05-21 08:07:03,5310.0,5325.5,Put GEX 3,GEX,-46699.166,,7700.0
2025-05-21 08:07:03,5700.0,5716.75,Call DEX 5,DEX,115.114,,7700.0
2025-05-21 08:07:03,5905.0,5922.25,Call DEX 3,DEX,137.84,,7700.0
2025-05-21 08:07:03,5905.0,5922.25,Call GEX 3,GEX,133201.351,,7700.0
2025-05-21 08:07:03,6000.0,6017.5,Call GEX 1,GEX,226881.937,,7700.0
2025-05-21 08:07:03,6050.0,6067.75,Call GEX 5,GEX,91311.701,,7700.0
2025-05-21 08:07:03,6100.0,6118.0,Call DEX 4,DEX,116.423,,7700.0
2025-05-21 08:07:03,6100.0,6118.0,Call GEX 2,GEX,208917.885,,7700.0
2025-05-21 08:07:03,6200.0,6218.25,Call GEX 4,GEX,110104.875,,7700.0
2025-05-21 08:07:03,9600.0,9628.25,Put CEX 5,CEX,0.0,,7700.0
2025-05-21 08:07:03,9600.0,9628.25,Put VEX 5,VEX,0.0,,7700.0
2025-05-21 08:07:03,10000.0,10029.25,Put CEX 4,CEX,0.0,,7700.0
2025-05-21 08:07:03,10000.0,10029.25,Put VEX 4,VEX,0.0,,7700.0
2025-05-21 08:07:03,10100.0,10129.5,Put CEX 3,CEX,0.0,,7700.0
2025-05-21 08:07:03,10100.0,10129.5,Put VEX 3,VEX,0.0,,7700.0
2025-05-21 08:07:03,10200.0,10230.0,Put CEX 2,CEX,0.0,,7700.0
2025-05-21 08:07:03,10200.0,10230.0,Put VEX 2,VEX,0.0,,7700.0
2025-05-21 08:07:03,10400.0,10430.5,Put CEX 1,CEX,0.0,,7700.0
2025-05-21 08:07:03,10400.0,10430.5,Put VEX 1,VEX,0.0,,7700.0
2025-05-21 08:07:03,12000.0,12035.25,Call CEX 1,CEX,0.0,,7700.0
2025-05-21 08:07:03,12000.0,12035.25,Call VEX 1,VEX,0.0,,7700.0
2025-05-21 08:08:20,200.0,200.5,Call CEX 2,CEX,0.0,,7700.0
2025-05-21 08:08:20,200.0,200.5,Call VEX 2,VEX,0.0,,7700.0
2025-05-21 08:08:20,400.0,401.25,Call CEX 3,CEX,0.0,,7700.0
2025-05-21 08:08:20,400.0,401.25,Call VEX 3,VEX,0.0,,7700.0
2025-05-21 08:08:20,600.0,601.75,Call CEX 4,CEX,0.0,,7700.0
2025-05-21 08:08:20,600.0,601.75,Call VEX 4,VEX,0.0,,7700.0
2025-05-21 08:08:20,800.0,802.25,Call CEX 5,CEX,0.0,,7700.0
2025-05-21 08:08:20,800.0,802.25,Call VEX 5,VEX,0.0,,7700.0
2025-05-21 08:08:20,4000.0,4011.75,Call DEX 1,DEX,888.247,,7700.0
2025-05-21 08:08:20,4750.0,4764.0,Put DEX 5,DEX,-47.353,,7700.0
2025-05-21 08:08:20,4800.0,4814.25,Put DEX 1,DEX,-261.44,,7700.0
2025-05-21 08:08:20,4800.0,4814.25,Put GEX 1,GEX,-76576.859,,7700.0
2025-05-21 08:08:20,4850.0,4864.25,Put DEX 2,DEX,-223.716,,7700.0
2025-05-21 08:08:20,4850.0,4864.25,Put GEX 2,GEX,-66654.352,,7700.0
2025-05-21 08:08:20,5000.0,5014.75,Call DEX 2,DEX,754.064,,7700.0
2025-05-21 08:08:20,5200.0,5215.25,Put DEX 4,DEX,-55.972,,7700.0
2025-05-21 08:08:20,5200.0,5215.25,Put GEX 4,GEX,-42319.906,,7700.0
2025-05-21 08:08:20,5300.0,5315.5,Put GEX 5,GEX,-27758.68,,7700.0
2025-05-21 08:08:20,5310.0,5325.75,Put DEX 3,DEX,-85.918,,7700.0
2025-05-21 08:08:20,5310.0,5325.75,Put GEX 3,GEX,-46855.777,,7700.0
2025-05-21 08:08:20,5700.0,5716.75,Call DEX 5,DEX,113.078,,7700.0
2025-05-21 08:08:20,5905.0,5922.5,Call DEX 3,DEX,137.485,,7700.0
2025-05-21 08:08:20,5905.0,5922.5,Call GEX 3,GEX,129301.66,,7700.0
2025-05-21 08:08:20,6000.0,6017.75,Call GEX 2,GEX,195748.551,,7700.0
2025-05-21 08:08:20,6050.0,6067.75,Call GEX 5,GEX,88680.255,,7700.0
2025-05-21 08:08:20,6100.0,6118.0,Call DEX 4,DEX,116.395,,7700.0
2025-05-21 08:08:20,6100.0,6118.0,Call GEX 1,GEX,205702.494,,7700.0
2025-05-21 08:08:20,6200.0,6218.25,Call GEX 4,GEX,108948.345,,7700.0
2025-05-21 08:08:20,9600.0,9628.25,Put CEX 5,CEX,0.0,,7700.0
2025-05-21 08:08:20,9600.0,9628.25,Put VEX 5,VEX,0.0,,7700.0
2025-05-21 08:08:20,10000.0,10029.5,Put CEX 4,CEX,0.0,,7700.0
2025-05-21 08:08:20,10000.0,10029.5,Put VEX 4,VEX,0.0,,7700.0
2025-05-21 08:08:20,10100.0,10129.75,Put CEX 3,CEX,0.0,,7700.0
2025-05-21 08:08:20,10100.0,10129.75,Put VEX 3,VEX,0.0,,7700.0
2025-05-21 08:08:20,10200.0,10230.0,Put CEX 2,CEX,0.0,,7700.0
2025-05-21 08:08:20,10200.0,10230.0,Put VEX 2,VEX,0.0,,7700.0
2025-05-21 08:08:20,10400.0,10430.75,Put CEX 1,CEX,0.0,,7700.0
2025-05-21 08:08:20,10400.0,10430.75,Put VEX 1,VEX,0.0,,7700.0
2025-05-21 08:08:20,12000.0,12035.25,Call CEX 1,CEX,0.0,,7700.0
2025-05-21 08:08:20,12000.0,12035.25,Call VEX 1,VEX,0.0,,7700.0
2025-05-21 08:09:37,200.0,200.5,Call CEX 2,CEX,0.0,,7700.0
2025-05-21 08:09:37,200.0,200.5,Call VEX 2,VEX,0.0,,7700.0
2025-05-21 08:09:37,400.0,401.25,Call CEX 3,CEX,0.0,,7700.0
2025-05-21 08:09:37,400.0,401.25,Call VEX 3,VEX,0.0,,7700.0
2025-05-21 08:09:37,600.0,601.75,Call CEX 4,CEX,0.0,,7700.0
2025-05-21 08:09:37,600.0,601.75,Call VEX 4,VEX,0.0,,7700.0
2025-05-21 08:09:37,800.0,802.25,Call CEX 5,CEX,0.0,,7700.0
2025-05-21 08:09:37,800.0,802.25,Call VEX 5,VEX,0.0,,7700.0
2025-05-21 08:09:37,4000.0,4011.75,Call DEX 1,DEX,888.736,,7700.0
2025-05-21 08:09:37,4750.0,4764.0,Put DEX 5,DEX,-42.627,,7700.0
2025-05-21 08:09:37,4800.0,4814.0,Put DEX 1,DEX,-261.366,,7700.0
2025-05-21 08:09:37,4800.0,4814.0,Put GEX 1,GEX,-76266.231,,7700.0
2025-05-21 08:09:37,4850.0,4864.25,Put DEX 2,DEX,-223.787,,7700.0
2025-05-21 08:09:37,4850.0,4864.25,Put GEX 2,GEX,-66398.342,,7700.0
2025-05-21 08:09:37,5000.0,5014.75,Call DEX 2,DEX,753.381,,7700.0
2025-05-21 08:09:37,5200.0,5215.25,Put DEX 4,DEX,-56.01,,7700.0
2025-05-21 08:09:37,5200.0,5215.25,Put GEX 4,GEX,-42219.0,,7700.0
2025-05-21 08:09:37,5300.0,5315.5,Put GEX 5,GEX,-27967.7,,7700.0
2025-05-21 08:09:37,5310.0,5325.5,Put DEX 3,DEX,-85.878,,7700.0
2025-05-21 08:09:37,5310.0,5325.5,Put GEX 3,GEX,-46682.672,,7700.0
2025-05-21 08:09:37,5700.0,5716.75,Call DEX 5,DEX,115.031,,7700.0
2025-05-21 08:09:37,5905.0,5922.25,Call DEX 3,DEX,138.501,,7700.0
2025-05-21 08:09:37,5905.0,5922.25,Call GEX 3,GEX,127106.521,,7700.0
2025-05-21 08:09:37,6000.0,6017.5,Call GEX 2,GEX,179339.889,,7700.0
2025-05-21 08:09:37,6050.0,6067.75,Call GEX 5,GEX,88397.773,,7700.0
2025-05-21 08:09:37,6100.0,6117.75,Call DEX 4,DEX,117.687,,7700.0
2025-05-21 08:09:37,6100.0,6117.75,Call GEX 1,GEX,206014.99,,7700.0
2025-05-21 08:09:37,6200.0,6218.25,Call GEX 4,GEX,109854.161,,7700.0
2025-05-21 08:09:37,9600.0,9628.0,Put CEX 5,CEX,0.0,,7700.0
2025-05-21 08:09:37,9600.0,9628.0,Put VEX 5,VEX,0.0,,7700.0
2025-05-21 08:09:37,10000.0,10029.25,Put CEX 4,CEX,0.0,,7700.0
2025-05-21 08:09:37,10000.0,10029.25,Put VEX 4,VEX,0.0,,7700.0
2025-05-21 08:09:37,10100.0,10129.5,Put CEX 3,CEX,0.0,,7700.0
2025-05-21 08:09:37,10100.0,10129.5,Put VEX 3,VEX,0.0,,7700.0
2025-05-21 08:09:37,10200.0,10229.75,Put CEX 2,CEX,0.0,,7700.0
2025-05-21 08:09:37,10200.0,10229.75,Put VEX 2,VEX,0.0,,7700.0
2025-05-21 08:09:37,10400.0,10430.5,Put CEX 1,CEX,0.0,,7700.0
2025-05-21 08:09:37,10400.0,10430.5,Put VEX 1,VEX,0.0,,7700.0
2025-05-21 08:09:37,12000.0,12035.0,Call CEX 1,CEX,0.0,,7700.0
2025-05-21 08:09:37,12000.0,12035.0,Call VEX 1,VEX,0.0,,7700.0
2025-05-21 08:10:57,200.0,200.5,Call CEX 2,CEX,0.0,,7700.0
2025-05-21 08:10:57,200.0,200.5,Call VEX 2,VEX,0.0,,7700.0
2025-05-21 08:10:57,400.0,401.25,Call CEX 3,CEX,0.0,,7700.0
2025-05-21 08:10:57,400.0,401.25,Call VEX 3,VEX,0.0,,7700.0
2025-05-21 08:10:57,600.0,601.75,Call CEX 4,CEX,0.0,,7700.0
2025-05-21 08:10:57,600.0,601.75,Call VEX 4,VEX,0.0,,7700.0
2025-05-21 08:10:57,800.0,802.25,Call CEX 5,CEX,0.0,,7700.0
2025-05-21 08:10:57,800.0,802.25,Call VEX 5,VEX,0.0,,7700.0
2025-05-21 08:10:57,4000.0,4011.5,Call DEX 1,DEX,890.745,,7700.0
2025-05-21 08:10:57,4800.0,4813.75,Put DEX 1,DEX,-261.408,,7700.0
2025-05-21 08:10:57,4800.0,4813.75,Put GEX 1,GEX,-75951.069,,7700.0
2025-05-21 08:10:57,4850.0,4864.0,Put DEX 2,DEX,-223.852,,7700.0
2025-05-21 08:10:57,4850.0,4864.0,Put GEX 2,GEX,-66126.961,,7700.0
2025-05-21 08:10:57,4900.0,4914.25,Put DEX 5,DEX,-40.145,,7700.0
2025-05-21 08:10:57,5000.0,5014.5,Call DEX 2,DEX,762.971,,7700.0
2025-05-21 08:10:57,5200.0,5215.0,Put DEX 4,DEX,-55.415,,7700.0
2025-05-21 08:10:57,5200.0,5215.0,Put GEX 4,GEX,-41569.406,,7700.0
2025-05-21 08:10:57,5300.0,5315.25,Put GEX 5,GEX,-26939.991,,7700.0
2025-05-21 08:10:57,5310.0,5325.25,Put DEX 3,DEX,-85.73,,7700.0
2025-05-21 08:10:57,5310.0,5325.25,Put GEX 3,GEX,-46160.403,,7700.0
2025-05-21 08:10:57,5700.0,5716.5,Call DEX 4,DEX,119.497,,7700.0
2025-05-21 08:10:57,5905.0,5922.0,Call DEX 3,DEX,139.9,,7700.0
2025-05-21 08:10:57,5905.0,5922.0,Call GEX 3,GEX,134439.471,,7700.0
2025-05-21 08:10:57,6000.0,6017.25,Call GEX 1,GEX,248527.216,,7700.0
2025-05-21 08:10:57,6050.0,6067.5,Call GEX 5,GEX,94538.382,,7700.0
2025-05-21 08:10:57,6100.0,6117.75,Call DEX 5,DEX,118.892,,7700.0
2025-05-21 08:10:57,6100.0,6117.75,Call GEX 2,GEX,216967.782,,7700.0
2025-05-21 08:10:57,6200.0,6218.0,Call GEX 4,GEX,114310.28,,7700.0
2025-05-21 08:10:57,9600.0,9627.75,Put CEX 5,CEX,0.0,,7700.0
2025-05-21 08:10:57,9600.0,9627.75,Put VEX 5,VEX,0.0,,7700.0
2025-05-21 08:10:57,10000.0,10029.0,Put CEX 4,CEX,0.0,,7700.0
2025-05-21 08:10:57,10000.0,10029.0,Put VEX 4,VEX,0.0,,7700.0
2025-05-21 08:10:57,10100.0,10129.25,Put CEX 3,CEX,0.0,,7700.0
2025-05-21 08:10:57,10100.0,10129.25,Put VEX 3,VEX,0.0,,7700.0
2025-05-21 08:10:57,10200.0,10229.5,Put CEX 2,CEX,0.0,,7700.0
2025-05-21 08:10:57,10200.0,10229.5,Put VEX 2,VEX,0.0,,7700.0
2025-05-21 08:10:57,10400.0,10430.0,Put CEX 1,CEX,0.0,,7700.0
2025-05-21 08:10:57,10400.0,10430.0,Put VEX 1,VEX,0.0,,7700.0
2025-05-21 08:10:57,12000.0,12034.75,Call CEX 1,CEX,0.0,,7700.0
2025-05-21 08:10:57,12000.0,12034.75,Call VEX 1,VEX,0.0,,7700.0
2025-05-21 08:12:18,200.0,200.5,Call CEX 2,CEX,0.0,,7700.0
2025-05-21 08:12:18,200.0,200.5,Call VEX 2,VEX,0.0,,7700.0
2025-05-21 08:12:18,400.0,401.25,Call CEX 3,CEX,0.0,,7700.0
2025-05-21 08:12:18,400.0,401.25,Call VEX 3,VEX,0.0,,7700.0
2025-05-21 08:12:18,600.0,601.75,Call CEX 4,CEX,0.0,,7700.0
2025-05-21 08:12:18,600.0,601.75,Call VEX 4,VEX,0.0,,7700.0
2025-05-21 08:12:18,800.0,802.5,Call CEX 5,CEX,0.0,,7700.0
2025-05-21 08:12:18,800.0,802.5,Call VEX 5,VEX,0.0,,7700.0
2025-05-21 08:12:18,4000.0,4012.0,Call DEX 1,DEX,889.818,,7700.0
2025-05-21 08:12:18,4800.0,4814.5,Put DEX 1,DEX,-261.386,,7700.0
2025-05-21 08:12:18,4800.0,4814.5,Put GEX 1,GEX,-76096.532,,7700.0
2025-05-21 08:12:18,4850.0,4864.75,Put DEX 2,DEX,-223.821,,7700.0
2025-05-21 08:12:18,4850.0,4864.75,Put GEX 2,GEX,-66255.601,,7700.0
2025-05-21 08:12:18,4900.0,4914.75,Put DEX 5,DEX,-40.844,,7700.0
2025-05-21 08:12:18,5000.0,5015.0,Call DEX 2,DEX,758.876,,7700.0
2025-05-21 08:12:18,5200.0,5215.75,Put DEX 4,DEX,-55.667,,7700.0
2025-05-21 08:12:18,5200.0,5215.75,Put GEX 4,GEX,-41839.449,,7700.0
2025-05-21 08:12:18,5300.0,5316.0,Put GEX 5,GEX,-27294.988,,7700.0
2025-05-21 08:12:18,5310.0,5326.0,Put DEX 3,DEX,-85.777,,7700.0
2025-05-21 08:12:18,5310.0,5326.0,Put GEX 3,GEX,-46373.875,,7700.0
2025-05-21 08:12:18,5700.0,5717.25,Call DEX 5,DEX,117.516,,7700.0
2025-05-21 08:12:18,5905.0,5922.75,Call DEX 3,DEX,139.225,,7700.0
2025-05-21 08:12:18,5905.0,5922.75,Call GEX 3,GEX,130860.097,,7700.0
2025-05-21 08:12:18,6000.0,6018.25,Call GEX 1,GEX,212810.511,,7700.0
2025-05-21 08:12:18,6050.0,6068.25,Call GEX 5,GEX,91559.761,,7700.0
2025-05-21 08:12:18,6100.0,6118.5,Call DEX 4,DEX,118.436,,7700.0
2025-05-21 08:12:18,6100.0,6118.5,Call GEX 2,GEX,212125.667,,7700.0
2025-05-21 08:12:18,6200.0,6218.75,Call GEX 4,GEX,112290.074,,7700.0
2025-05-21 08:12:18,9600.0,9629.0,Put CEX 5,CEX,0.0,,7700.0
2025-05-21 08:12:18,9600.0,9629.0,Put VEX 5,VEX,0.0,,7700.0
2025-05-21 08:12:18,10000.0,10030.25,Put CEX 4,CEX,0.0,,7700.0
2025-05-21 08:12:18,10000.0,10030.25,Put VEX 4,VEX,0.0,,7700.0
2025-05-21 08:12:18,10100.0,10130.5,Put CEX 3,CEX,0.0,,7700.0
2025-05-21 08:12:18,10100.0,10130.5,Put VEX 3,VEX,0.0,,7700.0
2025-05-21 08:12:18,10200.0,10230.75,Put CEX 2,CEX,0.0,,7700.0
2025-05-21 08:12:18,10200.0,10230.75,Put VEX 2,VEX,0.0,,7700.0
2025-05-21 08:12:18,10400.0,10431.5,Put CEX 1,CEX,0.0,,7700.0
2025-05-21 08:12:18,10400.0,10431.5,Put VEX 1,VEX,0.0,,7700.0
2025-05-21 08:12:18,12000.0,12036.25,Call CEX 1,CEX,0.0,,7700.0
2025-05-21 08:12:18,12000.0,12036.25,Call VEX 1,VEX,0.0,,7700.0
2025-05-21 08:13:35,200.0,200.5,Call CEX 2,CEX,0.0,,7700.0
2025-05-21 08:13:35,200.0,200.5,Call VEX 2,VEX,0.0,,7700.0
2025-05-21 08:13:35,400.0,401.25,Call CEX 3,CEX,0.0,,7700.0
2025-05-21 08:13:35,400.0,401.25,Call VEX 3,VEX,0.0,,7700.0
2025-05-21 08:13:35,600.0,601.75,Call CEX 4,CEX,0.0,,7700.0
2025-05-21 08:13:35,600.0,601.75,Call VEX 4,VEX,0.0,,7700.0
2025-05-21 08:13:35,800.0,802.25,Call CEX 5,CEX,0.0,,7700.0
2025-05-21 08:13:35,800.0,802.25,Call VEX 5,VEX,0.0,,7700.0
2025-05-21 08:13:35,4000.0,4011.75,Call DEX 1,DEX,890.441,,7700.0
2025-05-21 08:13:35,4800.0,4814.0,Put DEX 1,DEX,-261.395,,7700.0
2025-05-21 08:13:35,4800.0,4814.0,Put GEX 1,GEX,-75996.368,,7700.0
2025-05-21 08:13:35,4850.0,4864.25,Put DEX 2,DEX,-223.842,,7700.0
2025-05-21 08:13:35,4850.0,4864.25,Put GEX 2,GEX,-66169.505,,7700.0
2025-05-21 08:13:35,4900.0,4914.25,Put DEX 5,DEX,-40.176,,7700.0
2025-05-21 08:13:35,5000.0,5014.75,Call DEX 2,DEX,760.52,,7700.0
2025-05-21 08:13:35,5200.0,5215.25,Put DEX 4,DEX,-55.571,,7700.0
2025-05-21 08:13:35,5200.0,5215.25,Put GEX 4,GEX,-41713.747,,7700.0
2025-05-21 08:13:35,5300.0,5315.5,Put GEX 5,GEX,-27153.384,,7700.0
2025-05-21 08:13:35,5310.0,5325.5,Put DEX 3,DEX,-85.755,,7700.0
2025-05-21 08:13:35,5310.0,5325.5,Put GEX 3,GEX,-46255.214,,7700.0
2025-05-21 08:13:35,5700.0,5716.75,Call DEX 5,DEX,118.369,,7700.0
2025-05-21 08:13:35,5905.0,5922.25,Call DEX 3,DEX,139.648,,7700.0
2025-05-21 08:13:35,5905.0,5922.25,Call GEX 3,GEX,132630.385,,7700.0
2025-05-21 08:13:35,6000.0,6017.5,Call GEX 1,GEX,229800.559,,7700.0
2025-05-21 08:13:35,6050.0,6067.75,Call GEX 5,GEX,92990.071,,7700.0
2025-05-21 08:13:35,6100.0,6118.0,Call DEX 4,DEX,118.757,,7700.0
2025-05-21 08:13:35,6100.0,6118.0,Call GEX 2,GEX,214734.403,,7700.0
2025-05-21 08:13:35,6200.0,6218.25,Call GEX 4,GEX,113194.546,,7700.0
2025-05-21 08:13:35,9600.0,9628.25,Put CEX 5,CEX,0.0,,7700.0
2025-05-21 08:13:35,9600.0,9628.25,Put VEX 5,VEX,0.0,,7700.0
2025-05-21 08:13:35,10000.0,10029.25,Put CEX 4,CEX,0.0,,7700.0
2025-05-21 08:13:35,10000.0,10029.25,Put VEX 4,VEX,0.0,,7700.0
2025-05-21 08:13:35,10100.0,10129.5,Put CEX 3,CEX,0.0,,7700.0
2025-05-21 08:13:35,10100.0,10129.5,Put VEX 3,VEX,0.0,,7700.0
2025-05-21 08:13:35,10200.0,10230.0,Put CEX 2,CEX,0.0,,7700.0
2025-05-21 08:13:35,10200.0,10230.0,Put VEX 2,VEX,0.0,,7700.0
2025-05-21 08:13:35,10400.0,10430.5,Put CEX 1,CEX,0.0,,7700.0
2025-05-21 08:13:35,10400.0,10430.5,Put VEX 1,VEX,0.0,,7700.0
2025-05-21 08:13:35,12000.0,12035.25,Call CEX 1,CEX,0.0,,7700.0
2025-05-21 08:13:35,12000.0,12035.25,Call VEX 1,VEX,0.0,,7700.0
2025-05-21 08:14:53,200.0,200.5,Call CEX 2,CEX,0.0,,7700.0
2025-05-21 08:14:53,200.0,200.5,Call VEX 2,VEX,0.0,,7700.0
2025-05-21 08:14:53,400.0,401.25,Call CEX 3,CEX,0.0,,7700.0
2025-05-21 08:14:53,400.0,401.25,Call VEX 3,VEX,0.0,,7700.0
2025-05-21 08:14:53,600.0,601.75,Call CEX 4,CEX,0.0,,7700.0
2025-05-21 08:14:53,600.0,601.75,Call VEX 4,VEX,0.0,,7700.0
2025-05-21 08:14:53,800.0,802.25,Call CEX 5,CEX,0.0,,7700.0
2025-05-21 08:14:53,800.0,802.25,Call VEX 5,VEX,0.0,,7700.0
2025-05-21 08:14:53,4000.0,4011.5,Call DEX 1,DEX,890.114,,7700.0
2025-05-21 08:14:53,4800.0,4814.0,Put DEX 1,DEX,-261.402,,7700.0
2025-05-21 08:14:53,4800.0,4814.0,Put GEX 1,GEX,-76016.288,,7700.0
2025-05-21 08:14:53,4850.0,4864.0,Put DEX 2,DEX,-223.841,,7700.0
2025-05-21 08:14:53,4850.0,4864.0,Put GEX 2,GEX,-66176.864,,7700.0
2025-05-21 08:14:53,4900.0,4914.25,Put DEX 5,DEX,-40.213,,7700.0
2025-05-21 08:14:53,5000.0,5014.5,Call DEX 2,DEX,757.418,,7700.0
2025-05-21 08:14:53,5200.0,5215.0,Put DEX 4,DEX,-55.761,,7700.0
2025-05-21 08:14:53,5200.0,5215.0,Put GEX 4,GEX,-41857.737,,7700.0
2025-05-21 08:14:53,5300.0,5315.25,Put GEX 5,GEX,-27400.001,,7700.0
2025-05-21 08:14:53,5310.0,5325.5,Put DEX 3,DEX,-85.77,,7700.0
2025-05-21 08:14:53,5310.0,5325.5,Put GEX 3,GEX,-46350.21,,7700.0
2025-05-21 08:14:53,5700.0,5716.5,Call DEX 5,DEX,117.541,,7700.0
2025-05-21 08:14:53,5905.0,5922.0,Call DEX 3,DEX,139.539,,7700.0
2025-05-21 08:14:53,5905.0,5922.0,Call GEX 3,GEX,129853.935,,7700.0
2025-05-21 08:14:53,6000.0,6017.25,Call GEX 2,GEX,203270.074,,7700.0
2025-05-21 08:14:53,6050.0,6067.5,Call GEX 5,GEX,90784.346,,7700.0
2025-05-21 08:14:53,6100.0,6117.75,Call DEX 4,DEX,118.996,,7700.0
2025-05-21 08:14:53,6100.0,6117.75,Call GEX 1,GEX,211287.954,,7700.0
2025-05-21 08:14:53,6200.0,6218.0,Call GEX 4,GEX,112287.319,,7700.0
2025-05-21 08:14:53,9600.0,9627.75,Put CEX 5,CEX,0.0,,7700.0
2025-05-21 08:14:53,9600.0,9627.75,Put VEX 5,VEX,0.0,,7700.0
2025-05-21 08:14:53,10000.0,10029.0,Put CEX 4,CEX,0.0,,7700.0
2025-05-21 08:14:53,10000.0,10029.0,Put VEX 4,VEX,0.0,,7700.0
2025-05-21 08:14:53,10100.0,10129.25,Put CEX 3,CEX,0.0,,7700.0
2025-05-21 08:14:53,10100.0,10129.25,Put VEX 3,VEX,0.0,,7700.0
2025-05-21 08:14:53,10200.0,10229.5,Put CEX 2,CEX,0.0,,7700.0
2025-05-21 08:14:53,10200.0,10229.5,Put VEX 2,VEX,0.0,,7700.0
2025-05-21 08:14:53,10400.0,10430.0,Put CEX 1,CEX,0.0,,7700.0
2025-05-21 08:14:53,10400.0,10430.0,Put VEX 1,VEX,0.0,,7700.0
2025-05-21 08:14:53,12000.0,12034.75,Call CEX 1,CEX,0.0,,7700.0
2025-05-21 08:14:53,12000.0,12034.75,Call VEX 1,VEX,0.0,,7700.0
2025-05-21 08:16:10,200.0,200.5,Call CEX 2,CEX,0.0,,7700.0
2025-05-21 08:16:10,200.0,200.5,Call VEX 2,VEX,0.0,,7700.0
2025-05-21 08:16:10,400.0,401.25,Call CEX 3,CEX,0.0,,7700.0
2025-05-21 08:16:10,400.0,401.25,Call VEX 3,VEX,0.0,,7700.0
2025-05-21 08:16:10,600.0,601.75,Call CEX 4,CEX,0.0,,7700.0
2025-05-21 08:16:10,600.0,601.75,Call VEX 4,VEX,0.0,,7700.0
2025-05-21 08:16:10,800.0,802.25,Call CEX 5,CEX,0.0,,7700.0
2025-05-21 08:16:10,800.0,802.25,Call VEX 5,VEX,0.0,,7700.0
2025-05-21 08:16:10,4000.0,4011.25,Call DEX 1,DEX,891.275,,7700.0
2025-05-21 08:16:10,4800.0,4813.5,Put DEX 1,DEX,-261.461,,7700.0
2025-05-21 08:16:10,4800.0,4813.5,Put GEX 1,GEX,-75800.735,,7700.0
2025-05-21 08:16:10,4850.0,4863.75,Put DEX 2,DEX,-223.897,,7700.0
2025-05-21 08:16:10,4850.0,4863.75,Put GEX 2,GEX,-65989.998,,7700.0
2025-05-21 08:16:10,4900.0,4913.75,Put DEX 5,DEX,-40.174,,7700.0
2025-05-21 08:16:10,5000.0,5014.0,Call DEX 2,DEX,762.749,,7700.0
2025-05-21 08:16:10,5200.0,5214.75,Put DEX 4,DEX,-55.426,,7700.0
2025-05-21 08:16:10,5200.0,5214.75,Put GEX 4,GEX,-41485.702,,7700.0
2025-05-21 08:16:10,5300.0,5315.0,Put GEX 5,GEX,-26921.115,,7700.0
2025-05-21 08:16:10,5310.0,5325.0,Put DEX 3,DEX,-85.699,,7700.0
2025-05-21 08:16:10,5310.0,5325.0,Put GEX 3,GEX,-46048.727,,7700.0
2025-05-21 08:16:10,5700.0,5716.0,Call DEX 4,DEX,120.186,,7700.0
2025-05-21 08:16:10,5905.0,5921.5,Call DEX 3,DEX,140.428,,7700.0
2025-05-21 08:16:10,5905.0,5921.5,Call GEX 3,GEX,132942.993,,7700.0
2025-05-21 08:16:10,6000.0,6017.0,Call GEX 1,GEX,237353.914,,7700.0
2025-05-21 08:16:10,6050.0,6067.0,Call GEX 5,GEX,94084.33,,7700.0
2025-05-21 08:16:10,6100.0,6117.25,Call DEX 5,DEX,119.954,,7700.0
2025-05-21 08:16:10,6100.0,6117.25,Call GEX 2,GEX,217200.073,,7700.0
2025-05-21 08:16:10,6200.0,6217.5,Call GEX 4,GEX,114494.86,,7700.0
2025-05-21 08:16:10,9600.0,9627.0,Put CEX 5,CEX,0.0,,7700.0
2025-05-21 08:16:10,9600.0,9627.0,Put VEX 5,VEX,0.0,,7700.0
2025-05-21 08:16:10,10000.0,10028.25,Put CEX 4,CEX,0.0,,7700.0
2025-05-21 08:16:10,10000.0,10028.25,Put VEX 4,VEX,0.0,,7700.0
2025-05-21 08:16:10,10100.0,10128.5,Put CEX 3,CEX,0.0,,7700.0
2025-05-21 08:16:10,10100.0,10128.5,Put VEX 3,VEX,0.0,,7700.0
2025-05-21 08:16:10,10200.0,10228.75,Put CEX 2,CEX,0.0,,7700.0
2025-05-21 08:16:10,10200.0,10228.75,Put VEX 2,VEX,0.0,,7700.0
2025-05-21 08:16:10,10400.0,10429.25,Put CEX 1,CEX,0.0,,7700.0
2025-05-21 08:16:10,10400.0,10429.25,Put VEX 1,VEX,0.0,,7700.0
2025-05-21 08:16:10,12000.0,12033.75,Call CEX 1,CEX,0.0,,7700.0
2025-05-21 08:16:10,12000.0,12033.75,Call VEX 1,VEX,0.0,,7700.0
2025-05-21 08:17:27,200.0,200.5,Call CEX 2,CEX,0.0,,7700.0
2025-05-21 08:17:27,200.0,200.5,Call VEX 2,VEX,0.0,,7700.0
2025-05-21 08:17:27,400.0,401.25,Call CEX 3,CEX,0.0,,7700.0
2025-05-21 08:17:27,400.0,401.25,Call VEX 3,VEX,0.0,,7700.0
2025-05-21 08:17:27,600.0,601.75,Call CEX 4,CEX,0.0,,7700.0
2025-05-21 08:17:27,600.0,601.75,Call VEX 4,VEX,0.0,,7700.0
2025-05-21 08:17:27,800.0,802.25,Call CEX 5,CEX,0.0,,7700.0
2025-05-21 08:17:27,800.0,802.25,Call VEX 5,VEX,0.0,,7700.0
2025-05-21 08:17:27,4000.0,4011.75,Call DEX 1,DEX,890.859,,7700.0
2025-05-21 08:17:27,4800.0,4814.0,Put DEX 1,DEX,-261.429,,7700.0
2025-05-21 08:17:27,4800.0,4814.0,Put GEX 1,GEX,-75859.791,,7700.0
2025-05-21 08:17:27,4850.0,4864.25,Put DEX 2,DEX,-223.883,,7700.0
2025-05-21 08:17:27,4850.0,4864.25,Put GEX 2,GEX,-66048.731,,7700.0
2025-05-21 08:17:27,4900.0,4914.5,Put DEX 5,DEX,-40.152,,7700.0
2025-05-21 08:17:27,5000.0,5014.75,Call DEX 2,DEX,762.841,,7700.0
2025-05-21 08:17:27,5200.0,5215.25,Put DEX 4,DEX,-55.436,,7700.0
2025-05-21 08:17:27,5200.0,5215.25,Put GEX 4,GEX,-41520.336,,7700.0
2025-05-21 08:17:27,5300.0,5315.5,Put GEX 5,GEX,-26935.322,,7700.0
2025-05-21 08:17:27,5310.0,5325.5,Put DEX 3,DEX,-85.722,,7700.0
2025-05-21 08:17:27,5310.0,5325.5,Put GEX 3,GEX,-46084.494,,7700.0
2025-05-21 08:17:27,5700.0,5716.75,Call DEX 4,DEX,119.626,,7700.0
2025-05-21 08:17:27,5905.0,5922.25,Call DEX 3,DEX,140.189,,7700.0
2025-05-21 08:17:27,5905.0,5922.25,Call GEX 3,GEX,133413.343,,7700.0
2025-05-21 08:17:27,6000.0,6017.5,Call GEX 1,GEX,241594.603,,7700.0
2025-05-21 08:17:27,6050.0,6067.75,Call GEX 5,GEX,94134.341,,7700.0
2025-05-21 08:17:27,6100.0,6118.0,Call DEX 5,DEX,119.534,,7700.0
2025-05-21 08:17:27,6100.0,6118.0,Call GEX 2,GEX,216756.413,,7700.0
2025-05-21 08:17:27,6200.0,6218.25,Call GEX 4,GEX,114113.51,,7700.0
2025-05-21 08:17:27,9600.0,9628.25,Put CEX 5,CEX,0.0,,7700.0
2025-05-21 08:17:27,9600.0,9628.25,Put VEX 5,VEX,0.0,,7700.0
2025-05-21 08:17:27,10000.0,10029.25,Put CEX 4,CEX,0.0,,7700.0
2025-05-21 08:17:27,10000.0,10029.25,Put VEX 4,VEX,0.0,,7700.0
2025-05-21 08:17:27,10100.0,10129.75,Put CEX 3,CEX,0.0,,7700.0
2025-05-21 08:17:27,10100.0,10129.75,Put VEX 3,VEX,0.0,,7700.0
2025-05-21 08:17:27,10200.0,10230.0,Put CEX 2,CEX,0.0,,7700.0
2025-05-21 08:17:27,10200.0,10230.0,Put VEX 2,VEX,0.0,,7700.0
2025-05-21 08:17:27,10400.0,10430.5,Put CEX 1,CEX,0.0,,7700.0
2025-05-21 08:17:27,10400.0,10430.5,Put VEX 1,VEX,0.0,,7700.0
2025-05-21 08:17:27,12000.0,12035.25,Call CEX 1,CEX,0.0,,7700.0
2025-05-21 08:17:27,12000.0,12035.25,Call VEX 1,VEX,0.0,,7700.0
2025-05-21 08:18:43,200.0,200.5,Call CEX 2,CEX,0.0,,7700.0
2025-05-21 08:18:43,200.0,200.5,Call VEX 2,VEX,0.0,,7700.0
2025-05-21 08:18:43,400.0,401.25,Call CEX 3,CEX,0.0,,7700.0
2025-05-21 08:18:43,400.0,401.25,Call VEX 3,VEX,0.0,,7700.0
2025-05-21 08:18:43,600.0,601.75,Call CEX 4,CEX,0.0,,7700.0
2025-05-21 08:18:43,600.0,601.75,Call VEX 4,VEX,0.0,,7700.0
2025-05-21 08:18:43,800.0,802.25,Call CEX 5,CEX,0.0,,7700.0
2025-05-21 08:18:43,800.0,802.25,Call VEX 5,VEX,0.0,,7700.0
2025-05-21 08:18:43,4000.0,4011.75,Call DEX 1,DEX,890.398,,7700.0
2025-05-21 08:18:43,4800.0,4814.0,Put DEX 1,DEX,-261.421,,7700.0
2025-05-21 08:18:43,4800.0,4814.0,Put GEX 1,GEX,-75988.629,,7700.0
2025-05-21 08:18:43,4850.0,4864.25,Put DEX 2,DEX,-223.853,,7700.0
2025-05-21 08:18:43,4850.0,4864.25,Put GEX 2,GEX,-66158.431,,7700.0
2025-05-21 08:18:43,4900.0,4914.25,Put DEX 5,DEX,-40.196,,7700.0
2025-05-21 08:18:43,5000.0,5014.75,Call DEX 2,DEX,758.98,,7700.0
2025-05-21 08:18:43,5200.0,5215.25,Put DEX 4,DEX,-55.676,,7700.0
2025-05-21 08:18:43,5200.0,5215.25,Put GEX 4,GEX,-41772.206,,7700.0
2025-05-21 08:18:43,5300.0,5315.5,Put GEX 5,GEX,-27253.327,,7700.0
2025-05-21 08:18:43,5310.0,5325.5,Put DEX 3,DEX,-85.775,,7700.0
2025-05-21 08:18:43,5310.0,5325.5,Put GEX 3,GEX,-46283.42,,7700.0
2025-05-21 08:18:43,5700.0,5716.75,Call DEX 5,DEX,117.967,,7700.0
2025-05-21 08:18:43,5905.0,5922.25,Call DEX 3,DEX,139.604,,7700.0
2025-05-21 08:18:43,5905.0,5922.25,Call GEX 3,GEX,130537.519,,7700.0
2025-05-21 08:18:43,6000.0,6017.5,Call GEX 1,GEX,213114.688,,7700.0
2025-05-21 08:18:43,6050.0,6067.75,Call GEX 5,GEX,91499.935,,7700.0
2025-05-21 08:18:43,6100.0,6118.0,Call DEX 4,DEX,119.122,,7700.0
2025-05-21 08:18:43,6100.0,6118.0,Call GEX 2,GEX,212606.124,,7700.0
2025-05-21 08:18:43,6200.0,6218.25,Call GEX 4,GEX,112622.054,,7700.0
2025-05-21 08:18:43,9600.0,9628.25,Put CEX 5,CEX,0.0,,7700.0
2025-05-21 08:18:43,9600.0,9628.25,Put VEX 5,VEX,0.0,,7700.0
2025-05-21 08:18:43,10000.0,10029.25,Put CEX 4,CEX,0.0,,7700.0
2025-05-21 08:18:43,10000.0,10029.25,Put VEX 4,VEX,0.0,,7700.0
2025-05-21 08:18:43,10100.0,10129.5,Put CEX 3,CEX,0.0,,7700.0
2025-05-21 08:18:43,10100.0,10129.5,Put VEX 3,VEX,0.0,,7700.0
2025-05-21 08:18:43,10200.0,10230.0,Put CEX 2,CEX,0.0,,7700.0
2025-05-21 08:18:43,10200.0,10230.0,Put VEX 2,VEX,0.0,,7700.0
2025-05-21 08:18:43,10400.0,10430.5,Put CEX 1,CEX,0.0,,7700.0
2025-05-21 08:18:43,10400.0,10430.5,Put VEX 1,VEX,0.0,,7700.0
2025-05-21 08:18:43,12000.0,12035.25,Call CEX 1,CEX,0.0,,7700.0
2025-05-21 08:18:43,12000.0,12035.25,Call VEX 1,VEX,0.0,,7700.0
2025-05-21 08:19:59,200.0,200.5,Call CEX 2,CEX,0.0,,7700.0
2025-05-21 08:19:59,200.0,200.5,Call VEX 2,VEX,0.0,,7700.0
2025-05-21 08:19:59,400.0,401.25,Call CEX 3,CEX,0.0,,7700.0
2025-05-21 08:19:59,400.0,401.25,Call VEX 3,VEX,0.0,,7700.0
2025-05-21 08:19:59,600.0,601.75,Call CEX 4,CEX,0.0,,7700.0
2025-05-21 08:19:59,600.0,601.75,Call VEX 4,VEX,0.0,,7700.0
2025-05-21 08:19:59,800.0,802.25,Call CEX 5,CEX,0.0,,7700.0
2025-05-21 08:19:59,800.0,802.25,Call VEX 5,VEX,0.0,,7700.0
2025-05-21 08:19:59,4000.0,4011.5,Call DEX 1,DEX,890.892,,7700.0
2025-05-21 08:19:59,4800.0,4814.0,Put DEX 1,DEX,-261.426,,7700.0
2025-05-21 08:19:59,4800.0,4814.0,Put GEX 1,GEX,-75901.038,,7700.0
2025-05-21 08:19:59,4850.0,4864.0,Put DEX 2,DEX,-223.866,,7700.0
2025-05-21 08:19:59,4850.0,4864.0,Put GEX 2,GEX,-66085.347,,7700.0
2025-05-21 08:19:59,4900.0,4914.25,Put DEX 5,DEX,-40.171,,7700.0
2025-05-21 08:19:59,5000.0,5014.5,Call DEX 2,DEX,761.118,,7700.0
2025-05-21 08:19:59,5200.0,5215.0,Put DEX 4,DEX,-55.537,,7700.0
2025-05-21 08:19:59,5200.0,5215.0,Put GEX 4,GEX,-41618.91,,7700.0
2025-05-21 08:19:59,5300.0,5315.5,Put GEX 5,GEX,-27091.431,,7700.0
2025-05-21 08:19:59,5310.0,5325.5,Put DEX 3,DEX,-85.738,,7700.0
2025-05-21 08:19:59,5310.0,5325.5,Put GEX 3,GEX,-46163.477,,7700.0
2025-05-21 08:19:59,5700.0,5716.5,Call DEX 5,DEX,119.116,,7700.0
2025-05-21 08:19:59,5905.0,5922.25,Call DEX 3,DEX,139.968,,7700.0
2025-05-21 08:19:59,5905.0,5922.25,Call GEX 3,GEX,131750.697,,7700.0
2025-05-21 08:19:59,6000.0,6017.5,Call GEX 1,GEX,224974.677,,7700.0
2025-05-21 08:19:59,6050.0,6067.5,Call GEX 5,GEX,92764.815,,7700.0
2025-05-21 08:19:59,6100.0,6117.75,Call DEX 4,DEX,119.494,,7700.0
2025-05-21 08:19:59,6100.0,6117.75,Call GEX 2,GEX,214750.928,,7700.0
2025-05-21 08:19:59,6200.0,6218.0,Call GEX 4,GEX,113443.575,,7700.0
2025-05-21 08:19:59,9600.0,9628.0,Put CEX 5,CEX,0.0,,7700.0
2025-05-21 08:19:59,9600.0,9628.0,Put VEX 5,VEX,0.0,,7700.0
2025-05-21 08:19:59,10000.0,10029.0,Put CEX 4,CEX,0.0,,7700.0
2025-05-21 08:19:59,10000.0,10029.0,Put VEX 4,VEX,0.0,,7700.0
2025-05-21 08:19:59,10100.0,10129.25,Put CEX 3,CEX,0.0,,7700.0
2025-05-21 08:19:59,10100.0,10129.25,Put VEX 3,VEX,0.0,,7700.0
2025-05-21 08:19:59,10200.0,10229.5,Put CEX 2,CEX,0.0,,7700.0
2025-05-21 08:19:59,10200.0,10229.5,Put VEX 2,VEX,0.0,,7700.0
2025-05-21 08:19:59,10400.0,10430.25,Put CEX 1,CEX,0.0,,7700.0
2025-05-21 08:19:59,10400.0,10430.25,Put VEX 1,VEX,0.0,,7700.0
2025-05-21 08:19:59,12000.0,12034.75,Call CEX 1,CEX,0.0,,7700.0
2025-05-21 08:19:59,12000.0,12034.75,Call VEX 1,VEX,0.0,,7700.0
2025-05-21 08:21:15,200.0,200.5,Call CEX 2,CEX,0.0,,7700.0
2025-05-21 08:21:15,200.0,200.5,Call VEX 2,VEX,0.0,,7700.0
2025-05-21 08:21:15,400.0,401.25,Call CEX 3,CEX,0.0,,7700.0
2025-05-21 08:21:15,400.0,401.25,Call VEX 3,VEX,0.0,,7700.0
2025-05-21 08:21:15,600.0,601.75,Call CEX 4,CEX,0.0,,7700.0
2025-05-21 08:21:15,600.0,601.75,Call VEX 4,VEX,0.0,,7700.0
2025-05-21 08:21:15,800.0,802.25,Call CEX 5,CEX,0.0,,7700.0
2025-05-21 08:21:15,800.0,802.25,Call VEX 5,VEX,0.0,,7700.0
2025-05-21 08:21:15,4000.0,4011.5,Call DEX 1,DEX,890.677,,7700.0
2025-05-21 08:21:15,4800.0,4813.75,Put DEX 1,DEX,-261.423,,7700.0
2025-05-21 08:21:15,4800.0,4813.75,Put GEX 1,GEX,-75935.164,,7700.0
2025-05-21 08:21:15,4850.0,4863.75,Put DEX 2,DEX,-223.859,,7700.0
2025-05-21 08:21:15,4850.0,4863.75,Put GEX 2,GEX,-66114.7,,7700.0
2025-05-21 08:21:15,4900.0,4914.0,Put DEX 5,DEX,-40.183,,7700.0
2025-05-21 08:21:15,5000.0,5014.25,Call DEX 2,DEX,760.045,,7700.0
2025-05-21 08:21:15,5200.0,5214.75,Put DEX 4,DEX,-55.607,,7700.0
2025-05-21 08:21:15,5200.0,5214.75,Put GEX 4,GEX,-41682.99,,7700.0
2025-05-21 08:21:15,5300.0,5315.0,Put GEX 5,GEX,-26896.731,,7700.0
2025-05-21 08:21:15,5310.0,5325.25,Put DEX 3,DEX,-85.765,,7700.0
2025-05-21 08:21:15,5310.0,5325.25,Put GEX 3,GEX,-46192.718,,7700.0
2025-05-21 08:21:15,5700.0,5716.25,Call DEX 5,DEX,118.543,,7700.0
2025-05-21 08:21:15,5905.0,5921.75,Call DEX 3,DEX,139.835,,7700.0
2025-05-21 08:21:15,5905.0,5921.75,Call GEX 3,GEX,131484.064,,7700.0
2025-05-21 08:21:15,6000.0,6017.0,Call GEX 1,GEX,222429.749,,7700.0
2025-05-21 08:21:15,6050.0,6067.25,Call GEX 5,GEX,92311.245,,7700.0
2025-05-21 08:21:15,6100.0,6117.5,Call DEX 4,DEX,119.511,,7700.0
2025-05-21 08:21:15,6100.0,6117.5,Call GEX 2,GEX,214401.95,,7700.0
2025-05-21 08:21:15,6200.0,6217.75,Call GEX 4,GEX,113519.996,,7700.0
2025-05-21 08:21:15,9600.0,9627.25,Put CEX 5,CEX,0.0,,7700.0
2025-05-21 08:21:15,9600.0,9627.25,Put VEX 5,VEX,0.0,,7700.0
2025-05-21 08:21:15,10000.0,10028.5,Put CEX 4,CEX,0.0,,7700.0
2025-05-21 08:21:15,10000.0,10028.5,Put VEX 4,VEX,0.0,,7700.0
2025-05-21 08:21:15,10100.0,10128.75,Put CEX 3,CEX,0.0,,7700.0
2025-05-21 08:21:15,10100.0,10128.75,Put VEX 3,VEX,0.0,,7700.0
2025-05-21 08:21:15,10200.0,10229.0,Put CEX 2,CEX,0.0,,7700.0
2025-05-21 08:21:15,10200.0,10229.0,Put VEX 2,VEX,0.0,,7700.0
2025-05-21 08:21:15,10400.0,10429.75,Put CEX 1,CEX,0.0,,7700.0
2025-05-21 08:21:15,10400.0,10429.75,Put VEX 1,VEX,0.0,,7700.0
2025-05-21 08:21:15,12000.0,12034.25,Call CEX 1,CEX,0.0,,7700.0
2025-05-21 08:21:15,12000.0,12034.25,Call VEX 1,VEX,0.0,,7700.0
2025-05-21 08:22:33,200.0,200.5,Call CEX 2,CEX,0.0,,7700.0
2025-05-21 08:22:33,200.0,200.5,Call VEX 2,VEX,0.0,,7700.0
2025-05-21 08:22:33,400.0,401.25,Call CEX 3,CEX,0.0,,7700.0
2025-05-21 08:22:33,400.0,401.25,Call VEX 3,VEX,0.0,,7700.0
2025-05-21 08:22:33,600.0,601.75,Call CEX 4,CEX,0.0,,7700.0
2025-05-21 08:22:33,600.0,601.75,Call VEX 4,VEX,0.0,,7700.0
2025-05-21 08:22:33,800.0,802.25,Call CEX 5,CEX,0.0,,7700.0
2025-05-21 08:22:33,800.0,802.25,Call VEX 5,VEX,0.0,,7700.0
2025-05-21 08:22:33,4000.0,4011.5,Call DEX 1,DEX,890.795,,7700.0
2025-05-21 08:22:33,4800.0,4814.0,Put DEX 1,DEX,-261.424,,7700.0
2025-05-21 08:22:33,4800.0,4814.0,Put GEX 1,GEX,-75916.416,,7700.0
2025-05-21 08:22:33,4850.0,4864.0,Put DEX 2,DEX,-223.869,,7700.0
2025-05-21 08:22:33,4850.0,4864.0,Put GEX 2,GEX,-66095.849,,7700.0
2025-05-21 08:22:33,4900.0,4914.25,Put DEX 5,DEX,-40.163,,7700.0
2025-05-21 08:22:33,5000.0,5014.5,Call DEX 2,DEX,761.566,,7700.0
2025-05-21 08:22:33,5200.0,5215.0,Put DEX 4,DEX,-55.521,,7700.0
2025-05-21 08:22:33,5200.0,5215.0,Put GEX 4,GEX,-41601.339,,7700.0
2025-05-21 08:22:33,5300.0,5315.5,Put GEX 5,GEX,-27027.628,,7700.0
2025-05-21 08:22:33,5310.0,5325.5,Put DEX 3,DEX,-85.76,,7700.0
2025-05-21 08:22:33,5310.0,5325.5,Put GEX 3,GEX,-46154.0,,7700.0
2025-05-21 08:22:33,5700.0,5716.5,Call DEX 5,DEX,119.046,,7700.0
2025-05-21 08:22:33,5905.0,5922.25,Call DEX 3,DEX,139.959,,7700.0
2025-05-21 08:22:33,5905.0,5922.25,Call GEX 3,GEX,132776.753,,7700.0
2025-05-21 08:22:33,6000.0,6017.5,Call GEX 1,GEX,235732.852,,7700.0
2025-05-21 08:22:33,6050.0,6067.5,Call GEX 5,GEX,93412.85,,7700.0
2025-05-21 08:22:33,6100.0,6117.75,Call DEX 4,DEX,119.338,,7700.0
2025-05-21 08:22:33,6100.0,6117.75,Call GEX 2,GEX,215467.88,,7700.0
2025-05-21 08:22:33,6200.0,6218.0,Call GEX 4,GEX,113534.31,,7700.0
2025-05-21 08:22:33,9600.0,9627.75,Put CEX 5,CEX,0.0,,7700.0
2025-05-21 08:22:33,9600.0,9627.75,Put VEX 5,VEX,0.0,,7700.0
2025-05-21 08:22:33,10000.0,10029.0,Put CEX 4,CEX,0.0,,7700.0
2025-05-21 08:22:33,10000.0,10029.0,Put VEX 4,VEX,0.0,,7700.0
2025-05-21 08:22:33,10100.0,10129.25,Put CEX 3,CEX,0.0,,7700.0
2025-05-21 08:22:33,10100.0,10129.25,Put VEX 3,VEX,0.0,,7700.0
2025-05-21 08:22:33,10200.0,10229.5,Put CEX 2,CEX,0.0,,7700.0
2025-05-21 08:22:33,10200.0,10229.5,Put VEX 2,VEX,0.0,,7700.0
2025-05-21 08:22:33,10400.0,10430.25,Put CEX 1,CEX,0.0,,7700.0
2025-05-21 08:22:33,10400.0,10430.25,Put VEX 1,VEX,0.0,,7700.0
2025-05-21 08:22:33,12000.0,12034.75,Call CEX 1,CEX,0.0,,7700.0
2025-05-21 08:22:33,12000.0,12034.75,Call VEX 1,VEX,0.0,,7700.0
2025-05-21 08:23:50,200.0,200.5,Call CEX 2,CEX,0.0,,7700.0
2025-05-21 08:23:50,200.0,200.5,Call VEX 2,VEX,0.0,,7700.0
2025-05-21 08:23:50,400.0,401.25,Call CEX 3,CEX,0.0,,7700.0
2025-05-21 08:23:50,400.0,401.25,Call VEX 3,VEX,0.0,,7700.0
2025-05-21 08:23:50,600.0,601.75,Call CEX 4,CEX,0.0,,7700.0
2025-05-21 08:23:50,600.0,601.75,Call VEX 4,VEX,0.0,,7700.0
2025-05-21 08:23:50,800.0,802.25,Call CEX 5,CEX,0.0,,7700.0
2025-05-21 08:23:50,800.0,802.25,Call VEX 5,VEX,0.0,,7700.0
2025-05-21 08:23:50,4000.0,4011.5,Call DEX 1,DEX,889.83,,7700.0
2025-05-21 08:23:50,4800.0,4813.75,Put DEX 1,DEX,-261.394,,7700.0
2025-05-21 08:23:50,4800.0,4813.75,Put GEX 1,GEX,-76061.17,,7700.0
2025-05-21 08:23:50,4850.0,4864.0,Put DEX 2,DEX,-223.82,,7700.0
2025-05-21 08:23:50,4850.0,4864.0,Put GEX 2,GEX,-66221.221,,7700.0
2025-05-21 08:23:50,4900.0,4914.0,Put DEX 5,DEX,-40.222,,7700.0
2025-05-21 08:23:50,5000.0,5014.25,Call DEX 2,DEX,756.665,,7700.0
2025-05-21 08:23:50,5200.0,5215.0,Put DEX 4,DEX,-55.809,,7700.0
2025-05-21 08:23:50,5200.0,5215.0,Put GEX 4,GEX,-41913.713,,7700.0
2025-05-21 08:23:50,5300.0,5315.25,Put GEX 5,GEX,-27147.001,,7700.0
2025-05-21 08:23:50,5310.0,5325.25,Put DEX 3,DEX,-85.814,,7700.0
2025-05-21 08:23:50,5310.0,5325.25,Put GEX 3,GEX,-46377.601,,7700.0
2025-05-21 08:23:50,5700.0,5716.5,Call DEX 5,DEX,116.935,,7700.0
2025-05-21 08:23:50,5905.0,5922.0,Call DEX 3,DEX,139.326,,7700.0
2025-05-21 08:23:50,5905.0,5922.0,Call GEX 3,GEX,129009.904,,7700.0
2025-05-21 08:23:50,6000.0,6017.25,Call GEX 2,GEX,195840.679,,7700.0
2025-05-21 08:23:50,6050.0,6067.5,Call GEX 5,GEX,89939.954,,7700.0
2025-05-21 08:23:50,6100.0,6117.5,Call DEX 4,DEX,118.976,,7700.0
2025-05-21 08:23:50,6100.0,6117.5,Call GEX 1,GEX,209739.888,,7700.0
2025-05-21 08:23:50,6200.0,6217.75,Call GEX 4,GEX,111748.18,,7700.0
2025-05-21 08:23:50,9600.0,9627.5,Put CEX 5,CEX,0.0,,7700.0
2025-05-21 08:23:50,9600.0,9627.5,Put VEX 5,VEX,0.0,,7700.0
2025-05-21 08:23:50,10000.0,10028.75,Put CEX 4,CEX,0.0,,7700.0
2025-05-21 08:23:50,10000.0,10028.75,Put VEX 4,VEX,0.0,,7700.0
2025-05-21 08:23:50,10100.0,10129.0,Put CEX 3,CEX,0.0,,7700.0
2025-05-21 08:23:50,10100.0,10129.0,Put VEX 3,VEX,0.0,,7700.0
2025-05-21 08:23:50,10200.0,10229.25,Put CEX 2,CEX,0.0,,7700.0
2025-05-21 08:23:50,10200.0,10229.25,Put VEX 2,VEX,0.0,,7700.0
2025-05-21 08:23:50,10400.0,10430.0,Put CEX 1,CEX,0.0,,7700.0
2025-05-21 08:23:50,10400.0,10430.0,Put VEX 1,VEX,0.0,,7700.0
2025-05-21 08:23:50,12000.0,12034.5,Call CEX 1,CEX,0.0,,7700.0
2025-05-21 08:23:50,12000.0,12034.5,Call VEX 1,VEX,0.0,,7700.0
2025-05-21 08:25:07,200.0,200.5,Call CEX 2,CEX,0.0,,7700.0
2025-05-21 08:25:07,200.0,200.5,Call VEX 2,VEX,0.0,,7700.0
2025-05-21 08:25:07,400.0,401.25,Call CEX 3,CEX,0.0,,7700.0
2025-05-21 08:25:07,400.0,401.25,Call VEX 3,VEX,0.0,,7700.0
2025-05-21 08:25:07,600.0,601.75,Call CEX 4,CEX,0.0,,7700.0
2025-05-21 08:25:07,600.0,601.75,Call VEX 4,VEX,0.0,,7700.0
2025-05-21 08:25:07,800.0,802.25,Call CEX 5,CEX,0.0,,7700.0
2025-05-21 08:25:07,800.0,802.25,Call VEX 5,VEX,0.0,,7700.0
2025-05-21 08:25:07,4000.0,4011.75,Call DEX 1,DEX,890.614,,7700.0
2025-05-21 08:25:07,4800.0,4814.25,Put DEX 1,DEX,-261.428,,7700.0
2025-05-21 08:25:07,4800.0,4814.25,Put GEX 1,GEX,-75919.099,,7700.0
2025-05-21 08:25:07,4850.0,4864.25,Put DEX 2,DEX,-223.86,,7700.0
2025-05-21 08:25:07,4850.0,4864.25,Put GEX 2,GEX,-66089.675,,7700.0
2025-05-21 08:25:07,4900.0,4914.5,Put DEX 5,DEX,-40.179,,7700.0
2025-05-21 08:25:07,5000.0,5014.75,Call DEX 2,DEX,762.736,,7700.0
2025-05-21 08:25:07,5200.0,5215.25,Put DEX 4,DEX,-55.415,,7700.0
2025-05-21 08:25:07,5200.0,5215.25,Put GEX 4,GEX,-41557.162,,7700.0
2025-05-21 08:25:07,5300.0,5315.5,Put GEX 5,GEX,-27109.269,,7700.0
2025-05-21 08:25:07,5310.0,5325.75,Put DEX 3,DEX,-85.712,,7700.0
2025-05-21 08:25:07,5310.0,5325.75,Put GEX 3,GEX,-46168.507,,7700.0
2025-05-21 08:25:07,5700.0,5716.75,Call DEX 5,DEX,119.208,,7700.0
2025-05-21 08:25:07,5905.0,5922.5,Call DEX 3,DEX,139.904,,7700.0
2025-05-21 08:25:07,5905.0,5922.5,Call GEX 3,GEX,129940.694,,7700.0
2025-05-21 08:25:07,6000.0,6017.75,Call GEX 2,GEX,207896.215,,7700.0
2025-05-21 08:25:07,6050.0,6067.75,Call GEX 5,GEX,91330.141,,7700.0
2025-05-21 08:25:07,6100.0,6118.0,Call DEX 4,DEX,119.753,,7700.0
2025-05-21 08:25:07,6100.0,6118.0,Call GEX 1,GEX,213434.683,,7700.0
2025-05-21 08:25:07,6200.0,6218.25,Call GEX 4,GEX,112971.946,,7700.0
2025-05-21 08:25:07,9600.0,9628.25,Put CEX 5,CEX,0.0,,7700.0
2025-05-21 08:25:07,9600.0,9628.25,Put VEX 5,VEX,0.0,,7700.0
2025-05-21 08:25:07,10000.0,10029.5,Put CEX 4,CEX,0.0,,7700.0
2025-05-21 08:25:07,10000.0,10029.5,Put VEX 4,VEX,0.0,,7700.0
2025-05-21 08:25:07,10100.0,10129.75,Put CEX 3,CEX,0.0,,7700.0
2025-05-21 08:25:07,10100.0,10129.75,Put VEX 3,VEX,0.0,,7700.0
2025-05-21 08:25:07,10200.0,10230.0,Put CEX 2,CEX,0.0,,7700.0
2025-05-21 08:25:07,10200.0,10230.0,Put VEX 2,VEX,0.0,,7700.0
2025-05-21 08:25:07,10400.0,10430.75,Put CEX 1,CEX,0.0,,7700.0
2025-05-21 08:25:07,10400.0,10430.75,Put VEX 1,VEX,0.0,,7700.0
2025-05-21 08:25:07,12000.0,12035.25,Call CEX 1,CEX,0.0,,7700.0
2025-05-21 08:25:07,12000.0,12035.25,Call VEX 1,VEX,0.0,,7700.0
2025-05-21 08:26:26,200.0,200.5,Call CEX 2,CEX,0.0,,7700.0
2025-05-21 08:26:26,200.0,200.5,Call VEX 2,VEX,0.0,,7700.0
2025-05-21 08:26:26,400.0,401.25,Call CEX 3,CEX,0.0,,7700.0
2025-05-21 08:26:26,400.0,401.25,Call VEX 3,VEX,0.0,,7700.0
2025-05-21 08:26:26,600.0,601.75,Call CEX 4,CEX,0.0,,7700.0
2025-05-21 08:26:26,600.0,601.75,Call VEX 4,VEX,0.0,,7700.0
2025-05-21 08:26:26,800.0,802.25,Call CEX 5,CEX,0.0,,7700.0
2025-05-21 08:26:26,800.0,802.25,Call VEX 5,VEX,0.0,,7700.0
2025-05-21 08:26:26,4000.0,4011.5,Call DEX 1,DEX,891.738,,7700.0
2025-05-21 08:26:26,4800.0,4813.75,Put DEX 1,DEX,-261.459,,7700.0
2025-05-21 08:26:26,4800.0,4813.75,Put GEX 1,GEX,-75703.203,,7700.0
2025-05-21 08:26:26,4850.0,4864.0,Put DEX 2,DEX,-223.919,,7700.0
2025-05-21 08:26:26,4850.0,4864.0,Put GEX 2,GEX,-65896.769,,7700.0
2025-05-21 08:26:26,4900.0,4914.0,Put DEX 5,DEX,-40.15,,7700.0
2025-05-21 08:26:26,5000.0,5014.5,Call DEX 2,DEX,764.487,,7700.0
2025-05-21 08:26:26,5200.0,5215.0,Put DEX 4,DEX,-55.329,,7700.0
2025-05-21 08:26:26,5200.0,5215.0,Put GEX 4,GEX,-41355.845,,7700.0
2025-05-21 08:26:26,5300.0,5315.25,Put GEX 5,GEX,-26779.239,,7700.0
2025-05-21 08:26:26,5310.0,5325.25,Put DEX 3,DEX,-85.676,,7700.0
2025-05-21 08:26:26,5310.0,5325.25,Put GEX 3,GEX,-45919.325,,7700.0
2025-05-21 08:26:26,5700.0,5716.5,Call DEX 4,DEX,121.105,,7700.0
2025-05-21 08:26:26,5905.0,5922.0,Call DEX 3,DEX,140.864,,7700.0
2025-05-21 08:26:26,5905.0,5922.0,Call GEX 3,GEX,133692.726,,7700.0
2025-05-21 08:26:26,6000.0,6017.25,Call GEX 1,GEX,247959.825,,7700.0
2025-05-21 08:26:26,6050.0,6067.5,Call GEX 5,GEX,95074.955,,7700.0
2025-05-21 08:26:26,6100.0,6117.5,Call DEX 5,DEX,120.458,,7700.0
2025-05-21 08:26:26,6100.0,6117.5,Call GEX 2,GEX,219262.471,,7700.0
2025-05-21 08:26:26,6200.0,6217.75,Call GEX 4,GEX,115404.286,,7700.0
2025-05-21 08:26:26,9600.0,9627.5,Put CEX 5,CEX,0.0,,7700.0
2025-05-21 08:26:26,9600.0,9627.5,Put VEX 5,VEX,0.0,,7700.0
2025-05-21 08:26:26,10000.0,10028.75,Put CEX 4,CEX,0.0,,7700.0
2025-05-21 08:26:26,10000.0,10028.75,Put VEX 4,VEX,0.0,,7700.0
2025-05-21 08:26:26,10100.0,10129.0,Put CEX 3,CEX,0.0,,7700.0
2025-05-21 08:26:26,10100.0,10129.0,Put VEX 3,VEX,0.0,,7700.0
2025-05-21 08:26:26,10200.0,10229.25,Put CEX 2,CEX,0.0,,7700.0
2025-05-21 08:26:26,10200.0,10229.25,Put VEX 2,VEX,0.0,,7700.0
2025-05-21 08:26:26,10400.0,10430.0,Put CEX 1,CEX,0.0,,7700.0
2025-05-21 08:26:26,10400.0,10430.0,Put VEX 1,VEX,0.0,,7700.0
2025-05-21 08:26:26,12000.0,12034.5,Call CEX 1,CEX,0.0,,7700.0
2025-05-21 08:26:26,12000.0,12034.5,Call VEX 1,VEX,0.0,,7700.0
2025-05-21 08:27:46,200.0,200.5,Call CEX 2,CEX,0.0,,7700.0
2025-05-21 08:27:46,200.0,200.5,Call VEX 2,VEX,0.0,,7700.0
2025-05-21 08:27:46,400.0,401.25,Call CEX 3,CEX,0.0,,7700.0
2025-05-21 08:27:46,400.0,401.25,Call VEX 3,VEX,0.0,,7700.0
2025-05-21 08:27:46,600.0,601.75,Call CEX 4,CEX,0.0,,7700.0
2025-05-21 08:27:46,600.0,601.75,Call VEX 4,VEX,0.0,,7700.0
2025-05-21 08:27:46,800.0,802.25,Call CEX 5,CEX,0.0,,7700.0
2025-05-21 08:27:46,800.0,802.25,Call VEX 5,VEX,0.0,,7700.0
2025-05-21 08:27:46,4000.0,4011.25,Call DEX 1,DEX,891.109,,7700.0
2025-05-21 08:27:46,4800.0,4813.75,Put DEX 1,DEX,-261.45,,7700.0
2025-05-21 08:27:46,4800.0,4813.75,Put GEX 1,GEX,-75835.994,,7700.0
2025-05-21 08:27:46,4850.0,4863.75,Put DEX 2,DEX,-223.882,,7700.0
2025-05-21 08:27:46,4850.0,4863.75,Put GEX 2,GEX,-66017.325,,7700.0
2025-05-21 08:27:46,4900.0,4914.0,Put DEX 5,DEX,-40.177,,7700.0
2025-05-21 08:27:46,5000.0,5014.25,Call DEX 2,DEX,760.621,,7700.0
2025-05-21 08:27:46,5200.0,5214.75,Put DEX 4,DEX,-55.577,,7700.0
2025-05-21 08:27:46,5200.0,5214.75,Put GEX 4,GEX,-41601.287,,7700.0
2025-05-21 08:27:46,5300.0,5315.0,Put GEX 5,GEX,-27103.102,,7700.0
2025-05-21 08:27:46,5310.0,5325.0,Put DEX 3,DEX,-85.744,,7700.0
2025-05-21 08:27:46,5310.0,5325.0,Put GEX 3,GEX,-46106.252,,7700.0
2025-05-21 08:27:46,5700.0,5716.25,Call DEX 4,DEX,120.196,,7700.0
2025-05-21 08:27:46,5905.0,5921.75,Call DEX 3,DEX,140.266,,7700.0
2025-05-21 08:27:46,5905.0,5921.75,Call GEX 3,GEX,131217.193,,7700.0
2025-05-21 08:27:46,6000.0,6017.0,Call GEX 1,GEX,220719.942,,7700.0
2025-05-21 08:27:46,6050.0,6067.25,Call GEX 5,GEX,92444.98,,7700.0
2025-05-21 08:27:46,6100.0,6117.25,Call DEX 5,DEX,120.01,,7700.0
2025-05-21 08:27:46,6100.0,6117.25,Call GEX 2,GEX,214701.059,,7700.0
2025-05-21 08:27:46,6200.0,6217.75,Call GEX 4,GEX,113770.323,,7700.0
2025-05-21 08:27:46,9600.0,9627.25,Put CEX 5,CEX,0.0,,7700.0
2025-05-21 08:27:46,9600.0,9627.25,Put VEX 5,VEX,0.0,,7700.0
2025-05-21 08:27:46,10000.0,10028.5,Put CEX 4,CEX,0.0,,7700.0
2025-05-21 08:27:46,10000.0,10028.5,Put VEX 4,VEX,0.0,,7700.0
2025-05-21 08:27:46,10100.0,10128.75,Put CEX 3,CEX,0.0,,7700.0
2025-05-21 08:27:46,10100.0,10128.75,Put VEX 3,VEX,0.0,,7700.0
2025-05-21 08:27:46,10200.0,10229.0,Put CEX 2,CEX,0.0,,7700.0
2025-05-21 08:27:46,10200.0,10229.0,Put VEX 2,VEX,0.0,,7700.0
2025-05-21 08:27:46,10400.0,10429.5,Put CEX 1,CEX,0.0,,7700.0
2025-05-21 08:27:46,10400.0,10429.5,Put VEX 1,VEX,0.0,,7700.0
2025-05-21 08:27:46,12000.0,12034.0,Call CEX 1,CEX,0.0,,7700.0
2025-05-21 08:27:46,12000.0,12034.0,Call VEX 1,VEX,0.0,,7700.0
2025-05-21 08:29:05,200.0,200.5,Call CEX 2,CEX,0.0,,7700.0
2025-05-21 08:29:05,200.0,200.5,Call VEX 2,VEX,0.0,,7700.0
2025-05-21 08:29:05,400.0,401.25,Call CEX 3,CEX,0.0,,7700.0
2025-05-21 08:29:05,400.0,401.25,Call VEX 3,VEX,0.0,,7700.0
2025-05-21 08:29:05,600.0,601.75,Call CEX 4,CEX,0.0,,7700.0
2025-05-21 08:29:05,600.0,601.75,Call VEX 4,VEX,0.0,,7700.0
2025-05-21 08:29:05,800.0,802.25,Call CEX 5,CEX,0.0,,7700.0
2025-05-21 08:29:05,800.0,802.25,Call VEX 5,VEX,0.0,,7700.0
2025-05-21 08:29:05,4000.0,4011.5,Call DEX 1,DEX,891.277,,7700.0
2025-05-21 08:29:05,4800.0,4813.75,Put DEX 1,DEX,-261.452,,7700.0
2025-05-21 08:29:05,4800.0,4813.75,Put GEX 1,GEX,-75809.628,,7700.0
2025-05-21 08:29:05,4850.0,4863.75,Put DEX 2,DEX,-223.887,,7700.0
2025-05-21 08:29:05,4850.0,4863.75,Put GEX 2,GEX,-65994.681,,7700.0
2025-05-21 08:29:05,4900.0,4914.0,Put DEX 5,DEX,-40.171,,7700.0
2025-05-21 08:29:05,5000.0,5014.25,Call DEX 2,DEX,762.198,,7700.0
2025-05-21 08:29:05,5200.0,5214.75,Put DEX 4,DEX,-55.466,,7700.0
2025-05-21 08:29:05,5200.0,5214.75,Put GEX 4,GEX,-41519.546,,7700.0
2025-05-21 08:29:05,5300.0,5315.0,Put GEX 5,GEX,-26986.096,,7700.0
2025-05-21 08:29:05,5310.0,5325.25,Put DEX 3,DEX,-85.714,,7700.0
2025-05-21 08:29:05,5310.0,5325.25,Put GEX 3,GEX,-46057.378,,7700.0
2025-05-21 08:29:05,5700.0,5716.25,Call DEX 5,DEX,119.933,,7700.0
2025-05-21 08:29:05,5905.0,5921.75,Call DEX 3,DEX,140.403,,7700.0
2025-05-21 08:29:05,5905.0,5921.75,Call GEX 3,GEX,132184.307,,7700.0
2025-05-21 08:29:05,6000.0,6017.0,Call GEX 1,GEX,231321.21,,7700.0
2025-05-21 08:29:05,6050.0,6067.25,Call GEX 5,GEX,93535.196,,7700.0
2025-05-21 08:29:05,6100.0,6117.5,Call DEX 4,DEX,120.002,,7700.0
2025-05-21 08:29:05,6100.0,6117.5,Call GEX 2,GEX,216462.928,,7700.0
2025-05-21 08:29:05,6200.0,6217.75,Call GEX 4,GEX,114356.96,,7700.0
2025-05-21 08:29:05,9600.0,9627.5,Put CEX 5,CEX,0.0,,7700.0
2025-05-21 08:29:05,9600.0,9627.5,Put VEX 5,VEX,0.0,,7700.0
2025-05-21 08:29:05,10000.0,10028.5,Put CEX 4,CEX,0.0,,7700.0
2025-05-21 08:29:05,10000.0,10028.5,Put VEX 4,VEX,0.0,,7700.0
2025-05-21 08:29:05,10100.0,10128.75,Put CEX 3,CEX,0.0,,7700.0
2025-05-21 08:29:05,10100.0,10128.75,Put VEX 3,VEX,0.0,,7700.0
2025-05-21 08:29:05,10200.0,10229.0,Put CEX 2,CEX,0.0,,7700.0
2025-05-21 08:29:05,10200.0,10229.0,Put VEX 2,VEX,0.0,,7700.0
2025-05-21 08:29:05,10400.0,10429.75,Put CEX 1,CEX,0.0,,7700.0
2025-05-21 08:29:05,10400.0,10429.75,Put VEX 1,VEX,0.0,,7700.0
2025-05-21 08:29:05,12000.0,12034.25,Call CEX 1,CEX,0.0,,7700.0
2025-05-21 08:29:05,12000.0,12034.25,Call VEX 1,VEX,0.0,,7700.0
2025-05-21 08:30:27,200.0,200.5,Call CEX 2,CEX,0.0,,7700.0
2025-05-21 08:30:27,200.0,200.5,Call VEX 2,VEX,0.0,,7700.0
2025-05-21 08:30:27,400.0,401.25,Call CEX 3,CEX,0.0,,7700.0
2025-05-21 08:30:27,400.0,401.25,Call VEX 3,VEX,0.0,,7700.0
2025-05-21 08:30:27,600.0,601.75,Call CEX 4,CEX,0.0,,7700.0
2025-05-21 08:30:27,600.0,601.75,Call VEX 4,VEX,0.0,,7700.0
2025-05-21 08:30:27,800.0,802.25,Call CEX 5,CEX,0.0,,7700.0
2025-05-21 08:30:27,800.0,802.25,Call VEX 5,VEX,0.0,,7700.0
2025-05-21 08:30:27,4000.0,4011.5,Call DEX 1,DEX,891.539,,7700.0
2025-05-21 08:30:27,4800.0,4813.75,Put DEX 1,DEX,-261.447,,7700.0
2025-05-21 08:30:27,4800.0,4813.75,Put GEX 1,GEX,-75754.562,,7700.0
2025-05-21 08:30:27,4850.0,4863.75,Put DEX 2,DEX,-223.899,,7700.0
2025-05-21 08:30:27,4850.0,4863.75,Put GEX 2,GEX,-65954.899,,7700.0
2025-05-21 08:30:27,4900.0,4914.0,Put DEX 5,DEX,-40.129,,7700.0
2025-05-21 08:30:27,5000.0,5014.25,Call DEX 2,DEX,764.847,,7700.0
2025-05-21 08:30:27,5200.0,5214.75,Put DEX 4,DEX,-55.318,,7700.0
2025-05-21 08:30:27,5200.0,5214.75,Put GEX 4,GEX,-41377.943,,7700.0
2025-05-21 08:30:27,5300.0,5315.25,Put GEX 5,GEX,-26767.097,,7700.0
2025-05-21 08:30:27,5310.0,5325.25,Put DEX 3,DEX,-85.693,,7700.0
2025-05-21 08:30:27,5310.0,5325.25,Put GEX 3,GEX,-45947.109,,7700.0
2025-05-21 08:30:27,5700.0,5716.25,Call DEX 4,DEX,120.902,,7700.0
2025-05-21 08:30:27,5905.0,5921.75,Call DEX 3,DEX,140.642,,7700.0
2025-05-21 08:30:27,5905.0,5921.75,Call GEX 3,GEX,134319.741,,7700.0
2025-05-21 08:30:27,6000.0,6017.25,Call GEX 1,GEX,253444.239,,7700.0
2025-05-21 08:30:27,6050.0,6067.25,Call GEX 5,GEX,95324.656,,7700.0
2025-05-21 08:30:27,6100.0,6117.5,Call DEX 5,DEX,120.099,,7700.0
2025-05-21 08:30:27,6100.0,6117.5,Call GEX 2,GEX,219153.598,,7700.0
2025-05-21 08:30:27,6200.0,6217.75,Call GEX 4,GEX,115041.148,,7700.0
2025-05-21 08:30:27,9600.0,9627.5,Put CEX 5,CEX,0.0,,7700.0
2025-05-21 08:30:27,9600.0,9627.5,Put VEX 5,VEX,0.0,,7700.0
2025-05-21 08:30:27,10000.0,10028.5,Put CEX 4,CEX,0.0,,7700.0
2025-05-21 08:30:27,10000.0,10028.5,Put VEX 4,VEX,0.0,,7700.0
2025-05-21 08:30:27,10100.0,10128.75,Put CEX 3,CEX,0.0,,7700.0
2025-05-21 08:30:27,10100.0,10128.75,Put VEX 3,VEX,0.0,,7700.0
2025-05-21 08:30:27,10200.0,10229.25,Put CEX 2,CEX,0.0,,7700.0
2025-05-21 08:30:27,10200.0,10229.25,Put VEX 2,VEX,0.0,,7700.0
2025-05-21 08:30:27,10400.0,10429.75,Put CEX 1,CEX,0.0,,7700.0
2025-05-21 08:30:27,10400.0,10429.75,Put VEX 1,VEX,0.0,,7700.0
2025-05-21 08:30:27,12000.0,12034.25,Call CEX 1,CEX,0.0,,7700.0
2025-05-21 08:30:27,12000.0,12034.25,Call VEX 1,VEX,0.0,,7700.0
2025-05-21 08:31:48,200.0,200.5,Call CEX 2,CEX,0.0,,7700.0
2025-05-21 08:31:48,200.0,200.5,Call VEX 2,VEX,0.0,,7700.0
2025-05-21 08:31:48,400.0,401.25,Call CEX 3,CEX,0.0,,7700.0
2025-05-21 08:31:48,400.0,401.25,Call VEX 3,VEX,0.0,,7700.0
2025-05-21 08:31:48,600.0,601.75,Call CEX 4,CEX,0.0,,7700.0
2025-05-21 08:31:48,600.0,601.75,Call VEX 4,VEX,0.0,,7700.0
2025-05-21 08:31:48,800.0,802.25,Call CEX 5,CEX,0.0,,7700.0
2025-05-21 08:31:48,800.0,802.25,Call VEX 5,VEX,0.0,,7700.0
2025-05-21 08:31:48,4000.0,4011.75,Call DEX 1,DEX,890.565,,7700.0
2025-05-21 08:31:48,4800.0,4814.25,Put DEX 1,DEX,-261.433,,7700.0
2025-05-21 08:31:48,4800.0,4814.25,Put GEX 1,GEX,-75923.187,,7700.0
2025-05-21 08:31:48,4850.0,4864.25,Put DEX 2,DEX,-223.862,,7700.0
2025-05-21 08:31:48,4850.0,4864.25,Put GEX 2,GEX,-66106.583,,7700.0
2025-05-21 08:31:48,4900.0,4914.5,Put DEX 5,DEX,-40.166,,7700.0
2025-05-21 08:31:48,5000.0,5014.75,Call DEX 2,DEX,761.526,,7700.0
2025-05-21 08:31:48,5200.0,5215.5,Put DEX 4,DEX,-55.526,,7700.0
2025-05-21 08:31:48,5200.0,5215.5,Put GEX 4,GEX,-41628.445,,7700.0
2025-05-21 08:31:48,5300.0,5315.75,Put GEX 5,GEX,-27058.915,,7700.0
2025-05-21 08:31:48,5310.0,5325.75,Put DEX 3,DEX,-85.75,,7700.0
2025-05-21 08:31:48,5310.0,5325.75,Put GEX 3,GEX,-46164.548,,7700.0
2025-05-21 08:31:48,5700.0,5716.75,Call DEX 5,DEX,118.965,,7700.0
2025-05-21 08:31:48,5905.0,5922.5,Call DEX 3,DEX,139.92,,7700.0
2025-05-21 08:31:48,5905.0,5922.5,Call GEX 3,GEX,132181.985,,7700.0
2025-05-21 08:31:48,6000.0,6017.75,Call GEX 1,GEX,232122.269,,7700.0
2025-05-21 08:31:48,6050.0,6068.0,Call GEX 5,GEX,93039.32,,7700.0
2025-05-21 08:31:48,6100.0,6118.0,Call DEX 4,DEX,119.432,,7700.0
2025-05-21 08:31:48,6100.0,6118.0,Call GEX 2,GEX,214757.628,,7700.0
2025-05-21 08:31:48,6200.0,6218.25,Call GEX 4,GEX,113323.949,,7700.0
2025-05-21 08:31:48,9600.0,9628.5,Put CEX 5,CEX,0.0,,7700.0
2025-05-21 08:31:48,9600.0,9628.5,Put VEX 5,VEX,0.0,,7700.0
2025-05-21 08:31:48,10000.0,10029.5,Put CEX 4,CEX,0.0,,7700.0
2025-05-21 08:31:48,10000.0,10029.5,Put VEX 4,VEX,0.0,,7700.0
2025-05-21 08:31:48,10100.0,10130.0,Put CEX 3,CEX,0.0,,7700.0
2025-05-21 08:31:48,10100.0,10130.0,Put VEX 3,VEX,0.0,,7700.0
2025-05-21 08:31:48,10200.0,10230.25,Put CEX 2,CEX,0.0,,7700.0
2025-05-21 08:31:48,10200.0,10230.25,Put VEX 2,VEX,0.0,,7700.0
2025-05-21 08:31:48,10400.0,10430.75,Put CEX 1,CEX,0.0,,7700.0
2025-05-21 08:31:48,10400.0,10430.75,Put VEX 1,VEX,0.0,,7700.0
2025-05-21 08:31:48,12000.0,12035.5,Call CEX 1,CEX,0.0,,7700.0
2025-05-21 08:31:48,12000.0,12035.5,Call VEX 1,VEX,0.0,,7700.0
2025-05-21 08:33:09,200.0,200.5,Call CEX 2,CEX,0.0,,7700.0
2025-05-21 08:33:09,200.0,200.5,Call VEX 2,VEX,0.0,,7700.0
2025-05-21 08:33:09,400.0,401.25,Call CEX 3,CEX,0.0,,7700.0
2025-05-21 08:33:09,400.0,401.25,Call VEX 3,VEX,0.0,,7700.0
2025-05-21 08:33:09,600.0,601.75,Call CEX 4,CEX,0.0,,7700.0
2025-05-21 08:33:09,600.0,601.75,Call VEX 4,VEX,0.0,,7700.0
2025-05-21 08:33:09,800.0,802.25,Call CEX 5,CEX,0.0,,7700.0
2025-05-21 08:33:09,800.0,802.25,Call VEX 5,VEX,0.0,,7700.0
2025-05-21 08:33:09,4000.0,4011.5,Call DEX 1,DEX,890.437,,7700.0
2025-05-21 08:33:09,4800.0,4814.0,Put DEX 1,DEX,-261.414,,7700.0
2025-05-21 08:33:09,4800.0,4814.0,Put GEX 1,GEX,-75982.478,,7700.0
2025-05-21 08:33:09,4850.0,4864.0,Put DEX 2,DEX,-223.841,,7700.0
2025-05-21 08:33:09,4850.0,4864.0,Put GEX 2,GEX,-66159.284,,7700.0
2025-05-21 08:33:09,4900.0,4914.25,Put DEX 5,DEX,-40.191,,7700.0
2025-05-21 08:33:09,5000.0,5014.5,Call DEX 2,DEX,759.364,,7700.0
2025-05-21 08:33:09,5200.0,5215.0,Put DEX 4,DEX,-55.648,,7700.0
2025-05-21 08:33:09,5200.0,5215.0,Put GEX 4,GEX,-41747.752,,7700.0
2025-05-21 08:33:09,5300.0,5315.25,Put GEX 5,GEX,-27227.043,,7700.0
2025-05-21 08:33:09,5310.0,5325.5,Put DEX 3,DEX,-85.785,,7700.0
2025-05-21 08:33:09,5310.0,5325.5,Put GEX 3,GEX,-46258.067,,7700.0
2025-05-21 08:33:09,5700.0,5716.5,Call DEX 5,DEX,117.966,,7700.0
2025-05-21 08:33:09,5905.0,5922.0,Call DEX 3,DEX,139.657,,7700.0
2025-05-21 08:33:09,5905.0,5922.0,Call GEX 3,GEX,131364.047,,7700.0
2025-05-21 08:33:09,6000.0,6017.5,Call GEX 1,GEX,222186.461,,7700.0
2025-05-21 08:33:09,6050.0,6067.5,Call GEX 5,GEX,91905.176,,7700.0
2025-05-21 08:33:09,6100.0,6117.75,Call DEX 4,DEX,119.18,,7700.0
2025-05-21 08:33:09,6100.0,6117.75,Call GEX 2,GEX,212764.358,,7700.0
2025-05-21 08:33:09,6200.0,6218.0,Call GEX 4,GEX,112657.205,,7700.0
2025-05-21 08:33:09,9600.0,9627.75,Put CEX 5,CEX,0.0,,7700.0
2025-05-21 08:33:09,9600.0,9627.75,Put VEX 5,VEX,0.0,,7700.0
2025-05-21 08:33:09,10000.0,10029.0,Put CEX 4,CEX,0.0,,7700.0
2025-05-21 08:33:09,10000.0,10029.0,Put VEX 4,VEX,0.0,,7700.0
2025-05-21 08:33:09,10100.0,10129.25,Put CEX 3,CEX,0.0,,7700.0
2025-05-21 08:33:09,10100.0,10129.25,Put VEX 3,VEX,0.0,,7700.0
2025-05-21 08:33:09,10200.0,10229.5,Put CEX 2,CEX,0.0,,7700.0
2025-05-21 08:33:09,10200.0,10229.5,Put VEX 2,VEX,0.0,,7700.0
2025-05-21 08:33:09,10400.0,10430.25,Put CEX 1,CEX,0.0,,7700.0
2025-05-21 08:33:09,10400.0,10430.25,Put VEX 1,VEX,0.0,,7700.0
2025-05-21 08:33:09,12000.0,12034.75,Call CEX 1,CEX,0.0,,7700.0
2025-05-21 08:33:09,12000.0,12034.75,Call VEX 1,VEX,0.0,,7700.0
2025-05-21 08:34:29,200.0,200.5,Call CEX 2,CEX,0.0,,7700.0
2025-05-21 08:34:29,200.0,200.5,Call VEX 2,VEX,0.0,,7700.0
2025-05-21 08:34:29,400.0,401.25,Call CEX 3,CEX,0.0,,7700.0
2025-05-21 08:34:29,400.0,401.25,Call VEX 3,VEX,0.0,,7700.0
2025-05-21 08:34:29,600.0,601.75,Call CEX 4,CEX,0.0,,7700.0
2025-05-21 08:34:29,600.0,601.75,Call VEX 4,VEX,0.0,,7700.0
2025-05-21 08:34:29,800.0,802.25,Call CEX 5,CEX,0.0,,7700.0
2025-05-21 08:34:29,800.0,802.25,Call VEX 5,VEX,0.0,,7700.0
2025-05-21 08:34:29,4000.0,4011.5,Call DEX 1,DEX,890.657,,7700.0
2025-05-21 08:34:29,4800.0,4813.75,Put DEX 1,DEX,-261.42,,7700.0
2025-05-21 08:34:29,4800.0,4813.75,Put GEX 1,GEX,-75917.213,,7700.0
2025-05-21 08:34:29,4850.0,4864.0,Put DEX 2,DEX,-223.866,,7700.0
2025-05-21 08:34:29,4850.0,4864.0,Put GEX 2,GEX,-66097.215,,7700.0
2025-05-21 08:34:29,4900.0,4914.25,Put DEX 5,DEX,-40.148,,7700.0
2025-05-21 08:34:29,5000.0,5014.5,Call DEX 2,DEX,762.949,,7700.0
2025-05-21 08:34:29,5200.0,5215.0,Put DEX 4,DEX,-55.432,,7700.0
2025-05-21 08:34:29,5200.0,5215.0,Put GEX 4,GEX,-41543.244,,7700.0
2025-05-21 08:34:29,5300.0,5315.25,Put GEX 5,GEX,-27272.678,,7700.0
2025-05-21 08:34:29,5310.0,5325.25,Put DEX 3,DEX,-85.737,,7700.0
2025-05-21 08:34:29,5310.0,5325.25,Put GEX 3,GEX,-46126.366,,7700.0
2025-05-21 08:34:29,5700.0,5716.5,Call DEX 5,DEX,118.444,,7700.0
2025-05-21 08:34:29,5905.0,5922.0,Call DEX 3,DEX,139.977,,7700.0
2025-05-21 08:34:29,5905.0,5922.0,Call GEX 3,GEX,133411.763,,7700.0
2025-05-21 08:34:29,6000.0,6017.25,Call GEX 1,GEX,242780.273,,7700.0
2025-05-21 08:34:29,6050.0,6067.5,Call GEX 5,GEX,93839.58,,7700.0
2025-05-21 08:34:29,6100.0,6117.75,Call DEX 4,DEX,119.228,,7700.0
2025-05-21 08:34:29,6100.0,6117.75,Call GEX 2,GEX,214977.507,,7700.0
2025-05-21 08:34:29,6200.0,6218.0,Call GEX 4,GEX,113532.48,,7700.0
2025-05-21 08:34:29,9600.0,9627.75,Put CEX 5,CEX,0.0,,7700.0
2025-05-21 08:34:29,9600.0,9627.75,Put VEX 5,VEX,0.0,,7700.0
2025-05-21 08:34:29,10000.0,10029.0,Put CEX 4,CEX,0.0,,7700.0
2025-05-21 08:34:29,10000.0,10029.0,Put VEX 4,VEX,0.0,,7700.0
2025-05-21 08:34:29,10100.0,10129.25,Put CEX 3,CEX,0.0,,7700.0
2025-05-21 08:34:29,10100.0,10129.25,Put VEX 3,VEX,0.0,,7700.0
2025-05-21 08:34:29,10200.0,10229.5,Put CEX 2,CEX,0.0,,7700.0
2025-05-21 08:34:29,10200.0,10229.5,Put VEX 2,VEX,0.0,,7700.0
2025-05-21 08:34:29,10400.0,10430.0,Put CEX 1,CEX,0.0,,7700.0
2025-05-21 08:34:29,10400.0,10430.0,Put VEX 1,VEX,0.0,,7700.0
2025-05-21 08:34:29,12000.0,12034.75,Call CEX 1,CEX,0.0,,7700.0
2025-05-21 08:34:29,12000.0,12034.75,Call VEX 1,VEX,0.0,,7700.0
2025-05-21 08:35:52,200.0,200.5,Call CEX 2,CEX,0.0,,7700.0
2025-05-21 08:35:52,200.0,200.5,Call VEX 2,VEX,0.0,,7700.0
2025-05-21 08:35:52,400.0,401.25,Call CEX 3,CEX,0.0,,7700.0
2025-05-21 08:35:52,400.0,401.25,Call VEX 3,VEX,0.0,,7700.0
2025-05-21 08:35:52,600.0,601.75,Call CEX 4,CEX,0.0,,7700.0
2025-05-21 08:35:52,600.0,601.75,Call VEX 4,VEX,0.0,,7700.0
2025-05-21 08:35:52,800.0,802.25,Call CEX 5,CEX,0.0,,7700.0
2025-05-21 08:35:52,800.0,802.25,Call VEX 5,VEX,0.0,,7700.0
2025-05-21 08:35:52,4000.0,4011.75,Call DEX 1,DEX,890.69,,7700.0
2025-05-21 08:35:52,4800.0,4814.0,Put DEX 1,DEX,-261.417,,7700.0
2025-05-21 08:35:52,4800.0,4814.0,Put GEX 1,GEX,-75958.469,,7700.0
2025-05-21 08:35:52,4850.0,4864.25,Put DEX 2,DEX,-223.856,,7700.0
2025-05-21 08:35:52,4850.0,4864.25,Put GEX 2,GEX,-66132.665,,7700.0
2025-05-21 08:35:52,4900.0,4914.5,Put DEX 5,DEX,-40.168,,7700.0
2025-05-21 08:35:52,5000.0,5014.75,Call DEX 2,DEX,761.174,,7700.0
2025-05-21 08:35:52,5200.0,5215.25,Put DEX 4,DEX,-55.541,,7700.0
2025-05-21 08:35:52,5200.0,5215.25,Put GEX 4,GEX,-41646.447,,7700.0
2025-05-21 08:35:52,5300.0,5315.5,Put GEX 5,GEX,-27070.523,,7700.0
2025-05-21 08:35:52,5310.0,5325.5,Put DEX 3,DEX,-85.774,,7700.0
2025-05-21 08:35:52,5310.0,5325.5,Put GEX 3,GEX,-46194.151,,7700.0
2025-05-21 08:35:52,5700.0,5716.75,Call DEX 5,DEX,118.67,,7700.0
2025-05-21 08:35:52,5905.0,5922.25,Call DEX 3,DEX,139.789,,7700.0
2025-05-21 08:35:52,5905.0,5922.25,Call GEX 3,GEX,132478.339,,7700.0
2025-05-21 08:35:52,6000.0,6017.5,Call GEX 1,GEX,233528.26,,7700.0
2025-05-21 08:35:52,6050.0,6067.75,Call GEX 5,GEX,93090.759,,7700.0
2025-05-21 08:35:52,6100.0,6118.0,Call DEX 4,DEX,119.175,,7700.0
2025-05-21 08:35:52,6100.0,6118.0,Call GEX 2,GEX,214510.23,,7700.0
2025-05-21 08:35:52,6200.0,6218.25,Call GEX 4,GEX,113165.237,,7700.0
2025-05-21 08:35:52,9600.0,9628.25,Put CEX 5,CEX,0.0,,7700.0
2025-05-21 08:35:52,9600.0,9628.25,Put VEX 5,VEX,0.0,,7700.0
2025-05-21 08:35:52,10000.0,10029.25,Put CEX 4,CEX,0.0,,7700.0
2025-05-21 08:35:52,10000.0,10029.25,Put VEX 4,VEX,0.0,,7700.0
2025-05-21 08:35:52,10100.0,10129.75,Put CEX 3,CEX,0.0,,7700.0
2025-05-21 08:35:52,10100.0,10129.75,Put VEX 3,VEX,0.0,,7700.0
2025-05-21 08:35:52,10200.0,10230.0,Put CEX 2,CEX,0.0,,7700.0
2025-05-21 08:35:52,10200.0,10230.0,Put VEX 2,VEX,0.0,,7700.0
2025-05-21 08:35:52,10400.0,10430.5,Put CEX 1,CEX,0.0,,7700.0
2025-05-21 08:35:52,10400.0,10430.5,Put VEX 1,VEX,0.0,,7700.0
2025-05-21 08:35:52,12000.0,12035.25,Call CEX 1,CEX,0.0,,7700.0
2025-05-21 08:35:52,12000.0,12035.25,Call VEX 1,VEX,0.0,,7700.0
2025-05-21 08:37:11,200.0,200.5,Call CEX 2,CEX,0.0,,7700.0
2025-05-21 08:37:11,200.0,200.5,Call VEX 2,VEX,0.0,,7700.0
2025-05-21 08:37:11,400.0,401.25,Call CEX 3,CEX,0.0,,7700.0
2025-05-21 08:37:11,400.0,401.25,Call VEX 3,VEX,0.0,,7700.0
2025-05-21 08:37:11,600.0,601.75,Call CEX 4,CEX,0.0,,7700.0
2025-05-21 08:37:11,600.0,601.75,Call VEX 4,VEX,0.0,,7700.0
2025-05-21 08:37:11,800.0,802.25,Call CEX 5,CEX,0.0,,7700.0
2025-05-21 08:37:11,800.0,802.25,Call VEX 5,VEX,0.0,,7700.0
2025-05-21 08:37:11,4000.0,4011.5,Call DEX 1,DEX,890.304,,7700.0
2025-05-21 08:37:11,4800.0,4813.75,Put DEX 1,DEX,-261.4,,7700.0
2025-05-21 08:37:11,4800.0,4813.75,Put GEX 1,GEX,-76050.184,,7700.0
2025-05-21 08:37:11,4850.0,4864.0,Put DEX 2,DEX,-223.841,,7700.0
2025-05-21 08:37:11,4850.0,4864.0,Put GEX 2,GEX,-66216.224,,7700.0
2025-05-21 08:37:11,4900.0,4914.0,Put DEX 5,DEX,-40.164,,7700.0
2025-05-21 08:37:11,5000.0,5014.25,Call DEX 2,DEX,761.092,,7700.0
2025-05-21 08:37:11,5200.0,5215.0,Put DEX 4,DEX,-55.557,,7700.0
2025-05-21 08:37:11,5200.0,5215.0,Put GEX 4,GEX,-41696.965,,7700.0
2025-05-21 08:37:11,5300.0,5315.25,Put GEX 5,GEX,-27089.426,,7700.0
2025-05-21 08:37:11,5310.0,5325.25,Put DEX 3,DEX,-85.8,,7700.0
2025-05-21 08:37:11,5310.0,5325.25,Put GEX 3,GEX,-46260.387,,7700.0
2025-05-21 08:37:11,5700.0,5716.25,Call DEX 5,DEX,118.132,,7700.0
2025-05-21 08:37:11,5905.0,5922.0,Call DEX 3,DEX,139.43,,7700.0
2025-05-21 08:37:11,5905.0,5922.0,Call GEX 3,GEX,132647.476,,7700.0
2025-05-21 08:37:11,6000.0,6017.25,Call GEX 1,GEX,234657.991,,7700.0
2025-05-21 08:37:11,6050.0,6067.25,Call GEX 5,GEX,92799.202,,7700.0
2025-05-21 08:37:11,6100.0,6117.5,Call DEX 4,DEX,118.727,,7700.0
2025-05-21 08:37:11,6100.0,6117.5,Call GEX 2,GEX,213666.033,,7700.0
2025-05-21 08:37:11,6200.0,6217.75,Call GEX 4,GEX,112632.015,,7700.0
2025-05-21 08:37:11,9600.0,9627.5,Put CEX 5,CEX,0.0,,7700.0
2025-05-21 08:37:11,9600.0,9627.5,Put VEX 5,VEX,0.0,,7700.0
2025-05-21 08:37:11,10000.0,10028.75,Put CEX 4,CEX,0.0,,7700.0
2025-05-21 08:37:11,10000.0,10028.75,Put VEX 4,VEX,0.0,,7700.0
2025-05-21 08:37:11,10100.0,10129.0,Put CEX 3,CEX,0.0,,7700.0
2025-05-21 08:37:11,10100.0,10129.0,Put VEX 3,VEX,0.0,,7700.0
2025-05-21 08:37:11,10200.0,10229.25,Put CEX 2,CEX,0.0,,7700.0
2025-05-21 08:37:11,10200.0,10229.25,Put VEX 2,VEX,0.0,,7700.0
2025-05-21 08:37:11,10400.0,10429.75,Put CEX 1,CEX,0.0,,7700.0
2025-05-21 08:37:11,10400.0,10429.75,Put VEX 1,VEX,0.0,,7700.0
2025-05-21 08:37:11,12000.0,12034.5,Call CEX 1,CEX,0.0,,7700.0
2025-05-21 08:37:11,12000.0,12034.5,Call VEX 1,VEX,0.0,,7700.0
2025-05-21 08:38:29,200.0,200.5,Call CEX 2,CEX,0.0,,7700.0
2025-05-21 08:38:29,200.0,200.5,Call VEX 2,VEX,0.0,,7700.0
2025-05-21 08:38:29,400.0,401.25,Call CEX 3,CEX,0.0,,7700.0
2025-05-21 08:38:29,400.0,401.25,Call VEX 3,VEX,0.0,,7700.0
2025-05-21 08:38:29,600.0,601.75,Call CEX 4,CEX,0.0,,7700.0
2025-05-21 08:38:29,600.0,601.75,Call VEX 4,VEX,0.0,,7700.0
2025-05-21 08:38:29,800.0,802.25,Call CEX 5,CEX,0.0,,7700.0
2025-05-21 08:38:29,800.0,802.25,Call VEX 5,VEX,0.0,,7700.0
2025-05-21 08:38:29,4000.0,4011.75,Call DEX 1,DEX,889.818,,7700.0
2025-05-21 08:38:29,4800.0,4814.0,Put DEX 1,DEX,-261.387,,7700.0
2025-05-21 08:38:29,4800.0,4814.0,Put GEX 1,GEX,-76120.621,,7700.0
2025-05-21 08:38:29,4850.0,4864.25,Put DEX 2,DEX,-223.833,,7700.0
2025-05-21 08:38:29,4850.0,4864.25,Put GEX 2,GEX,-66276.202,,7700.0
2025-05-21 08:38:29,4900.0,4914.25,Put DEX 5,DEX,-40.83,,7700.0
2025-05-21 08:38:29,5000.0,5014.5,Call DEX 2,DEX,759.715,,7700.0
2025-05-21 08:38:29,5200.0,5215.25,Put DEX 4,DEX,-55.646,,7700.0
2025-05-21 08:38:29,5200.0,5215.25,Put GEX 4,GEX,-41804.058,,7700.0
2025-05-21 08:38:29,5300.0,5315.5,Put GEX 5,GEX,-27237.014,,7700.0
2025-05-21 08:38:29,5310.0,5325.5,Put DEX 3,DEX,-85.813,,7700.0
2025-05-21 08:38:29,5310.0,5325.5,Put GEX 3,GEX,-46348.749,,7700.0
2025-05-21 08:38:29,5700.0,5716.75,Call DEX 5,DEX,117.419,,7700.0
2025-05-21 08:38:29,5905.0,5922.25,Call DEX 3,DEX,139.132,,7700.0
2025-05-21 08:38:29,5905.0,5922.25,Call GEX 3,GEX,132059.259,,7700.0
2025-05-21 08:38:29,6000.0,6017.5,Call GEX 1,GEX,227292.996,,7700.0
2025-05-21 08:38:29,6050.0,6067.75,Call GEX 5,GEX,92044.039,,7700.0
2025-05-21 08:38:29,6100.0,6117.75,Call DEX 4,DEX,118.428,,7700.0
2025-05-21 08:38:29,6100.0,6117.75,Call GEX 2,GEX,212193.924,,7700.0
2025-05-21 08:38:29,6200.0,6218.0,Call GEX 4,GEX,111984.382,,7700.0
2025-05-21 08:38:29,9600.0,9628.0,Put CEX 5,CEX,0.0,,7700.0
2025-05-21 08:38:29,9600.0,9628.0,Put VEX 5,VEX,0.0,,7700.0
2025-05-21 08:38:29,10000.0,10029.25,Put CEX 4,CEX,0.0,,7700.0
2025-05-21 08:38:29,10000.0,10029.25,Put VEX 4,VEX,0.0,,7700.0
2025-05-21 08:38:29,10100.0,10129.5,Put CEX 3,CEX,0.0,,7700.0
2025-05-21 08:38:29,10100.0,10129.5,Put VEX 3,VEX,0.0,,7700.0
2025-05-21 08:38:29,10200.0,10229.75,Put CEX 2,CEX,0.0,,7700.0
2025-05-21 08:38:29,10200.0,10229.75,Put VEX 2,VEX,0.0,,7700.0
2025-05-21 08:38:29,10400.0,10430.5,Put CEX 1,CEX,0.0,,7700.0
2025-05-21 08:38:29,10400.0,10430.5,Put VEX 1,VEX,0.0,,7700.0
2025-05-21 08:38:29,12000.0,12035.0,Call CEX 1,CEX,0.0,,7700.0
2025-05-21 08:38:29,12000.0,12035.0,Call VEX 1,VEX,0.0,,7700.0
2025-05-21 08:39:47,200.0,200.5,Call CEX 2,CEX,0.0,,7700.0
2025-05-21 08:39:47,200.0,200.5,Call VEX 2,VEX,0.0,,7700.0
2025-05-21 08:39:47,400.0,401.25,Call CEX 3,CEX,0.0,,7700.0
2025-05-21 08:39:47,400.0,401.25,Call VEX 3,VEX,0.0,,7700.0
2025-05-21 08:39:47,600.0,601.75,Call CEX 4,CEX,0.0,,7700.0
2025-05-21 08:39:47,600.0,601.75,Call VEX 4,VEX,0.0,,7700.0
2025-05-21 08:39:47,800.0,802.5,Call CEX 5,CEX,0.0,,7700.0
2025-05-21 08:39:47,800.0,802.5,Call VEX 5,VEX,0.0,,7700.0
2025-05-21 08:39:47,4000.0,4012.0,Call DEX 1,DEX,889.725,,7700.0
2025-05-21 08:39:47,4800.0,4814.5,Put DEX 1,DEX,-261.371,,7700.0
2025-05-21 08:39:47,4800.0,4814.5,Put GEX 1,GEX,-76144.667,,7700.0
2025-05-21 08:39:47,4850.0,4864.75,Put DEX 2,DEX,-223.814,,7700.0
2025-05-21 08:39:47,4850.0,4864.75,Put GEX 2,GEX,-66298.242,,7700.0
2025-05-21 08:39:47,4900.0,4914.75,Put DEX 5,DEX,-40.847,,7700.0
2025-05-21 08:39:47,5000.0,5015.0,Call DEX 2,DEX,758.344,,7700.0
2025-05-21 08:39:47,5200.0,5215.75,Put DEX 4,DEX,-55.709,,7700.0
2025-05-21 08:39:47,5200.0,5215.75,Put GEX 4,GEX,-41884.911,,7700.0
2025-05-21 08:39:47,5300.0,5316.0,Put GEX 5,GEX,-27326.255,,7700.0
2025-05-21 08:39:47,5310.0,5326.0,Put DEX 3,DEX,-85.821,,7700.0
2025-05-21 08:39:47,5310.0,5326.0,Put GEX 3,GEX,-46404.89,,7700.0
2025-05-21 08:39:47,5700.0,5717.25,Call DEX 5,DEX,116.952,,7700.0
2025-05-21 08:39:47,5905.0,5922.75,Call DEX 3,DEX,139.031,,7700.0
2025-05-21 08:39:47,5905.0,5922.75,Call GEX 3,GEX,131124.723,,7700.0
2025-05-21 08:39:47,6000.0,6018.0,Call GEX 1,GEX,215921.366,,7700.0
2025-05-21 08:39:47,6050.0,6068.25,Call GEX 5,GEX,91126.673,,7700.0
2025-05-21 08:39:47,6100.0,6118.5,Call DEX 4,DEX,118.404,,7700.0
2025-05-21 08:39:47,6100.0,6118.5,Call GEX 2,GEX,210631.118,,7700.0
2025-05-21 08:39:47,6200.0,6218.75,Call GEX 4,GEX,111611.791,,7700.0
2025-05-21 08:39:47,9600.0,9629.0,Put CEX 5,CEX,0.0,,7700.0
2025-05-21 08:39:47,9600.0,9629.0,Put VEX 5,VEX,0.0,,7700.0
2025-05-21 08:39:47,10000.0,10030.25,Put CEX 4,CEX,0.0,,7700.0
2025-05-21 08:39:47,10000.0,10030.25,Put VEX 4,VEX,0.0,,7700.0
2025-05-21 08:39:47,10100.0,10130.5,Put CEX 3,CEX,0.0,,7700.0
2025-05-21 08:39:47,10100.0,10130.5,Put VEX 3,VEX,0.0,,7700.0
2025-05-21 08:39:47,10200.0,10230.75,Put CEX 2,CEX,0.0,,7700.0
2025-05-21 08:39:47,10200.0,10230.75,Put VEX 2,VEX,0.0,,7700.0
2025-05-21 08:39:47,10400.0,10431.25,Put CEX 1,CEX,0.0,,7700.0
2025-05-21 08:39:47,10400.0,10431.25,Put VEX 1,VEX,0.0,,7700.0
2025-05-21 08:39:47,12000.0,12036.25,Call CEX 1,CEX,0.0,,7700.0
2025-05-21 08:39:47,12000.0,12036.25,Call VEX 1,VEX,0.0,,7700.0
2025-05-21 08:41:10,200.0,200.5,Call CEX 2,CEX,0.0,,7700.0
2025-05-21 08:41:10,200.0,200.5,Call VEX 2,VEX,0.0,,7700.0
2025-05-21 08:41:10,400.0,401.25,Call CEX 3,CEX,0.0,,7700.0
2025-05-21 08:41:10,400.0,401.25,Call VEX 3,VEX,0.0,,7700.0
2025-05-21 08:41:10,600.0,601.75,Call CEX 4,CEX,0.0,,7700.0
2025-05-21 08:41:10,600.0,601.75,Call VEX 4,VEX,0.0,,7700.0
2025-05-21 08:41:10,800.0,802.25,Call CEX 5,CEX,0.0,,7700.0
2025-05-21 08:41:10,800.0,802.25,Call VEX 5,VEX,0.0,,7700.0
2025-05-21 08:41:10,4000.0,4011.75,Call DEX 1,DEX,889.968,,7700.0
2025-05-21 08:41:10,4800.0,4814.25,Put DEX 1,DEX,-261.412,,7700.0
2025-05-21 08:41:10,4800.0,4814.25,Put GEX 1,GEX,-76048.47,,7700.0
2025-05-21 08:41:10,4850.0,4864.25,Put DEX 2,DEX,-223.835,,7700.0
2025-05-21 08:41:10,4850.0,4864.25,Put GEX 2,GEX,-66211.738,,7700.0
2025-05-21 08:41:10,4900.0,4914.5,Put DEX 5,DEX,-40.201,,7700.0
2025-05-21 08:41:10,5000.0,5014.75,Call DEX 2,DEX,758.247,,7700.0
2025-05-21 08:41:10,5200.0,5215.25,Put DEX 4,DEX,-55.707,,7700.0
2025-05-21 08:41:10,5200.0,5215.25,Put GEX 4,GEX,-41835.398,,7700.0
2025-05-21 08:41:10,5300.0,5315.75,Put GEX 5,GEX,-27318.328,,7700.0
2025-05-21 08:41:10,5310.0,5325.75,Put DEX 3,DEX,-85.8,,7700.0
2025-05-21 08:41:10,5310.0,5325.75,Put GEX 3,GEX,-46332.87,,7700.0
2025-05-21 08:41:10,5700.0,5716.75,Call DEX 4,DEX,118.998,,7700.0
2025-05-21 08:41:10,5905.0,5922.5,Call DEX 3,DEX,139.399,,7700.0
2025-05-21 08:41:10,5905.0,5922.5,Call GEX 3,GEX,130403.405,,7700.0
2025-05-21 08:41:10,6000.0,6017.75,Call GEX 2,GEX,209901.047,,7700.0
2025-05-21 08:41:10,6050.0,6067.75,Call GEX 5,GEX,90967.797,,7700.0
2025-05-21 08:41:10,6100.0,6118.0,Call DEX 5,DEX,118.96,,7700.0
2025-05-21 08:41:10,6100.0,6118.0,Call GEX 1,GEX,211139.004,,7700.0
2025-05-21 08:41:10,6200.0,6218.25,Call GEX 4,GEX,112076.452,,7700.0
2025-05-21 08:41:10,9600.0,9628.25,Put CEX 5,CEX,0.0,,7700.0
2025-05-21 08:41:10,9600.0,9628.25,Put VEX 5,VEX,0.0,,7700.0
2025-05-21 08:41:10,10000.0,10029.5,Put CEX 4,CEX,0.0,,7700.0
2025-05-21 08:41:10,10000.0,10029.5,Put VEX 4,VEX,0.0,,7700.0
2025-05-21 08:41:10,10100.0,10129.75,Put CEX 3,CEX,0.0,,7700.0
2025-05-21 08:41:10,10100.0,10129.75,Put VEX 3,VEX,0.0,,7700.0
2025-05-21 08:41:10,10200.0,10230.0,Put CEX 2,CEX,0.0,,7700.0
2025-05-21 08:41:10,10200.0,10230.0,Put VEX 2,VEX,0.0,,7700.0
2025-05-21 08:41:10,10400.0,10430.75,Put CEX 1,CEX,0.0,,7700.0
2025-05-21 08:41:10,10400.0,10430.75,Put VEX 1,VEX,0.0,,7700.0
2025-05-21 08:41:10,12000.0,12035.5,Call CEX 1,CEX,0.0,,7700.0
2025-05-21 08:41:10,12000.0,12035.5,Call VEX 1,VEX,0.0,,7700.0
2025-05-21 08:42:30,200.0,200.5,Call CEX 2,CEX,0.0,,7700.0
2025-05-21 08:42:30,200.0,200.5,Call VEX 2,VEX,0.0,,7700.0
2025-05-21 08:42:30,400.0,401.25,Call CEX 3,CEX,0.0,,7700.0
2025-05-21 08:42:30,400.0,401.25,Call VEX 3,VEX,0.0,,7700.0
2025-05-21 08:42:30,600.0,601.75,Call CEX 4,CEX,0.0,,7700.0
2025-05-21 08:42:30,600.0,601.75,Call VEX 4,VEX,0.0,,7700.0
2025-05-21 08:42:30,800.0,802.25,Call CEX 5,CEX,0.0,,7700.0
2025-05-21 08:42:30,800.0,802.25,Call VEX 5,VEX,0.0,,7700.0
2025-05-21 08:42:30,4000.0,4011.75,Call DEX 1,DEX,890.888,,7700.0
2025-05-21 08:42:30,4800.0,4814.0,Put DEX 1,DEX,-261.433,,7700.0
2025-05-21 08:42:30,4800.0,4814.0,Put GEX 1,GEX,-75880.731,,7700.0
2025-05-21 08:42:30,4850.0,4864.25,Put DEX 2,DEX,-223.873,,7700.0
2025-05-21 08:42:30,4850.0,4864.25,Put GEX 2,GEX,-66066.196,,7700.0
2025-05-21 08:42:30,4900.0,4914.25,Put DEX 5,DEX,-40.156,,7700.0
2025-05-21 08:42:30,5000.0,5014.75,Call DEX 2,DEX,762.129,,7700.0
2025-05-21 08:42:30,5200.0,5215.25,Put DEX 4,DEX,-55.469,,7700.0
2025-05-21 08:42:30,5200.0,5215.25,Put GEX 4,GEX,-41555.075,,7700.0
2025-05-21 08:42:30,5300.0,5315.5,Put GEX 5,GEX,-26974.257,,7700.0
2025-05-21 08:42:30,5310.0,5325.5,Put DEX 3,DEX,-85.739,,7700.0
2025-05-21 08:42:30,5310.0,5325.5,Put GEX 3,GEX,-46116.236,,7700.0
2025-05-21 08:42:30,5700.0,5716.75,Call DEX 5,DEX,119.41,,7700.0
2025-05-21 08:42:30,5905.0,5922.25,Call DEX 3,DEX,140.099,,7700.0
2025-05-21 08:42:30,5905.0,5922.25,Call GEX 3,GEX,132914.163,,7700.0
2025-05-21 08:42:30,6000.0,6017.5,Call GEX 1,GEX,238682.864,,7700.0
2025-05-21 08:42:30,6050.0,6067.75,Call GEX 5,GEX,93691.191,,7700.0
2025-05-21 08:42:30,6100.0,6117.75,Call DEX 4,DEX,119.569,,7700.0
2025-05-21 08:42:30,6100.0,6117.75,Call GEX 2,GEX,215936.754,,7700.0
2025-05-21 08:42:30,6200.0,6218.25,Call GEX 4,GEX,113791.595,,7700.0
2025-05-21 08:42:30,9600.0,9628.0,Put CEX 5,CEX,0.0,,7700.0
2025-05-21 08:42:30,9600.0,9628.0,Put VEX 5,VEX,0.0,,7700.0
2025-05-21 08:42:30,10000.0,10029.25,Put CEX 4,CEX,0.0,,7700.0
2025-05-21 08:42:30,10000.0,10029.25,Put VEX 4,VEX,0.0,,7700.0
2025-05-21 08:42:30,10100.0,10129.5,Put CEX 3,CEX,0.0,,7700.0
2025-05-21 08:42:30,10100.0,10129.5,Put VEX 3,VEX,0.0,,7700.0
2025-05-21 08:42:30,10200.0,10229.75,Put CEX 2,CEX,0.0,,7700.0
2025-05-21 08:42:30,10200.0,10229.75,Put VEX 2,VEX,0.0,,7700.0
2025-05-21 08:42:30,10400.0,10430.5,Put CEX 1,CEX,0.0,,7700.0
2025-05-21 08:42:30,10400.0,10430.5,Put VEX 1,VEX,0.0,,7700.0
2025-05-21 08:42:30,12000.0,12035.0,Call CEX 1,CEX,0.0,,7700.0
2025-05-21 08:42:30,12000.0,12035.0,Call VEX 1,VEX,0.0,,7700.0
2025-05-21 08:43:48,200.0,200.5,Call CEX 2,CEX,0.0,,7700.0
2025-05-21 08:43:48,200.0,200.5,Call VEX 2,VEX,0.0,,7700.0
2025-05-21 08:43:48,400.0,401.25,Call CEX 3,CEX,0.0,,7700.0
2025-05-21 08:43:48,400.0,401.25,Call VEX 3,VEX,0.0,,7700.0
2025-05-21 08:43:48,600.0,601.75,Call CEX 4,CEX,0.0,,7700.0
2025-05-21 08:43:48,600.0,601.75,Call VEX 4,VEX,0.0,,7700.0
2025-05-21 08:43:48,800.0,802.25,Call CEX 5,CEX,0.0,,7700.0
2025-05-21 08:43:48,800.0,802.25,Call VEX 5,VEX,0.0,,7700.0
2025-05-21 08:43:48,4000.0,4011.75,Call DEX 1,DEX,891.337,,7700.0
2025-05-21 08:43:48,4800.0,4814.25,Put DEX 1,DEX,-261.409,,7700.0
2025-05-21 08:43:48,4800.0,4814.25,Put GEX 1,GEX,-75889.184,,7700.0
2025-05-21 08:43:48,4850.0,4864.25,Put DEX 2,DEX,-223.882,,7700.0
2025-05-21 08:43:48,4850.0,4864.25,Put GEX 2,GEX,-66072.345,,7700.0
2025-05-21 08:43:48,4900.0,4914.5,Put DEX 5,DEX,-40.149,,7700.0
2025-05-21 08:43:48,5000.0,5014.75,Call DEX 2,DEX,762.787,,7700.0
2025-05-21 08:43:48,5200.0,5215.25,Put DEX 4,DEX,-55.458,,7700.0
2025-05-21 08:43:48,5200.0,5215.25,Put GEX 4,GEX,-41517.981,,7700.0
2025-05-21 08:43:48,5300.0,5315.5,Put GEX 5,GEX,-26883.17,,7700.0
2025-05-21 08:43:48,5310.0,5325.75,Put DEX 3,DEX,-85.761,,7700.0
2025-05-21 08:43:48,5310.0,5325.75,Put GEX 3,GEX,-46082.241,,7700.0
2025-05-21 08:43:48,5700.0,5716.75,Call DEX 4,DEX,119.508,,7700.0
2025-05-21 08:43:48,5905.0,5922.5,Call DEX 3,DEX,140.129,,7700.0
2025-05-21 08:43:48,5905.0,5922.5,Call GEX 3,GEX,135344.776,,7700.0
2025-05-21 08:43:48,6000.0,6017.75,Call GEX 1,GEX,259076.755,,7700.0
2025-05-21 08:43:48,6050.0,6067.75,Call GEX 5,GEX,95344.453,,7700.0
2025-05-21 08:43:48,6100.0,6118.0,Call DEX 5,DEX,119.336,,7700.0
2025-05-21 08:43:48,6100.0,6118.0,Call GEX 2,GEX,217905.891,,7700.0
2025-05-21 08:43:48,6200.0,6218.25,Call GEX 4,GEX,114320.764,,7700.0
2025-05-21 08:43:48,9600.0,9628.25,Put CEX 5,CEX,0.0,,7700.0
2025-05-21 08:43:48,9600.0,9628.25,Put VEX 5,VEX,0.0,,7700.0
2025-05-21 08:43:48,10000.0,10029.5,Put CEX 4,CEX,0.0,,7700.0
2025-05-21 08:43:48,10000.0,10029.5,Put VEX 4,VEX,0.0,,7700.0
2025-05-21 08:43:48,10100.0,10129.75,Put CEX 3,CEX,0.0,,7700.0
2025-05-21 08:43:48,10100.0,10129.75,Put VEX 3,VEX,0.0,,7700.0
2025-05-21 08:43:48,10200.0,10230.0,Put CEX 2,CEX,0.0,,7700.0
2025-05-21 08:43:48,10200.0,10230.0,Put VEX 2,VEX,0.0,,7700.0
2025-05-21 08:43:48,10400.0,10430.75,Put CEX 1,CEX,0.0,,7700.0
2025-05-21 08:43:48,10400.0,10430.75,Put VEX 1,VEX,0.0,,7700.0
2025-05-21 08:43:48,12000.0,12035.5,Call CEX 1,CEX,0.0,,7700.0
2025-05-21 08:43:48,12000.0,12035.5,Call VEX 1,VEX,0.0,,7700.0
2025-05-21 08:45:06,200.0,200.5,Call CEX 2,CEX,0.0,,7700.0
2025-05-21 08:45:06,200.0,200.5,Call VEX 2,VEX,0.0,,7700.0
2025-05-21 08:45:06,400.0,401.25,Call CEX 3,CEX,0.0,,7700.0
2025-05-21 08:45:06,400.0,401.25,Call VEX 3,VEX,0.0,,7700.0
2025-05-21 08:45:06,600.0,601.75,Call CEX 4,CEX,0.0,,7700.0
2025-05-21 08:45:06,600.0,601.75,Call VEX 4,VEX,0.0,,7700.0
2025-05-21 08:45:06,800.0,802.25,Call CEX 5,CEX,0.0,,7700.0
2025-05-21 08:45:06,800.0,802.25,Call VEX 5,VEX,0.0,,7700.0
2025-05-21 08:45:06,4000.0,4011.5,Call DEX 1,DEX,890.351,,7700.0
2025-05-21 08:45:06,4800.0,4813.75,Put DEX 1,DEX,-261.415,,7700.0
2025-05-21 08:45:06,4800.0,4813.75,Put GEX 1,GEX,-75994.435,,7700.0
2025-05-21 08:45:06,4850.0,4863.75,Put DEX 2,DEX,-223.843,,7700.0
2025-05-21 08:45:06,4850.0,4863.75,Put GEX 2,GEX,-66169.868,,7700.0
2025-05-21 08:45:06,4900.0,4914.0,Put DEX 5,DEX,-40.192,,7700.0
2025-05-21 08:45:06,5000.0,5014.25,Call DEX 2,DEX,759.123,,7700.0
2025-05-21 08:45:06,5200.0,5214.75,Put DEX 4,DEX,-55.665,,7700.0
2025-05-21 08:45:06,5200.0,5214.75,Put GEX 4,GEX,-41771.12,,7700.0
2025-05-21 08:45:06,5300.0,5315.25,Put GEX 5,GEX,-27270.275,,7700.0
2025-05-21 08:45:06,5310.0,5325.25,Put DEX 3,DEX,-85.699,,7700.0
2025-05-21 08:45:06,5310.0,5325.25,Put GEX 3,GEX,-46230.289,,7700.0
2025-05-21 08:45:06,5700.0,5716.25,Call DEX 5,DEX,117.863,,7700.0
2025-05-21 08:45:06,5905.0,5922.0,Call DEX 3,DEX,139.593,,7700.0
2025-05-21 08:45:06,5905.0,5922.0,Call GEX 3,GEX,130770.515,,7700.0
2025-05-21 08:45:06,6000.0,6017.25,Call GEX 1,GEX,216576.277,,7700.0
2025-05-21 08:45:06,6050.0,6067.25,Call GEX 5,GEX,91554.627,,7700.0
2025-05-21 08:45:06,6100.0,6117.5,Call DEX 4,DEX,119.183,,7700.0
2025-05-21 08:45:06,6100.0,6117.5,Call GEX 2,GEX,212229.897,,7700.0
2025-05-21 08:45:06,6200.0,6217.75,Call GEX 4,GEX,112474.276,,7700.0
2025-05-21 08:45:06,9600.0,9627.5,Put CEX 5,CEX,0.0,,7700.0
2025-05-21 08:45:06,9600.0,9627.5,Put VEX 5,VEX,0.0,,7700.0
2025-05-21 08:45:06,10000.0,10028.5,Put CEX 4,CEX,0.0,,7700.0
2025-05-21 08:45:06,10000.0,10028.5,Put VEX 4,VEX,0.0,,7700.0
2025-05-21 08:45:06,10100.0,10128.75,Put CEX 3,CEX,0.0,,7700.0
2025-05-21 08:45:06,10100.0,10128.75,Put VEX 3,VEX,0.0,,7700.0
2025-05-21 08:45:06,10200.0,10229.25,Put CEX 2,CEX,0.0,,7700.0
2025-05-21 08:45:06,10200.0,10229.25,Put VEX 2,VEX,0.0,,7700.0
2025-05-21 08:45:06,10400.0,10429.75,Put CEX 1,CEX,0.0,,7700.0
2025-05-21 08:45:06,10400.0,10429.75,Put VEX 1,VEX,0.0,,7700.0
2025-05-21 08:45:06,12000.0,12034.25,Call CEX 1,CEX,0.0,,7700.0
2025-05-21 08:45:06,12000.0,12034.25,Call VEX 1,VEX,0.0,,7700.0
2025-05-21 08:46:24,200.0,200.5,Call CEX 2,CEX,0.0,,7700.0
2025-05-21 08:46:24,200.0,200.5,Call VEX 2,VEX,0.0,,7700.0
2025-05-21 08:46:24,400.0,401.25,Call CEX 3,CEX,0.0,,7700.0
2025-05-21 08:46:24,400.0,401.25,Call VEX 3,VEX,0.0,,7700.0
2025-05-21 08:46:24,600.0,601.75,Call CEX 4,CEX,0.0,,7700.0
2025-05-21 08:46:24,600.0,601.75,Call VEX 4,VEX,0.0,,7700.0
2025-05-21 08:46:24,800.0,802.25,Call CEX 5,CEX,0.0,,7700.0
2025-05-21 08:46:24,800.0,802.25,Call VEX 5,VEX,0.0,,7700.0
2025-05-21 08:46:24,4000.0,4011.5,Call DEX 1,DEX,890.809,,7700.0
2025-05-21 08:46:24,4800.0,4813.75,Put DEX 1,DEX,-261.413,,7700.0
2025-05-21 08:46:24,4800.0,4813.75,Put GEX 1,GEX,-75900.865,,7700.0
2025-05-21 08:46:24,4850.0,4863.75,Put DEX 2,DEX,-223.866,,7700.0
2025-05-21 08:46:24,4850.0,4863.75,Put GEX 2,GEX,-66079.943,,7700.0
2025-05-21 08:46:24,4900.0,4914.0,Put DEX 5,DEX,-40.178,,7700.0
2025-05-21 08:46:24,5000.0,5014.25,Call DEX 2,DEX,760.711,,7700.0
2025-05-21 08:46:24,5200.0,5214.75,Put DEX 4,DEX,-55.558,,7700.0
2025-05-21 08:46:24,5200.0,5214.75,Put GEX 4,GEX,-41645.411,,7700.0
2025-05-21 08:46:24,5300.0,5315.0,Put GEX 5,GEX,-27101.891,,7700.0
2025-05-21 08:46:24,5310.0,5325.0,Put DEX 3,DEX,-85.743,,7700.0
2025-05-21 08:46:24,5310.0,5325.0,Put GEX 3,GEX,-46171.086,,7700.0
2025-05-21 08:46:24,5700.0,5716.25,Call DEX 5,DEX,118.922,,7700.0
2025-05-21 08:46:24,5905.0,5921.75,Call DEX 3,DEX,140.001,,7700.0
2025-05-21 08:46:24,5905.0,5921.75,Call GEX 3,GEX,131704.508,,7700.0
2025-05-21 08:46:24,6000.0,6017.0,Call GEX 1,GEX,223859.177,,7700.0
2025-05-21 08:46:24,6050.0,6067.25,Call GEX 5,GEX,92575.1,,7700.0
2025-05-21 08:46:24,6100.0,6117.25,Call DEX 4,DEX,119.583,,7700.0
2025-05-21 08:46:24,6100.0,6117.25,Call GEX 2,GEX,214341.063,,7700.0
2025-05-21 08:46:24,6200.0,6217.75,Call GEX 4,GEX,113360.581,,7700.0
2025-05-21 08:46:24,9600.0,9627.25,Put CEX 5,CEX,0.0,,7700.0
2025-05-21 08:46:24,9600.0,9627.25,Put VEX 5,VEX,0.0,,7700.0
2025-05-21 08:46:24,10000.0,10028.5,Put CEX 4,CEX,0.0,,7700.0
2025-05-21 08:46:24,10000.0,10028.5,Put VEX 4,VEX,0.0,,7700.0
2025-05-21 08:46:24,10100.0,10128.75,Put CEX 3,CEX,0.0,,7700.0
2025-05-21 08:46:24,10100.0,10128.75,Put VEX 3,VEX,0.0,,7700.0
2025-05-21 08:46:24,10200.0,10229.0,Put CEX 2,CEX,0.0,,7700.0
2025-05-21 08:46:24,10200.0,10229.0,Put VEX 2,VEX,0.0,,7700.0
2025-05-21 08:46:24,10400.0,10429.5,Put CEX 1,CEX,0.0,,7700.0
2025-05-21 08:46:24,10400.0,10429.5,Put VEX 1,VEX,0.0,,7700.0
2025-05-21 08:46:24,12000.0,12034.25,Call CEX 1,CEX,0.0,,7700.0
2025-05-21 08:46:24,12000.0,12034.25,Call VEX 1,VEX,0.0,,7700.0
2025-05-21 08:47:41,200.0,200.5,Call CEX 2,CEX,0.0,,7700.0
2025-05-21 08:47:41,200.0,200.5,Call VEX 2,VEX,0.0,,7700.0
2025-05-21 08:47:41,400.0,401.25,Call CEX 3,CEX,0.0,,7700.0
2025-05-21 08:47:41,400.0,401.25,Call VEX 3,VEX,0.0,,7700.0
2025-05-21 08:47:41,600.0,601.75,Call CEX 4,CEX,0.0,,7700.0
2025-05-21 08:47:41,600.0,601.75,Call VEX 4,VEX,0.0,,7700.0
2025-05-21 08:47:41,800.0,802.25,Call CEX 5,CEX,0.0,,7700.0
2025-05-21 08:47:41,800.0,802.25,Call VEX 5,VEX,0.0,,7700.0
2025-05-21 08:47:41,4000.0,4011.5,Call DEX 1,DEX,891.365,,7700.0
2025-05-21 08:47:41,4800.0,4814.0,Put DEX 1,DEX,-261.427,,7700.0
2025-05-21 08:47:41,4800.0,4814.0,Put GEX 1,GEX,-75857.025,,7700.0
2025-05-21 08:47:41,4850.0,4864.0,Put DEX 2,DEX,-223.88,,7700.0
2025-05-21 08:47:41,4850.0,4864.0,Put GEX 2,GEX,-66045.092,,7700.0
2025-05-21 08:47:41,4900.0,4914.25,Put DEX 5,DEX,-40.131,,7700.0
2025-05-21 08:47:41,5000.0,5014.5,Call DEX 2,DEX,764.324,,7700.0
2025-05-21 08:47:41,5200.0,5215.0,Put DEX 4,DEX,-55.338,,7700.0
2025-05-21 08:47:41,5200.0,5215.0,Put GEX 4,GEX,-41444.671,,7700.0
2025-05-21 08:47:41,5300.0,5315.5,Put GEX 5,GEX,-26797.391,,7700.0
2025-05-21 08:47:41,5310.0,5325.5,Put DEX 3,DEX,-85.712,,7700.0
2025-05-21 08:47:41,5310.0,5325.5,Put GEX 3,GEX,-46046.28,,7700.0
2025-05-21 08:47:41,5700.0,5716.5,Call DEX 4,DEX,120.223,,7700.0
2025-05-21 08:47:41,5905.0,5922.25,Call DEX 3,DEX,140.264,,7700.0
2025-05-21 08:47:41,5905.0,5922.25,Call GEX 3,GEX,134948.955,,7700.0
2025-05-21 08:47:41,6000.0,6017.5,Call GEX 1,GEX,255185.322,,7700.0
2025-05-21 08:47:41,6050.0,6067.5,Call GEX 5,GEX,95163.395,,7700.0
2025-05-21 08:47:41,6100.0,6117.75,Call DEX 5,DEX,119.523,,7700.0
2025-05-21 08:47:41,6100.0,6117.75,Call GEX 2,GEX,218145.332,,7700.0
2025-05-21 08:47:41,6200.0,6218.0,Call GEX 4,GEX,114409.69,,7700.0
2025-05-21 08:47:41,9600.0,9627.75,Put CEX 5,CEX,0.0,,7700.0
2025-05-21 08:47:41,9600.0,9627.75,Put VEX 5,VEX,0.0,,7700.0
2025-05-21 08:47:41,10000.0,10029.0,Put CEX 4,CEX,0.0,,7700.0
2025-05-21 08:47:41,10000.0,10029.0,Put VEX 4,VEX,0.0,,7700.0
2025-05-21 08:47:41,10100.0,10129.25,Put CEX 3,CEX,0.0,,7700.0
2025-05-21 08:47:41,10100.0,10129.25,Put VEX 3,VEX,0.0,,7700.0
2025-05-21 08:47:41,10200.0,10229.5,Put CEX 2,CEX,0.0,,7700.0
2025-05-21 08:47:41,10200.0,10229.5,Put VEX 2,VEX,0.0,,7700.0
2025-05-21 08:47:41,10400.0,10430.25,Put CEX 1,CEX,0.0,,7700.0
2025-05-21 08:47:41,10400.0,10430.25,Put VEX 1,VEX,0.0,,7700.0
2025-05-21 08:47:41,12000.0,12034.75,Call CEX 1,CEX,0.0,,7700.0
2025-05-21 08:47:41,12000.0,12034.75,Call VEX 1,VEX,0.0,,7700.0
2025-05-21 08:48:58,200.0,200.5,Call CEX 2,CEX,0.0,,7700.0
2025-05-21 08:48:58,200.0,200.5,Call VEX 2,VEX,0.0,,7700.0
2025-05-21 08:48:58,400.0,401.25,Call CEX 3,CEX,0.0,,7700.0
2025-05-21 08:48:58,400.0,401.25,Call VEX 3,VEX,0.0,,7700.0
2025-05-21 08:48:58,600.0,601.75,Call CEX 4,CEX,0.0,,7700.0
2025-05-21 08:48:58,600.0,601.75,Call VEX 4,VEX,0.0,,7700.0
2025-05-21 08:48:58,800.0,802.25,Call CEX 5,CEX,0.0,,7700.0
2025-05-21 08:48:58,800.0,802.25,Call VEX 5,VEX,0.0,,7700.0
2025-05-21 08:48:58,4000.0,4011.5,Call DEX 1,DEX,890.224,,7700.0
2025-05-21 08:48:58,4800.0,4813.75,Put DEX 1,DEX,-261.4,,7700.0
2025-05-21 08:48:58,4800.0,4813.75,Put GEX 1,GEX,-76047.812,,7700.0
2025-05-21 08:48:58,4850.0,4864.0,Put DEX 2,DEX,-223.832,,7700.0
2025-05-21 08:48:58,4850.0,4864.0,Put GEX 2,GEX,-66214.378,,7700.0
2025-05-21 08:48:58,4900.0,4914.0,Put DEX 5,DEX,-40.172,,7700.0
2025-05-21 08:48:58,5000.0,5014.5,Call DEX 2,DEX,760.641,,7700.0
2025-05-21 08:48:58,5200.0,5215.0,Put DEX 4,DEX,-55.568,,7700.0
2025-05-21 08:48:58,5200.0,5215.0,Put GEX 4,GEX,-41723.048,,7700.0
2025-05-21 08:48:58,5300.0,5315.25,Put GEX 5,GEX,-27134.904,,7700.0
2025-05-21 08:48:58,5310.0,5325.25,Put DEX 3,DEX,-85.79,,7700.0
2025-05-21 08:48:58,5310.0,5325.25,Put GEX 3,GEX,-46271.999,,7700.0
2025-05-21 08:48:58,5700.0,5716.5,Call DEX 4,DEX,119.159,,7700.0
2025-05-21 08:48:58,5905.0,5922.0,Call DEX 3,DEX,139.481,,7700.0
2025-05-21 08:48:58,5905.0,5922.0,Call GEX 3,GEX,132832.939,,7700.0
2025-05-21 08:48:58,6000.0,6017.25,Call GEX 1,GEX,232718.99,,7700.0
2025-05-21 08:48:58,6050.0,6067.5,Call GEX 5,GEX,92823.033,,7700.0
2025-05-21 08:48:58,6100.0,6117.5,Call DEX 5,DEX,118.75,,7700.0
2025-05-21 08:48:58,6100.0,6117.5,Call GEX 2,GEX,213453.888,,7700.0
2025-05-21 08:48:58,6200.0,6217.75,Call GEX 4,GEX,112585.733,,7700.0
2025-05-21 08:48:58,9600.0,9627.75,Put CEX 5,CEX,0.0,,7700.0
2025-05-21 08:48:58,9600.0,9627.75,Put VEX 5,VEX,0.0,,7700.0
2025-05-21 08:48:58,10000.0,10028.75,Put CEX 4,CEX,0.0,,7700.0
2025-05-21 08:48:58,10000.0,10028.75,Put VEX 4,VEX,0.0,,7700.0
2025-05-21 08:48:58,10100.0,10129.0,Put CEX 3,CEX,0.0,,7700.0
2025-05-21 08:48:58,10100.0,10129.0,Put VEX 3,VEX,0.0,,7700.0
2025-05-21 08:48:58,10200.0,10229.5,Put CEX 2,CEX,0.0,,7700.0
2025-05-21 08:48:58,10200.0,10229.5,Put VEX 2,VEX,0.0,,7700.0
2025-05-21 08:48:58,10400.0,10430.0,Put CEX 1,CEX,0.0,,7700.0
2025-05-21 08:48:58,10400.0,10430.0,Put VEX 1,VEX,0.0,,7700.0
2025-05-21 08:48:58,12000.0,12034.5,Call CEX 1,CEX,0.0,,7700.0
2025-05-21 08:48:58,12000.0,12034.5,Call VEX 1,VEX,0.0,,7700.0
2025-05-21 08:50:17,200.0,200.5,Call CEX 2,CEX,0.0,,7700.0
2025-05-21 08:50:17,200.0,200.5,Call VEX 2,VEX,0.0,,7700.0
2025-05-21 08:50:17,400.0,401.25,Call CEX 3,CEX,0.0,,7700.0
2025-05-21 08:50:17,400.0,401.25,Call VEX 3,VEX,0.0,,7700.0
2025-05-21 08:50:17,600.0,601.75,Call CEX 4,CEX,0.0,,7700.0
2025-05-21 08:50:17,600.0,601.75,Call VEX 4,VEX,0.0,,7700.0
2025-05-21 08:50:17,800.0,802.25,Call CEX 5,CEX,0.0,,7700.0
2025-05-21 08:50:17,800.0,802.25,Call VEX 5,VEX,0.0,,7700.0
2025-05-21 08:50:17,4000.0,4011.75,Call DEX 1,DEX,890.087,,7700.0
2025-05-21 08:50:17,4800.0,4814.0,Put DEX 1,DEX,-261.39,,7700.0
2025-05-21 08:50:17,4800.0,4814.0,Put GEX 1,GEX,-76066.292,,7700.0
2025-05-21 08:50:17,4850.0,4864.25,Put DEX 2,DEX,-223.83,,7700.0
2025-05-21 08:50:17,4850.0,4864.25,Put GEX 2,GEX,-66230.455,,7700.0
2025-05-21 08:50:17,4900.0,4914.25,Put DEX 5,DEX,-40.172,,7700.0
2025-05-21 08:50:17,5000.0,5014.5,Call DEX 2,DEX,760.468,,7700.0
2025-05-21 08:50:17,5200.0,5215.25,Put DEX 4,DEX,-55.578,,7700.0
2025-05-21 08:50:17,5200.0,5215.25,Put GEX 4,GEX,-41750.293,,7700.0
2025-05-21 08:50:17,5300.0,5315.5,Put GEX 5,GEX,-27163.879,,7700.0
2025-05-21 08:50:17,5310.0,5325.5,Put DEX 3,DEX,-85.788,,7700.0
2025-05-21 08:50:17,5310.0,5325.5,Put GEX 3,GEX,-46306.835,,7700.0
2025-05-21 08:50:17,5700.0,5716.75,Call DEX 5,DEX,116.657,,7700.0
2025-05-21 08:50:17,5905.0,5922.25,Call DEX 3,DEX,139.381,,7700.0
2025-05-21 08:50:17,5905.0,5922.25,Call GEX 3,GEX,132229.362,,7700.0
2025-05-21 08:50:17,6000.0,6017.5,Call GEX 1,GEX,228445.534,,7700.0
2025-05-21 08:50:17,6050.0,6067.75,Call GEX 5,GEX,92391.676,,7700.0
2025-05-21 08:50:17,6100.0,6117.75,Call DEX 4,DEX,118.69,,7700.0
2025-05-21 08:50:17,6100.0,6117.75,Call GEX 2,GEX,212960.338,,7700.0
2025-05-21 08:50:17,6200.0,6218.0,Call GEX 4,GEX,112388.433,,7700.0
2025-05-21 08:50:17,9600.0,9628.0,Put CEX 5,CEX,0.0,,7700.0
2025-05-21 08:50:17,9600.0,9628.0,Put VEX 5,VEX,0.0,,7700.0
2025-05-21 08:50:17,10000.0,10029.25,Put CEX 4,CEX,0.0,,7700.0
2025-05-21 08:50:17,10000.0,10029.25,Put VEX 4,VEX,0.0,,7700.0
2025-05-21 08:50:17,10100.0,10129.5,Put CEX 3,CEX,0.0,,7700.0
2025-05-21 08:50:17,10100.0,10129.5,Put VEX 3,VEX,0.0,,7700.0
2025-05-21 08:50:17,10200.0,10229.75,Put CEX 2,CEX,0.0,,7700.0
2025-05-21 08:50:17,10200.0,10229.75,Put VEX 2,VEX,0.0,,7700.0
2025-05-21 08:50:17,10400.0,10430.5,Put CEX 1,CEX,0.0,,7700.0
2025-05-21 08:50:17,10400.0,10430.5,Put VEX 1,VEX,0.0,,7700.0
2025-05-21 08:50:17,12000.0,12035.0,Call CEX 1,CEX,0.0,,7700.0
2025-05-21 08:50:17,12000.0,12035.0,Call VEX 1,VEX,0.0,,7700.0
2025-05-21 08:51:34,200.0,200.5,Call CEX 2,CEX,0.0,,7700.0
2025-05-21 08:51:34,200.0,200.5,Call VEX 2,VEX,0.0,,7700.0
2025-05-21 08:51:34,400.0,401.25,Call CEX 3,CEX,0.0,,7700.0
2025-05-21 08:51:34,400.0,401.25,Call VEX 3,VEX,0.0,,7700.0
2025-05-21 08:51:34,600.0,601.75,Call CEX 4,CEX,0.0,,7700.0
2025-05-21 08:51:34,600.0,601.75,Call VEX 4,VEX,0.0,,7700.0
2025-05-21 08:51:34,800.0,802.25,Call CEX 5,CEX,0.0,,7700.0
2025-05-21 08:51:34,800.0,802.25,Call VEX 5,VEX,0.0,,7700.0
2025-05-21 08:51:34,4000.0,4011.75,Call DEX 1,DEX,890.454,,7700.0
2025-05-21 08:51:34,4800.0,4814.25,Put DEX 1,DEX,-261.397,,7700.0
2025-05-21 08:51:34,4800.0,4814.25,Put GEX 1,GEX,-76007.465,,7700.0
2025-05-21 08:51:34,4850.0,4864.25,Put DEX 2,DEX,-223.833,,7700.0
2025-05-21 08:51:34,4850.0,4864.25,Put GEX 2,GEX,-66185.349,,7700.0
2025-05-21 08:51:34,4900.0,4914.5,Put DEX 5,DEX,-40.168,,7700.0
2025-05-21 08:51:34,5000.0,5014.75,Call DEX 2,DEX,760.931,,7700.0
2025-05-21 08:51:34,5200.0,5215.25,Put DEX 4,DEX,-55.553,,7700.0
2025-05-21 08:51:34,5200.0,5215.25,Put GEX 4,GEX,-41693.681,,7700.0
2025-05-21 08:51:34,5300.0,5315.5,Put GEX 5,GEX,-27109.474,,7700.0
2025-05-21 08:51:34,5310.0,5325.75,Put DEX 3,DEX,-85.765,,7700.0
2025-05-21 08:51:34,5310.0,5325.75,Put GEX 3,GEX,-46258.072,,7700.0
2025-05-21 08:51:34,5700.0,5716.75,Call DEX 5,DEX,118.419,,7700.0
2025-05-21 08:51:34,5905.0,5922.5,Call DEX 3,DEX,139.576,,7700.0
2025-05-21 08:51:34,5905.0,5922.5,Call GEX 3,GEX,132031.177,,7700.0
2025-05-21 08:51:34,6000.0,6017.75,Call GEX 1,GEX,228402.851,,7700.0
2025-05-21 08:51:34,6050.0,6067.75,Call GEX 5,GEX,92530.296,,7700.0
2025-05-21 08:51:34,6100.0,6118.0,Call DEX 4,DEX,118.977,,7700.0
2025-05-21 08:51:34,6100.0,6118.0,Call GEX 2,GEX,213698.352,,7700.0
2025-05-21 08:51:34,6200.0,6218.25,Call GEX 4,GEX,112806.244,,7700.0
2025-05-21 08:51:34,9600.0,9628.25,Put CEX 5,CEX,0.0,,7700.0
2025-05-21 08:51:34,9600.0,9628.25,Put VEX 5,VEX,0.0,,7700.0
2025-05-21 08:51:34,10000.0,10029.5,Put CEX 4,CEX,0.0,,7700.0
2025-05-21 08:51:34,10000.0,10029.5,Put VEX 4,VEX,0.0,,7700.0
2025-05-21 08:51:34,10100.0,10129.75,Put CEX 3,CEX,0.0,,7700.0
2025-05-21 08:51:34,10100.0,10129.75,Put VEX 3,VEX,0.0,,7700.0
2025-05-21 08:51:34,10200.0,10230.0,Put CEX 2,CEX,0.0,,7700.0
2025-05-21 08:51:34,10200.0,10230.0,Put VEX 2,VEX,0.0,,7700.0
2025-05-21 08:51:34,10400.0,10430.75,Put CEX 1,CEX,0.0,,7700.0
2025-05-21 08:51:34,10400.0,10430.75,Put VEX 1,VEX,0.0,,7700.0
2025-05-21 08:51:34,12000.0,12035.25,Call CEX 1,CEX,0.0,,7700.0
2025-05-21 08:51:34,12000.0,12035.25,Call VEX 1,VEX,0.0,,7700.0
2025-05-21 08:52:51,200.0,200.5,Call CEX 2,CEX,0.0,,7700.0
2025-05-21 08:52:51,200.0,200.5,Call VEX 2,VEX,0.0,,7700.0
2025-05-21 08:52:51,400.0,401.25,Call CEX 3,CEX,0.0,,7700.0
2025-05-21 08:52:51,400.0,401.25,Call VEX 3,VEX,0.0,,7700.0
2025-05-21 08:52:51,600.0,601.75,Call CEX 4,CEX,0.0,,7700.0
2025-05-21 08:52:51,600.0,601.75,Call VEX 4,VEX,0.0,,7700.0
2025-05-21 08:52:51,800.0,802.5,Call CEX 5,CEX,0.0,,7700.0
2025-05-21 08:52:51,800.0,802.5,Call VEX 5,VEX,0.0,,7700.0
2025-05-21 08:52:51,4000.0,4012.0,Call DEX 1,DEX,890.448,,7700.0
2025-05-21 08:52:51,4800.0,4814.5,Put DEX 1,DEX,-261.38,,7700.0
2025-05-21 08:52:51,4800.0,4814.5,Put GEX 1,GEX,-76009.727,,7700.0
2025-05-21 08:52:51,4850.0,4864.5,Put DEX 2,DEX,-223.835,,7700.0
2025-05-21 08:52:51,4850.0,4864.5,Put GEX 2,GEX,-66179.869,,7700.0
2025-05-21 08:52:51,4900.0,4914.75,Put DEX 5,DEX,-40.175,,7700.0
2025-05-21 08:52:51,5000.0,5015.0,Call DEX 2,DEX,760.177,,7700.0
2025-05-21 08:52:51,5200.0,5215.5,Put DEX 4,DEX,-55.601,,7700.0
2025-05-21 08:52:51,5200.0,5215.5,Put GEX 4,GEX,-41729.554,,7700.0
2025-05-21 08:52:51,5300.0,5316.0,Put GEX 5,GEX,-27173.786,,7700.0
2025-05-21 08:52:51,5310.0,5326.0,Put DEX 3,DEX,-85.755,,7700.0
2025-05-21 08:52:51,5310.0,5326.0,Put GEX 3,GEX,-46286.752,,7700.0
2025-05-21 08:52:51,5700.0,5717.0,Call DEX 5,DEX,118.189,,7700.0
2025-05-21 08:52:51,5905.0,5922.75,Call DEX 3,DEX,139.573,,7700.0
2025-05-21 08:52:51,5905.0,5922.75,Call GEX 3,GEX,131395.796,,7700.0
2025-05-21 08:52:51,6000.0,6018.0,Call GEX 1,GEX,221200.925,,7700.0
2025-05-21 08:52:51,6050.0,6068.25,Call GEX 5,GEX,92048.598,,7700.0
2025-05-21 08:52:51,6100.0,6118.25,Call DEX 4,DEX,119.011,,7700.0
2025-05-21 08:52:51,6100.0,6118.25,Call GEX 2,GEX,213081.605,,7700.0
2025-05-21 08:52:51,6200.0,6218.5,Call GEX 4,GEX,112685.263,,7700.0
2025-05-21 08:52:51,9600.0,9628.75,Put CEX 5,CEX,0.0,,7700.0
2025-05-21 08:52:51,9600.0,9628.75,Put VEX 5,VEX,0.0,,7700.0
2025-05-21 08:52:51,10000.0,10030.0,Put CEX 4,CEX,0.0,,7700.0
2025-05-21 08:52:51,10000.0,10030.0,Put VEX 4,VEX,0.0,,7700.0
2025-05-21 08:52:51,10100.0,10130.25,Put CEX 3,CEX,0.0,,7700.0
2025-05-21 08:52:51,10100.0,10130.25,Put VEX 3,VEX,0.0,,7700.0
2025-05-21 08:52:51,10200.0,10230.5,Put CEX 2,CEX,0.0,,7700.0
2025-05-21 08:52:51,10200.0,10230.5,Put VEX 2,VEX,0.0,,7700.0
2025-05-21 08:52:51,10400.0,10431.25,Put CEX 1,CEX,0.0,,7700.0
2025-05-21 08:52:51,10400.0,10431.25,Put VEX 1,VEX,0.0,,7700.0
2025-05-21 08:52:51,12000.0,12036.0,Call CEX 1,CEX,0.0,,7700.0
2025-05-21 08:52:51,12000.0,12036.0,Call VEX 1,VEX,0.0,,7700.0
2025-05-21 08:54:10,200.0,200.5,Call CEX 2,CEX,0.0,,7700.0
2025-05-21 08:54:10,200.0,200.5,Call VEX 2,VEX,0.0,,7700.0
2025-05-21 08:54:10,400.0,401.25,Call CEX 3,CEX,0.0,,7700.0
2025-05-21 08:54:10,400.0,401.25,Call VEX 3,VEX,0.0,,7700.0
2025-05-21 08:54:10,600.0,601.75,Call CEX 4,CEX,0.0,,7700.0
2025-05-21 08:54:10,600.0,601.75,Call VEX 4,VEX,0.0,,7700.0
2025-05-21 08:54:10,800.0,802.5,Call CEX 5,CEX,0.0,,7700.0
2025-05-21 08:54:10,800.0,802.5,Call VEX 5,VEX,0.0,,7700.0
2025-05-21 08:54:10,4000.0,4012.0,Call DEX 1,DEX,890.374,,7700.0
2025-05-21 08:54:10,4800.0,4814.5,Put DEX 1,DEX,-261.411,,7700.0
2025-05-21 08:54:10,4800.0,4814.5,Put GEX 1,GEX,-75962.014,,7700.0
2025-05-21 08:54:10,4850.0,4864.5,Put DEX 2,DEX,-223.845,,7700.0
2025-05-21 08:54:10,4850.0,4864.5,Put GEX 2,GEX,-66131.173,,7700.0
2025-05-21 08:54:10,4900.0,4914.75,Put DEX 5,DEX,-40.206,,7700.0
2025-05-21 08:54:10,5000.0,5015.0,Call DEX 2,DEX,758.261,,7700.0
2025-05-21 08:54:10,5200.0,5215.5,Put DEX 4,DEX,-55.699,,7700.0
2025-05-21 08:54:10,5200.0,5215.5,Put GEX 4,GEX,-41793.689,,7700.0
2025-05-21 08:54:10,5300.0,5315.75,Put GEX 5,GEX,-27326.627,,7700.0
2025-05-21 08:54:10,5310.0,5326.0,Put DEX 3,DEX,-85.75,,7700.0
2025-05-21 08:54:10,5310.0,5326.0,Put GEX 3,GEX,-46288.174,,7700.0
2025-05-21 08:54:10,5700.0,5717.0,Call DEX 5,DEX,117.979,,7700.0
2025-05-21 08:54:10,5905.0,5922.75,Call DEX 3,DEX,139.742,,7700.0
2025-05-21 08:54:10,5905.0,5922.75,Call GEX 3,GEX,129701.141,,7700.0
2025-05-21 08:54:10,6000.0,6018.0,Call GEX 2,GEX,204176.141,,7700.0
2025-05-21 08:54:10,6050.0,6068.0,Call GEX 5,GEX,90914.428,,7700.0
2025-05-21 08:54:10,6100.0,6118.25,Call DEX 4,DEX,119.405,,7700.0
2025-05-21 08:54:10,6100.0,6118.25,Call GEX 1,GEX,211865.885,,7700.0
2025-05-21 08:54:10,6200.0,6218.5,Call GEX 4,GEX,112590.265,,7700.0
2025-05-21 08:54:10,9600.0,9628.75,Put CEX 5,CEX,0.0,,7700.0
2025-05-21 08:54:10,9600.0,9628.75,Put VEX 5,VEX,0.0,,7700.0
2025-05-21 08:54:10,10000.0,10030.0,Put CEX 4,CEX,0.0,,7700.0
2025-05-21 08:54:10,10000.0,10030.0,Put VEX 4,VEX,0.0,,7700.0
2025-05-21 08:54:10,10100.0,10130.25,Put CEX 3,CEX,0.0,,7700.0
2025-05-21 08:54:10,10100.0,10130.25,Put VEX 3,VEX,0.0,,7700.0
2025-05-21 08:54:10,10200.0,10230.5,Put CEX 2,CEX,0.0,,7700.0
2025-05-21 08:54:10,10200.0,10230.5,Put VEX 2,VEX,0.0,,7700.0
2025-05-21 08:54:10,10400.0,10431.25,Put CEX 1,CEX,0.0,,7700.0
2025-05-21 08:54:10,10400.0,10431.25,Put VEX 1,VEX,0.0,,7700.0
2025-05-21 08:54:10,12000.0,12036.0,Call CEX 1,CEX,0.0,,7700.0
2025-05-21 08:54:10,12000.0,12036.0,Call VEX 1,VEX,0.0,,7700.0
2025-05-21 08:55:29,200.0,200.5,Call CEX 2,CEX,0.0,,7700.0
2025-05-21 08:55:29,200.0,200.5,Call VEX 2,VEX,0.0,,7700.0
2025-05-21 08:55:29,400.0,401.25,Call CEX 3,CEX,0.0,,7700.0
2025-05-21 08:55:29,400.0,401.25,Call VEX 3,VEX,0.0,,7700.0
2025-05-21 08:55:29,600.0,601.75,Call CEX 4,CEX,0.0,,7700.0
2025-05-21 08:55:29,600.0,601.75,Call VEX 4,VEX,0.0,,7700.0
2025-05-21 08:55:29,800.0,802.25,Call CEX 5,CEX,0.0,,7700.0
2025-05-21 08:55:29,800.0,802.25,Call VEX 5,VEX,0.0,,7700.0
2025-05-21 08:55:29,4000.0,4011.75,Call DEX 1,DEX,891.023,,7700.0
2025-05-21 08:55:29,4800.0,4814.25,Put DEX 1,DEX,-261.431,,7700.0
2025-05-21 08:55:29,4800.0,4814.25,Put GEX 1,GEX,-75822.063,,7700.0
2025-05-21 08:55:29,4850.0,4864.25,Put DEX 2,DEX,-223.867,,7700.0
2025-05-21 08:55:29,4850.0,4864.25,Put GEX 2,GEX,-66011.88,,7700.0
2025-05-21 08:55:29,4900.0,4914.5,Put DEX 5,DEX,-40.166,,7700.0
2025-05-21 08:55:29,5000.0,5014.75,Call DEX 2,DEX,760.181,,7700.0
2025-05-21 08:55:29,5200.0,5215.25,Put DEX 4,DEX,-55.563,,7700.0
2025-05-21 08:55:29,5200.0,5215.25,Put GEX 4,GEX,-41627.352,,7700.0
2025-05-21 08:55:29,5300.0,5315.5,Put GEX 5,GEX,-27133.696,,7700.0
2025-05-21 08:55:29,5310.0,5325.75,Put DEX 3,DEX,-85.707,,7700.0
2025-05-21 08:55:29,5310.0,5325.75,Put GEX 3,GEX,-46122.286,,7700.0
2025-05-21 08:55:29,5700.0,5716.75,Call DEX 5,DEX,119.339,,7700.0
2025-05-21 08:55:29,5905.0,5922.5,Call DEX 3,DEX,140.323,,7700.0
2025-05-21 08:55:29,5905.0,5922.5,Call GEX 3,GEX,131111.609,,7700.0
2025-05-21 08:55:29,6000.0,6017.75,Call GEX 1,GEX,218602.688,,7700.0
2025-05-21 08:55:29,6050.0,6067.75,Call GEX 5,GEX,92467.172,,7700.0
2025-05-21 08:55:29,6100.0,6118.0,Call DEX 4,DEX,119.983,,7700.0
2025-05-21 08:55:29,6100.0,6118.0,Call GEX 2,GEX,214632.974,,7700.0
2025-05-21 08:55:29,6200.0,6218.25,Call GEX 4,GEX,113720.715,,7700.0
2025-05-21 08:55:29,9600.0,9628.25,Put CEX 5,CEX,0.0,,7700.0
2025-05-21 08:55:29,9600.0,9628.25,Put VEX 5,VEX,0.0,,7700.0
2025-05-21 08:55:29,10000.0,10029.5,Put CEX 4,CEX,0.0,,7700.0
2025-05-21 08:55:29,10000.0,10029.5,Put VEX 4,VEX,0.0,,7700.0
2025-05-21 08:55:29,10100.0,10129.75,Put CEX 3,CEX,0.0,,7700.0
2025-05-21 08:55:29,10100.0,10129.75,Put VEX 3,VEX,0.0,,7700.0
2025-05-21 08:55:29,10200.0,10230.0,Put CEX 2,CEX,0.0,,7700.0
2025-05-21 08:55:29,10200.0,10230.0,Put VEX 2,VEX,0.0,,7700.0
2025-05-21 08:55:29,10400.0,10430.5,Put CEX 1,CEX,0.0,,7700.0
2025-05-21 08:55:29,10400.0,10430.5,Put VEX 1,VEX,0.0,,7700.0
2025-05-21 08:55:29,12000.0,12035.25,Call CEX 1,CEX,0.0,,7700.0
2025-05-21 08:55:29,12000.0,12035.25,Call VEX 1,VEX,0.0,,7700.0
2025-05-21 08:56:48,200.0,200.5,Call CEX 2,CEX,0.0,,7700.0
2025-05-21 08:56:48,200.0,200.5,Call VEX 2,VEX,0.0,,7700.0
2025-05-21 08:56:48,400.0,401.25,Call CEX 3,CEX,0.0,,7700.0
2025-05-21 08:56:48,400.0,401.25,Call VEX 3,VEX,0.0,,7700.0
2025-05-21 08:56:48,600.0,601.75,Call CEX 4,CEX,0.0,,7700.0
2025-05-21 08:56:48,600.0,601.75,Call VEX 4,VEX,0.0,,7700.0
2025-05-21 08:56:48,800.0,802.25,Call CEX 5,CEX,0.0,,7700.0
2025-05-21 08:56:48,800.0,802.25,Call VEX 5,VEX,0.0,,7700.0
2025-05-21 08:56:48,4000.0,4011.5,Call DEX 1,DEX,891.593,,7700.0
2025-05-21 08:56:48,4800.0,4813.75,Put DEX 1,DEX,-261.45,,7700.0
2025-05-21 08:56:48,4800.0,4813.75,Put GEX 1,GEX,-75735.652,,7700.0
2025-05-21 08:56:48,4850.0,4864.0,Put DEX 2,DEX,-223.887,,7700.0
2025-05-21 08:56:48,4850.0,4864.0,Put GEX 2,GEX,-65935.063,,7700.0
2025-05-21 08:56:48,4900.0,4914.0,Put DEX 5,DEX,-40.154,,7700.0
2025-05-21 08:56:48,5000.0,5014.5,Call DEX 2,DEX,762.254,,7700.0
2025-05-21 08:56:48,5200.0,5215.0,Put DEX 4,DEX,-55.426,,7700.0
2025-05-21 08:56:48,5200.0,5215.0,Put GEX 4,GEX,-41473.964,,7700.0
2025-05-21 08:56:48,5300.0,5315.25,Put GEX 5,GEX,-26937.97,,7700.0
2025-05-21 08:56:48,5310.0,5325.25,Put DEX 3,DEX,-85.671,,7700.0
2025-05-21 08:56:48,5310.0,5325.25,Put GEX 3,GEX,-46004.118,,7700.0
2025-05-21 08:56:48,5700.0,5716.5,Call DEX 4,DEX,120.49,,7700.0
2025-05-21 08:56:48,5905.0,5922.0,Call DEX 3,DEX,140.671,,7700.0
2025-05-21 08:56:48,5905.0,5922.0,Call GEX 3,GEX,131822.666,,7700.0
2025-05-21 08:56:48,6000.0,6017.25,Call GEX 1,GEX,229136.704,,7700.0
2025-05-21 08:56:48,6050.0,6067.5,Call GEX 5,GEX,93481.833,,7700.0
2025-05-21 08:56:48,6100.0,6117.5,Call DEX 5,DEX,120.445,,7700.0
2025-05-21 08:56:48,6100.0,6117.5,Call GEX 2,GEX,216552.226,,7700.0
2025-05-21 08:56:48,6200.0,6217.75,Call GEX 4,GEX,114596.963,,7700.0
2025-05-21 08:56:48,9600.0,9627.5,Put CEX 5,CEX,0.0,,7700.0
2025-05-21 08:56:48,9600.0,9627.5,Put VEX 5,VEX,0.0,,7700.0
2025-05-21 08:56:48,10000.0,10028.75,Put CEX 4,CEX,0.0,,7700.0
2025-05-21 08:56:48,10000.0,10028.75,Put VEX 4,VEX,0.0,,7700.0
2025-05-21 08:56:48,10100.0,10129.0,Put CEX 3,CEX,0.0,,7700.0
2025-05-21 08:56:48,10100.0,10129.0,Put VEX 3,VEX,0.0,,7700.0
2025-05-21 08:56:48,10200.0,10229.25,Put CEX 2,CEX,0.0,,7700.0
2025-05-21 08:56:48,10200.0,10229.25,Put VEX 2,VEX,0.0,,7700.0
2025-05-21 08:56:48,10400.0,10430.0,Put CEX 1,CEX,0.0,,7700.0
2025-05-21 08:56:48,10400.0,10430.0,Put VEX 1,VEX,0.0,,7700.0
2025-05-21 08:56:48,12000.0,12034.5,Call CEX 1,CEX,0.0,,7700.0
2025-05-21 08:56:48,12000.0,12034.5,Call VEX 1,VEX,0.0,,7700.0
2025-05-21 08:58:07,200.0,200.5,Call CEX 2,CEX,0.0,,7700.0
2025-05-21 08:58:07,200.0,200.5,Call VEX 2,VEX,0.0,,7700.0
2025-05-21 08:58:07,400.0,401.25,Call CEX 3,CEX,0.0,,7700.0
2025-05-21 08:58:07,400.0,401.25,Call VEX 3,VEX,0.0,,7700.0
2025-05-21 08:58:07,600.0,601.75,Call CEX 4,CEX,0.0,,7700.0
2025-05-21 08:58:07,600.0,601.75,Call VEX 4,VEX,0.0,,7700.0
2025-05-21 08:58:07,800.0,802.25,Call CEX 5,CEX,0.0,,7700.0
2025-05-21 08:58:07,800.0,802.25,Call VEX 5,VEX,0.0,,7700.0
2025-05-21 08:58:07,4000.0,4011.75,Call DEX 1,DEX,890.744,,7700.0
2025-05-21 08:58:07,4800.0,4814.0,Put DEX 1,DEX,-261.42,,7700.0
2025-05-21 08:58:07,4800.0,4814.0,Put GEX 1,GEX,-75905.434,,7700.0
2025-05-21 08:58:07,4850.0,4864.25,Put DEX 2,DEX,-223.857,,7700.0
2025-05-21 08:58:07,4850.0,4864.25,Put GEX 2,GEX,-66082.415,,7700.0
2025-05-21 08:58:07,4900.0,4914.5,Put DEX 5,DEX,-40.187,,7700.0
2025-05-21 08:58:07,5000.0,5014.75,Call DEX 2,DEX,761.398,,7700.0
2025-05-21 08:58:07,5200.0,5215.25,Put DEX 4,DEX,-55.504,,7700.0
2025-05-21 08:58:07,5200.0,5215.25,Put GEX 4,GEX,-41624.1,,7700.0
2025-05-21 08:58:07,5300.0,5315.5,Put GEX 5,GEX,-26857.276,,7700.0
2025-05-21 08:58:07,5310.0,5325.5,Put DEX 3,DEX,-85.659,,7700.0
2025-05-21 08:58:07,5310.0,5325.5,Put GEX 3,GEX,-46116.597,,7700.0
2025-05-21 08:58:07,5700.0,5716.75,Call DEX 5,DEX,119.199,,7700.0
2025-05-21 08:58:07,5905.0,5922.25,Call DEX 3,DEX,140.051,,7700.0
2025-05-21 08:58:07,5905.0,5922.25,Call GEX 3,GEX,132183.445,,7700.0
2025-05-21 08:58:07,6000.0,6017.5,Call GEX 1,GEX,229256.828,,7700.0
2025-05-21 08:58:07,6050.0,6067.75,Call GEX 5,GEX,92992.73,,7700.0
2025-05-21 08:58:07,6100.0,6118.0,Call DEX 4,DEX,119.626,,7700.0
2025-05-21 08:58:07,6100.0,6118.0,Call GEX 2,GEX,214724.872,,7700.0
2025-05-21 08:58:07,6200.0,6218.25,Call GEX 4,GEX,113427.178,,7700.0
2025-05-21 08:58:07,9600.0,9628.25,Put CEX 5,CEX,0.0,,7700.0
2025-05-21 08:58:07,9600.0,9628.25,Put VEX 5,VEX,0.0,,7700.0
2025-05-21 08:58:07,10000.0,10029.25,Put CEX 4,CEX,0.0,,7700.0
2025-05-21 08:58:07,10000.0,10029.25,Put VEX 4,VEX,0.0,,7700.0
2025-05-21 08:58:07,10100.0,10129.75,Put CEX 3,CEX,0.0,,7700.0
2025-05-21 08:58:07,10100.0,10129.75,Put VEX 3,VEX,0.0,,7700.0
2025-05-21 08:58:07,10200.0,10230.0,Put CEX 2,CEX,0.0,,7700.0
2025-05-21 08:58:07,10200.0,10230.0,Put VEX 2,VEX,0.0,,7700.0
2025-05-21 08:58:07,10400.0,10430.5,Put CEX 1,CEX,0.0,,7700.0
2025-05-21 08:58:07,10400.0,10430.5,Put VEX 1,VEX,0.0,,7700.0
2025-05-21 08:58:07,12000.0,12035.25,Call CEX 1,CEX,0.0,,7700.0
2025-05-21 08:58:07,12000.0,12035.25,Call VEX 1,VEX,0.0,,7700.0
2025-05-21 08:59:28,200.0,200.5,Call CEX 2,CEX,0.0,,7700.0
2025-05-21 08:59:28,200.0,200.5,Call VEX 2,VEX,0.0,,7700.0
2025-05-21 08:59:28,400.0,401.25,Call CEX 3,CEX,0.0,,7700.0
2025-05-21 08:59:28,400.0,401.25,Call VEX 3,VEX,0.0,,7700.0
2025-05-21 08:59:28,600.0,601.75,Call CEX 4,CEX,0.0,,7700.0
2025-05-21 08:59:28,600.0,601.75,Call VEX 4,VEX,0.0,,7700.0
2025-05-21 08:59:28,800.0,802.25,Call CEX 5,CEX,0.0,,7700.0
2025-05-21 08:59:28,800.0,802.25,Call VEX 5,VEX,0.0,,7700.0
2025-05-21 08:59:28,4000.0,4011.75,Call DEX 1,DEX,890.625,,7700.0
2025-05-21 08:59:28,4800.0,4814.0,Put DEX 1,DEX,-261.415,,7700.0
2025-05-21 08:59:28,4800.0,4814.0,Put GEX 1,GEX,-75940.322,,7700.0
2025-05-21 08:59:28,4850.0,4864.0,Put DEX 2,DEX,-223.842,,7700.0
2025-05-21 08:59:28,4850.0,4864.0,Put GEX 2,GEX,-66116.098,,7700.0
2025-05-21 08:59:28,4900.0,4914.25,Put DEX 5,DEX,-40.169,,7700.0
2025-05-21 08:59:28,5000.0,5014.5,Call DEX 2,DEX,759.717,,7700.0
2025-05-21 08:59:28,5200.0,5215.0,Put DEX 4,DEX,-55.616,,7700.0
2025-05-21 08:59:28,5200.0,5215.0,Put GEX 4,GEX,-41714.634,,7700.0
2025-05-21 08:59:28,5300.0,5315.5,Put GEX 5,GEX,-27222.772,,7700.0
2025-05-21 08:59:28,5310.0,5325.5,Put DEX 3,DEX,-85.743,,7700.0
2025-05-21 08:59:28,5310.0,5325.5,Put GEX 3,GEX,-46218.265,,7700.0
2025-05-21 08:59:28,5700.0,5716.5,Call DEX 5,DEX,118.489,,7700.0
2025-05-21 08:59:28,5905.0,5922.25,Call DEX 3,DEX,139.879,,7700.0
2025-05-21 08:59:28,5905.0,5922.25,Call GEX 3,GEX,131122.458,,7700.0
2025-05-21 08:59:28,6000.0,6017.5,Call GEX 1,GEX,219363.33,,7700.0
2025-05-21 08:59:28,6050.0,6067.5,Call GEX 5,GEX,92094.551,,7700.0
2025-05-21 08:59:28,6100.0,6117.75,Call DEX 4,DEX,119.457,,7700.0
2025-05-21 08:59:28,6100.0,6117.75,Call GEX 2,GEX,213240.974,,7700.0
2025-05-21 08:59:28,6200.0,6218.0,Call GEX 4,GEX,112921.998,,7700.0
2025-05-21 08:59:28,9600.0,9628.0,Put CEX 5,CEX,0.0,,7700.0
2025-05-21 08:59:28,9600.0,9628.0,Put VEX 5,VEX,0.0,,7700.0
2025-05-21 08:59:28,10000.0,10029.0,Put CEX 4,CEX,0.0,,7700.0
2025-05-21 08:59:28,10000.0,10029.0,Put VEX 4,VEX,0.0,,7700.0
2025-05-21 08:59:28,10100.0,10129.25,Put CEX 3,CEX,0.0,,7700.0
2025-05-21 08:59:28,10100.0,10129.25,Put VEX 3,VEX,0.0,,7700.0
2025-05-21 08:59:28,10200.0,10229.75,Put CEX 2,CEX,0.0,,7700.0
2025-05-21 08:59:28,10200.0,10229.75,Put VEX 2,VEX,0.0,,7700.0
2025-05-21 08:59:28,10400.0,10430.25,Put CEX 1,CEX,0.0,,7700.0
2025-05-21 08:59:28,10400.0,10430.25,Put VEX 1,VEX,0.0,,7700.0
2025-05-21 08:59:28,12000.0,12035.0,Call CEX 1,CEX,0.0,,7700.0
2025-05-21 08:59:28,12000.0,12035.0,Call VEX 1,VEX,0.0,,7700.0
2025-05-21 09:00:50,200.0,200.5,Call CEX 2,CEX,0.0,,7700.0
2025-05-21 09:00:50,200.0,200.5,Call VEX 2,VEX,0.0,,7700.0
2025-05-21 09:00:50,400.0,401.25,Call CEX 3,CEX,0.0,,7700.0
2025-05-21 09:00:50,400.0,401.25,Call VEX 3,VEX,0.0,,7700.0
2025-05-21 09:00:50,600.0,601.75,Call CEX 4,CEX,0.0,,7700.0
2025-05-21 09:00:50,600.0,601.75,Call VEX 4,VEX,0.0,,7700.0
2025-05-21 09:00:50,800.0,802.5,Call CEX 5,CEX,0.0,,7700.0
2025-05-21 09:00:50,800.0,802.5,Call VEX 5,VEX,0.0,,7700.0
2025-05-21 09:00:50,4000.0,4012.0,Call DEX 1,DEX,890.871,,7700.0
2025-05-21 09:00:50,4800.0,4814.25,Put DEX 1,DEX,-261.418,,7700.0
2025-05-21 09:00:50,4800.0,4814.25,Put GEX 1,GEX,-75900.975,,7700.0
2025-05-21 09:00:50,4850.0,4864.5,Put DEX 2,DEX,-223.863,,7700.0
2025-05-21 09:00:50,4850.0,4864.5,Put GEX 2,GEX,-66075.971,,7700.0
2025-05-21 09:00:50,4900.0,4914.5,Put DEX 5,DEX,-40.159,,7700.0
2025-05-21 09:00:50,5000.0,5015.0,Call DEX 2,DEX,761.849,,7700.0
2025-05-21 09:00:50,5200.0,5215.5,Put DEX 4,DEX,-55.484,,7700.0
2025-05-21 09:00:50,5200.0,5215.5,Put GEX 4,GEX,-41600.076,,7700.0
2025-05-21 09:00:50,5300.0,5315.75,Put GEX 5,GEX,-27020.242,,7700.0
2025-05-21 09:00:50,5310.0,5325.75,Put DEX 3,DEX,-85.712,,7700.0
2025-05-21 09:00:50,5310.0,5325.75,Put GEX 3,GEX,-46153.254,,7700.0
2025-05-21 09:00:50,5700.0,5717.0,Call DEX 5,DEX,119.355,,7700.0
2025-05-21 09:00:50,5905.0,5922.5,Call DEX 3,DEX,140.083,,7700.0
2025-05-21 09:00:50,5905.0,5922.5,Call GEX 3,GEX,132629.238,,7700.0
2025-05-21 09:00:50,6000.0,6017.75,Call GEX 1,GEX,232798.06,,7700.0
2025-05-21 09:00:50,6050.0,6068.0,Call GEX 5,GEX,93289.274,,7700.0
2025-05-21 09:00:50,6100.0,6118.25,Call DEX 4,DEX,119.6,,7700.0
2025-05-21 09:00:50,6100.0,6118.25,Call GEX 2,GEX,215466.026,,7700.0
2025-05-21 09:00:50,6200.0,6218.5,Call GEX 4,GEX,113593.677,,7700.0
2025-05-21 09:00:50,9600.0,9628.5,Put CEX 5,CEX,0.0,,7700.0
2025-05-21 09:00:50,9600.0,9628.5,Put VEX 5,VEX,0.0,,7700.0
2025-05-21 09:00:50,10000.0,10029.75,Put CEX 4,CEX,0.0,,7700.0
2025-05-21 09:00:50,10000.0,10029.75,Put VEX 4,VEX,0.0,,7700.0
2025-05-21 09:00:50,10100.0,10130.0,Put CEX 3,CEX,0.0,,7700.0
2025-05-21 09:00:50,10100.0,10130.0,Put VEX 3,VEX,0.0,,7700.0
2025-05-21 09:00:50,10200.0,10230.5,Put CEX 2,CEX,0.0,,7700.0
2025-05-21 09:00:50,10200.0,10230.5,Put VEX 2,VEX,0.0,,7700.0
2025-05-21 09:00:50,10400.0,10431.0,Put CEX 1,CEX,0.0,,7700.0
2025-05-21 09:00:50,10400.0,10431.0,Put VEX 1,VEX,0.0,,7700.0
2025-05-21 09:00:50,12000.0,12035.75,Call CEX 1,CEX,0.0,,7700.0
2025-05-21 09:00:50,12000.0,12035.75,Call VEX 1,VEX,0.0,,7700.0
2025-05-21 09:02:11,200.0,200.5,Call CEX 2,CEX,0.0,,7700.0
2025-05-21 09:02:11,200.0,200.5,Call VEX 2,VEX,0.0,,7700.0
2025-05-21 09:02:11,400.0,401.25,Call CEX 3,CEX,0.0,,7700.0
2025-05-21 09:02:11,400.0,401.25,Call VEX 3,VEX,0.0,,7700.0
2025-05-21 09:02:11,600.0,601.75,Call CEX 4,CEX,0.0,,7700.0
2025-05-21 09:02:11,600.0,601.75,Call VEX 4,VEX,0.0,,7700.0
2025-05-21 09:02:11,800.0,802.25,Call CEX 5,CEX,0.0,,7700.0
2025-05-21 09:02:11,800.0,802.25,Call VEX 5,VEX,0.0,,7700.0
2025-05-21 09:02:11,4000.0,4011.5,Call DEX 1,DEX,890.989,,7700.0
2025-05-21 09:02:11,4800.0,4813.75,Put DEX 1,DEX,-261.42,,7700.0
2025-05-21 09:02:11,4800.0,4813.75,Put GEX 1,GEX,-75881.772,,7700.0
2025-05-21 09:02:11,4850.0,4864.0,Put DEX 2,DEX,-223.854,,7700.0
2025-05-21 09:02:11,4850.0,4864.0,Put GEX 2,GEX,-66065.733,,7700.0
2025-05-21 09:02:11,4900.0,4914.0,Put DEX 5,DEX,-40.155,,7700.0
2025-05-21 09:02:11,5000.0,5014.25,Call DEX 2,DEX,761.071,,7700.0
2025-05-21 09:02:11,5200.0,5215.0,Put DEX 4,DEX,-55.53,,7700.0
2025-05-21 09:02:11,5200.0,5215.0,Put GEX 4,GEX,-41620.313,,7700.0
2025-05-21 09:02:11,5300.0,5315.25,Put GEX 5,GEX,-27092.409,,7700.0
2025-05-21 09:02:11,5310.0,5325.25,Put DEX 3,DEX,-85.707,,7700.0
2025-05-21 09:02:11,5310.0,5325.25,Put GEX 3,GEX,-46159.056,,7700.0
2025-05-21 09:02:11,5700.0,5716.5,Call DEX 5,DEX,119.223,,7700.0
2025-05-21 09:02:11,5905.0,5922.0,Call DEX 3,DEX,140.129,,7700.0
2025-05-21 09:02:11,5905.0,5922.0,Call GEX 3,GEX,132107.714,,7700.0
2025-05-21 09:02:11,6000.0,6017.25,Call GEX 1,GEX,227169.716,,7700.0
2025-05-21 09:02:11,6050.0,6067.5,Call GEX 5,GEX,93016.836,,7700.0
2025-05-21 09:02:11,6100.0,6117.5,Call DEX 4,DEX,119.659,,7700.0
2025-05-21 09:02:11,6100.0,6117.5,Call GEX 2,GEX,215109.086,,7700.0
2025-05-21 09:02:11,6200.0,6217.75,Call GEX 4,GEX,113521.569,,7700.0
2025-05-21 09:02:11,9600.0,9627.5,Put CEX 5,CEX,0.0,,7700.0
2025-05-21 09:02:11,9600.0,9627.5,Put VEX 5,VEX,0.0,,7700.0
2025-05-21 09:02:11,10000.0,10028.75,Put CEX 4,CEX,0.0,,7700.0
2025-05-21 09:02:11,10000.0,10028.75,Put VEX 4,VEX,0.0,,7700.0
2025-05-21 09:02:11,10100.0,10129.0,Put CEX 3,CEX,0.0,,7700.0
2025-05-21 09:02:11,10100.0,10129.0,Put VEX 3,VEX,0.0,,7700.0
2025-05-21 09:02:11,10200.0,10229.25,Put CEX 2,CEX,0.0,,7700.0
2025-05-21 09:02:11,10200.0,10229.25,Put VEX 2,VEX,0.0,,7700.0
2025-05-21 09:02:11,10400.0,10430.0,Put CEX 1,CEX,0.0,,7700.0
2025-05-21 09:02:11,10400.0,10430.0,Put VEX 1,VEX,0.0,,7700.0
2025-05-21 09:02:11,12000.0,12034.5,Call CEX 1,CEX,0.0,,7700.0
2025-05-21 09:02:11,12000.0,12034.5,Call VEX 1,VEX,0.0,,7700.0
2025-05-21 09:03:28,200.0,200.5,Call CEX 2,CEX,0.0,,7700.0
2025-05-21 09:03:28,200.0,200.5,Call VEX 2,VEX,0.0,,7700.0
2025-05-21 09:03:28,400.0,401.25,Call CEX 3,CEX,0.0,,7700.0
2025-05-21 09:03:28,400.0,401.25,Call VEX 3,VEX,0.0,,7700.0
2025-05-21 09:03:28,600.0,601.75,Call CEX 4,CEX,0.0,,7700.0
2025-05-21 09:03:28,600.0,601.75,Call VEX 4,VEX,0.0,,7700.0
2025-05-21 09:03:28,800.0,802.25,Call CEX 5,CEX,0.0,,7700.0
2025-05-21 09:03:28,800.0,802.25,Call VEX 5,VEX,0.0,,7700.0
2025-05-21 09:03:28,4000.0,4011.25,Call DEX 1,DEX,890.944,,7700.0
2025-05-21 09:03:28,4800.0,4813.5,Put DEX 1,DEX,-261.414,,7700.0
2025-05-21 09:03:28,4800.0,4813.5,Put GEX 1,GEX,-75891.638,,7700.0
2025-05-21 09:03:28,4850.0,4863.75,Put DEX 2,DEX,-223.847,,7700.0
2025-05-21 09:03:28,4850.0,4863.75,Put GEX 2,GEX,-66074.578,,7700.0
2025-05-21 09:03:28,4900.0,4913.75,Put DEX 5,DEX,-40.157,,7700.0
2025-05-21 09:03:28,5000.0,5014.25,Call DEX 2,DEX,760.911,,7700.0
2025-05-21 09:03:28,5200.0,5214.75,Put DEX 4,DEX,-55.537,,7700.0
2025-05-21 09:03:28,5200.0,5214.75,Put GEX 4,GEX,-41633.999,,7700.0
2025-05-21 09:03:28,5300.0,5315.0,Put GEX 5,GEX,-27114.47,,7700.0
2025-05-21 09:03:28,5310.0,5325.0,Put DEX 3,DEX,-85.715,,7700.0
2025-05-21 09:03:28,5310.0,5325.0,Put GEX 3,GEX,-46172.19,,7700.0
2025-05-21 09:03:28,5700.0,5716.0,Call DEX 5,DEX,119.118,,7700.0
2025-05-21 09:03:28,5905.0,5921.75,Call DEX 3,DEX,140.116,,7700.0
2025-05-21 09:03:28,5905.0,5921.75,Call GEX 3,GEX,132313.72,,7700.0
2025-05-21 09:03:28,6000.0,6017.0,Call GEX 1,GEX,227971.959,,7700.0
2025-05-21 09:03:28,6050.0,6067.0,Call GEX 5,GEX,93052.788,,7700.0
2025-05-21 09:03:28,6100.0,6117.25,Call DEX 4,DEX,119.614,,7700.0
2025-05-21 09:03:28,6100.0,6117.25,Call GEX 2,GEX,214933.442,,7700.0
2025-05-21 09:03:28,6200.0,6217.5,Call GEX 4,GEX,113514.687,,7700.0
2025-05-21 09:03:28,9600.0,9627.25,Put CEX 5,CEX,0.0,,7700.0
2025-05-21 09:03:28,9600.0,9627.25,Put VEX 5,VEX,0.0,,7700.0
2025-05-21 09:03:28,10000.0,10028.25,Put CEX 4,CEX,0.0,,7700.0
2025-05-21 09:03:28,10000.0,10028.25,Put VEX 4,VEX,0.0,,7700.0
2025-05-21 09:03:28,10100.0,10128.5,Put CEX 3,CEX,0.0,,7700.0
2025-05-21 09:03:28,10100.0,10128.5,Put VEX 3,VEX,0.0,,7700.0
2025-05-21 09:03:28,10200.0,10228.75,Put CEX 2,CEX,0.0,,7700.0
2025-05-21 09:03:28,10200.0,10228.75,Put VEX 2,VEX,0.0,,7700.0
2025-05-21 09:03:28,10400.0,10429.5,Put CEX 1,CEX,0.0,,7700.0
2025-05-21 09:03:28,10400.0,10429.5,Put VEX 1,VEX,0.0,,7700.0
2025-05-21 09:03:28,12000.0,12034.0,Call CEX 1,CEX,0.0,,7700.0
2025-05-21 09:03:28,12000.0,12034.0,Call VEX 1,VEX,0.0,,7700.0
2025-05-21 09:04:48,200.0,200.5,Call CEX 2,CEX,0.0,,7700.0
2025-05-21 09:04:48,200.0,200.5,Call VEX 2,VEX,0.0,,7700.0
2025-05-21 09:04:48,400.0,401.25,Call CEX 3,CEX,0.0,,7700.0
2025-05-21 09:04:48,400.0,401.25,Call VEX 3,VEX,0.0,,7700.0
2025-05-21 09:04:48,600.0,601.75,Call CEX 4,CEX,0.0,,7700.0
2025-05-21 09:04:48,600.0,601.75,Call VEX 4,VEX,0.0,,7700.0
2025-05-21 09:04:48,800.0,802.25,Call CEX 5,CEX,0.0,,7700.0
2025-05-21 09:04:48,800.0,802.25,Call VEX 5,VEX,0.0,,7700.0
2025-05-21 09:04:48,4000.0,4011.75,Call DEX 1,DEX,891.048,,7700.0
2025-05-21 09:04:48,4800.0,4814.25,Put DEX 1,DEX,-261.421,,7700.0
2025-05-21 09:04:48,4800.0,4814.25,Put GEX 1,GEX,-75873.05,,7700.0
2025-05-21 09:04:48,4850.0,4864.5,Put DEX 2,DEX,-223.856,,7700.0
2025-05-21 09:04:48,4850.0,4864.5,Put GEX 2,GEX,-66057.802,,7700.0
2025-05-21 09:04:48,4900.0,4914.5,Put DEX 5,DEX,-40.142,,7700.0
2025-05-21 09:04:48,5000.0,5014.75,Call DEX 2,DEX,763.142,,7700.0
2025-05-21 09:04:48,5200.0,5215.5,Put DEX 4,DEX,-55.39,,7700.0
2025-05-21 09:04:48,5200.0,5215.5,Put GEX 4,GEX,-41528.01,,7700.0
2025-05-21 09:04:48,5300.0,5315.75,Put GEX 5,GEX,-26640.31,,7700.0
2025-05-21 09:04:48,5310.0,5325.75,Put DEX 3,DEX,-85.686,,7700.0
2025-05-21 09:04:48,5310.0,5325.75,Put GEX 3,GEX,-46106.077,,7700.0
2025-05-21 09:04:48,5700.0,5717.0,Call DEX 4,DEX,119.977,,7700.0
2025-05-21 09:04:48,5905.0,5922.5,Call DEX 3,DEX,140.243,,7700.0
2025-05-21 09:04:48,5905.0,5922.5,Call GEX 3,GEX,133860.699,,7700.0
2025-05-21 09:04:48,6000.0,6017.75,Call GEX 1,GEX,243056.119,,7700.0
2025-05-21 09:04:48,6050.0,6068.0,Call GEX 5,GEX,94364.655,,7700.0
2025-05-21 09:04:48,6100.0,6118.0,Call DEX 5,DEX,119.57,,7700.0
2025-05-21 09:04:48,6100.0,6118.0,Call GEX 2,GEX,217034.391,,7700.0
2025-05-21 09:04:48,6200.0,6218.5,Call GEX 4,GEX,114127.202,,7700.0
2025-05-21 09:04:48,9600.0,9628.5,Put CEX 5,CEX,0.0,,7700.0
2025-05-21 09:04:48,9600.0,9628.5,Put VEX 5,VEX,0.0,,7700.0
2025-05-21 09:04:48,10000.0,10029.75,Put CEX 4,CEX,0.0,,7700.0
2025-05-21 09:04:48,10000.0,10029.75,Put VEX 4,VEX,0.0,,7700.0
2025-05-21 09:04:48,10100.0,10130.0,Put CEX 3,CEX,0.0,,7700.0
2025-05-21 09:04:48,10100.0,10130.0,Put VEX 3,VEX,0.0,,7700.0
2025-05-21 09:04:48,10200.0,10230.25,Put CEX 2,CEX,0.0,,7700.0
2025-05-21 09:04:48,10200.0,10230.25,Put VEX 2,VEX,0.0,,7700.0
2025-05-21 09:04:48,10400.0,10430.75,Put CEX 1,CEX,0.0,,7700.0
2025-05-21 09:04:48,10400.0,10430.75,Put VEX 1,VEX,0.0,,7700.0
2025-05-21 09:04:48,12000.0,12035.5,Call CEX 1,CEX,0.0,,7700.0
2025-05-21 09:04:48,12000.0,12035.5,Call VEX 1,VEX,0.0,,7700.0
2025-05-21 09:06:09,200.0,200.5,Call CEX 2,CEX,0.0,,7700.0
2025-05-21 09:06:09,200.0,200.5,Call VEX 2,VEX,0.0,,7700.0
2025-05-21 09:06:09,400.0,401.25,Call CEX 3,CEX,0.0,,7700.0
2025-05-21 09:06:09,400.0,401.25,Call VEX 3,VEX,0.0,,7700.0
2025-05-21 09:06:09,600.0,601.75,Call CEX 4,CEX,0.0,,7700.0
2025-05-21 09:06:09,600.0,601.75,Call VEX 4,VEX,0.0,,7700.0
2025-05-21 09:06:09,800.0,802.25,Call CEX 5,CEX,0.0,,7700.0
2025-05-21 09:06:09,800.0,802.25,Call VEX 5,VEX,0.0,,7700.0
2025-05-21 09:06:09,4000.0,4011.5,Call DEX 1,DEX,890.129,,7700.0
2025-05-21 09:06:09,4800.0,4813.75,Put DEX 1,DEX,-261.383,,7700.0
2025-05-21 09:06:09,4800.0,4813.75,Put GEX 1,GEX,-76024.574,,7700.0
2025-05-21 09:06:09,4850.0,4864.0,Put DEX 2,DEX,-223.816,,7700.0
2025-05-21 09:06:09,4850.0,4864.0,Put GEX 2,GEX,-66189.314,,7700.0
2025-05-21 09:06:09,4900.0,4914.25,Put DEX 5,DEX,-40.192,,7700.0
2025-05-21 09:06:09,5000.0,5014.5,Call DEX 2,DEX,758.607,,7700.0
2025-05-21 09:06:09,5200.0,5215.0,Put DEX 4,DEX,-55.668,,7700.0
2025-05-21 09:06:09,5200.0,5215.0,Put GEX 4,GEX,-41816.627,,7700.0
2025-05-21 09:06:09,5300.0,5315.25,Put GEX 5,GEX,-27305.427,,7700.0
2025-05-21 09:06:09,5310.0,5325.25,Put DEX 3,DEX,-85.667,,7700.0
2025-05-21 09:06:09,5310.0,5325.25,Put GEX 3,GEX,-46273.003,,7700.0
2025-05-21 09:06:09,5700.0,5716.5,Call DEX 5,DEX,117.921,,7700.0
2025-05-21 09:06:09,5905.0,5922.0,Call DEX 3,DEX,139.58,,7700.0
2025-05-21 09:06:09,5905.0,5922.0,Call GEX 3,GEX,130881.501,,7700.0
2025-05-21 09:06:09,6000.0,6017.25,Call GEX 2,GEX,211396.918,,7700.0
2025-05-21 09:06:09,6050.0,6067.5,Call GEX 5,GEX,91418.751,,7700.0
2025-05-21 09:06:09,6100.0,6117.5,Call DEX 4,DEX,119.061,,7700.0
2025-05-21 09:06:09,6100.0,6117.5,Call GEX 1,GEX,211993.577,,7700.0
2025-05-21 09:06:09,6200.0,6218.0,Call GEX 4,GEX,112387.035,,7700.0
2025-05-21 09:06:09,9600.0,9627.75,Put CEX 5,CEX,0.0,,7700.0
2025-05-21 09:06:09,9600.0,9627.75,Put VEX 5,VEX,0.0,,7700.0
2025-05-21 09:06:09,10000.0,10029.0,Put CEX 4,CEX,0.0,,7700.0
2025-05-21 09:06:09,10000.0,10029.0,Put VEX 4,VEX,0.0,,7700.0
2025-05-21 09:06:09,10100.0,10129.25,Put CEX 3,CEX,0.0,,7700.0
2025-05-21 09:06:09,10100.0,10129.25,Put VEX 3,VEX,0.0,,7700.0
2025-05-21 09:06:09,10200.0,10229.5,Put CEX 2,CEX,0.0,,7700.0
2025-05-21 09:06:09,10200.0,10229.5,Put VEX 2,VEX,0.0,,7700.0
2025-05-21 09:06:09,10400.0,10430.0,Put CEX 1,CEX,0.0,,7700.0
2025-05-21 09:06:09,10400.0,10430.0,Put VEX 1,VEX,0.0,,7700.0
2025-05-21 09:06:09,12000.0,12034.75,Call CEX 1,CEX,0.0,,7700.0
2025-05-21 09:06:09,12000.0,12034.75,Call VEX 1,VEX,0.0,,7700.0
2025-05-21 09:07:31,200.0,200.5,Call CEX 2,CEX,0.0,,7700.0
2025-05-21 09:07:31,200.0,200.5,Call VEX 2,VEX,0.0,,7700.0
2025-05-21 09:07:31,400.0,401.25,Call CEX 3,CEX,0.0,,7700.0
2025-05-21 09:07:31,400.0,401.25,Call VEX 3,VEX,0.0,,7700.0
2025-05-21 09:07:31,600.0,601.75,Call CEX 4,CEX,0.0,,7700.0
2025-05-21 09:07:31,600.0,601.75,Call VEX 4,VEX,0.0,,7700.0
2025-05-21 09:07:31,800.0,802.5,Call CEX 5,CEX,0.0,,7700.0
2025-05-21 09:07:31,800.0,802.5,Call VEX 5,VEX,0.0,,7700.0
2025-05-21 09:07:31,4000.0,4012.0,Call DEX 1,DEX,890.484,,7700.0
2025-05-21 09:07:31,4800.0,4814.5,Put DEX 1,DEX,-261.382,,7700.0
2025-05-21 09:07:31,4800.0,4814.5,Put GEX 1,GEX,-75970.636,,7700.0
2025-05-21 09:07:31,4850.0,4864.5,Put DEX 2,DEX,-223.827,,7700.0
2025-05-21 09:07:31,4850.0,4864.5,Put GEX 2,GEX,-66140.268,,7700.0
2025-05-21 09:07:31,4900.0,4914.75,Put DEX 5,DEX,-40.168,,7700.0
2025-05-21 09:07:31,5000.0,5015.0,Call DEX 2,DEX,760.694,,7700.0
2025-05-21 09:07:31,5200.0,5215.5,Put DEX 4,DEX,-55.539,,7700.0
2025-05-21 09:07:31,5200.0,5215.5,Put GEX 4,GEX,-41691.405,,7700.0
2025-05-21 09:07:31,5300.0,5316.0,Put GEX 5,GEX,-27159.115,,7700.0
2025-05-21 09:07:31,5310.0,5326.0,Put DEX 3,DEX,-85.734,,7700.0
2025-05-21 09:07:31,5310.0,5326.0,Put GEX 3,GEX,-46237.622,,7700.0
2025-05-21 09:07:31,5700.0,5717.0,Call DEX 5,DEX,118.842,,7700.0
2025-05-21 09:07:31,5905.0,5922.75,Call DEX 3,DEX,139.875,,7700.0
2025-05-21 09:07:31,5905.0,5922.75,Call GEX 3,GEX,132964.933,,7700.0
2025-05-21 09:07:31,6000.0,6018.0,Call GEX 1,GEX,230443.517,,7700.0
2025-05-21 09:07:31,6050.0,6068.25,Call GEX 5,GEX,93179.504,,7700.0
2025-05-21 09:07:31,6100.0,6118.25,Call DEX 4,DEX,119.106,,7700.0
2025-05-21 09:07:31,6100.0,6118.25,Call GEX 2,GEX,214442.295,,7700.0
2025-05-21 09:07:31,6200.0,6218.5,Call GEX 4,GEX,113185.089,,7700.0
2025-05-21 09:07:31,9600.0,9628.75,Put CEX 5,CEX,0.0,,7700.0
2025-05-21 09:07:31,9600.0,9628.75,Put VEX 5,VEX,0.0,,7700.0
2025-05-21 09:07:31,10000.0,10030.0,Put CEX 4,CEX,0.0,,7700.0
2025-05-21 09:07:31,10000.0,10030.0,Put VEX 4,VEX,0.0,,7700.0
2025-05-21 09:07:31,10100.0,10130.25,Put CEX 3,CEX,0.0,,7700.0
2025-05-21 09:07:31,10100.0,10130.25,Put VEX 3,VEX,0.0,,7700.0
2025-05-21 09:07:31,10200.0,10230.75,Put CEX 2,CEX,0.0,,7700.0
2025-05-21 09:07:31,10200.0,10230.75,Put VEX 2,VEX,0.0,,7700.0
2025-05-21 09:07:31,10400.0,10431.25,Put CEX 1,CEX,0.0,,7700.0
2025-05-21 09:07:31,10400.0,10431.25,Put VEX 1,VEX,0.0,,7700.0
2025-05-21 09:07:31,12000.0,12036.0,Call CEX 1,CEX,0.0,,7700.0
2025-05-21 09:07:31,12000.0,12036.0,Call VEX 1,VEX,0.0,,7700.0
2025-05-21 09:08:52,200.0,200.5,Call CEX 2,CEX,0.0,,7700.0
2025-05-21 09:08:52,200.0,200.5,Call VEX 2,VEX,0.0,,7700.0
2025-05-21 09:08:52,400.0,401.25,Call CEX 3,CEX,0.0,,7700.0
2025-05-21 09:08:52,400.0,401.25,Call VEX 3,VEX,0.0,,7700.0
2025-05-21 09:08:52,600.0,601.75,Call CEX 4,CEX,0.0,,7700.0
2025-05-21 09:08:52,600.0,601.75,Call VEX 4,VEX,0.0,,7700.0
2025-05-21 09:08:52,800.0,802.25,Call CEX 5,CEX,0.0,,7700.0
2025-05-21 09:08:52,800.0,802.25,Call VEX 5,VEX,0.0,,7700.0
2025-05-21 09:08:52,4000.0,4011.75,Call DEX 1,DEX,890.758,,7700.0
2025-05-21 09:08:52,4800.0,4814.25,Put DEX 1,DEX,-261.416,,7700.0
2025-05-21 09:08:52,4800.0,4814.25,Put GEX 1,GEX,-75898.997,,7700.0
2025-05-21 09:08:52,4850.0,4864.25,Put DEX 2,DEX,-223.85,,7700.0
2025-05-21 09:08:52,4850.0,4864.25,Put GEX 2,GEX,-66070.23,,7700.0
2025-05-21 09:08:52,4900.0,4914.5,Put DEX 5,DEX,-40.186,,7700.0
2025-05-21 09:08:52,5000.0,5014.75,Call DEX 2,DEX,759.938,,7700.0
2025-05-21 09:08:52,5200.0,5215.5,Put DEX 4,DEX,-55.586,,7700.0
2025-05-21 09:08:52,5200.0,5215.5,Put GEX 4,GEX,-41686.997,,7700.0
2025-05-21 09:08:52,5300.0,5315.75,Put GEX 5,GEX,-27206.984,,7700.0
2025-05-21 09:08:52,5310.0,5325.75,Put DEX 3,DEX,-85.713,,7700.0
2025-05-21 09:08:52,5310.0,5325.75,Put GEX 3,GEX,-46188.489,,7700.0
2025-05-21 09:08:52,5700.0,5717.0,Call DEX 5,DEX,119.095,,7700.0
2025-05-21 09:08:52,5905.0,5922.5,Call DEX 3,DEX,140.12,,7700.0
2025-05-21 09:08:52,5905.0,5922.5,Call GEX 3,GEX,131250.189,,7700.0
2025-05-21 09:08:52,6000.0,6017.75,Call GEX 1,GEX,215491.188,,7700.0
2025-05-21 09:08:52,6050.0,6068.0,Call GEX 5,GEX,92212.078,,7700.0
2025-05-21 09:08:52,6100.0,6118.0,Call DEX 4,DEX,119.71,,7700.0
2025-05-21 09:08:52,6100.0,6118.0,Call GEX 2,GEX,214064.943,,7700.0
2025-05-21 09:08:52,6200.0,6218.25,Call GEX 4,GEX,113303.018,,7700.0
2025-05-21 09:08:52,9600.0,9628.5,Put CEX 5,CEX,0.0,,7700.0
2025-05-21 09:08:52,9600.0,9628.5,Put VEX 5,VEX,0.0,,7700.0
2025-05-21 09:08:52,10000.0,10029.5,Put CEX 4,CEX,0.0,,7700.0
2025-05-21 09:08:52,10000.0,10029.5,Put VEX 4,VEX,0.0,,7700.0
2025-05-21 09:08:52,10100.0,10130.0,Put CEX 3,CEX,0.0,,7700.0
2025-05-21 09:08:52,10100.0,10130.0,Put VEX 3,VEX,0.0,,7700.0
2025-05-21 09:08:52,10200.0,10230.25,Put CEX 2,CEX,0.0,,7700.0
2025-05-21 09:08:52,10200.0,10230.25,Put VEX 2,VEX,0.0,,7700.0
2025-05-21 09:08:52,10400.0,10430.75,Put CEX 1,CEX,0.0,,7700.0
2025-05-21 09:08:52,10400.0,10430.75,Put VEX 1,VEX,0.0,,7700.0
2025-05-21 09:08:52,12000.0,12035.5,Call CEX 1,CEX,0.0,,7700.0
2025-05-21 09:08:52,12000.0,12035.5,Call VEX 1,VEX,0.0,,7700.0
2025-05-21 09:10:16,200.0,200.5,Call CEX 2,CEX,0.0,,7700.0
2025-05-21 09:10:16,200.0,200.5,Call VEX 2,VEX,0.0,,7700.0
2025-05-21 09:10:16,400.0,401.25,Call CEX 3,CEX,0.0,,7700.0
2025-05-21 09:10:16,400.0,401.25,Call VEX 3,VEX,0.0,,7700.0
2025-05-21 09:10:16,600.0,601.75,Call CEX 4,CEX,0.0,,7700.0
2025-05-21 09:10:16,600.0,601.75,Call VEX 4,VEX,0.0,,7700.0
2025-05-21 09:10:16,800.0,802.25,Call CEX 5,CEX,0.0,,7700.0
2025-05-21 09:10:16,800.0,802.25,Call VEX 5,VEX,0.0,,7700.0
2025-05-21 09:10:16,4000.0,4011.75,Call DEX 1,DEX,890.916,,7700.0
2025-05-21 09:10:16,4800.0,4814.0,Put DEX 1,DEX,-261.429,,7700.0
2025-05-21 09:10:16,4800.0,4814.0,Put GEX 1,GEX,-75829.322,,7700.0
2025-05-21 09:10:16,4850.0,4864.25,Put DEX 2,DEX,-223.849,,7700.0
2025-05-21 09:10:16,4850.0,4864.25,Put GEX 2,GEX,-66017.876,,7700.0
2025-05-21 09:10:16,4900.0,4914.25,Put DEX 5,DEX,-40.175,,7700.0
2025-05-21 09:10:16,5000.0,5014.75,Call DEX 2,DEX,759.654,,7700.0
2025-05-21 09:10:16,5200.0,5215.25,Put DEX 4,DEX,-55.609,,7700.0
2025-05-21 09:10:16,5200.0,5215.25,Put GEX 4,GEX,-41677.606,,7700.0
2025-05-21 09:10:16,5300.0,5315.5,Put GEX 5,GEX,-27230.58,,7700.0
2025-05-21 09:10:16,5310.0,5325.5,Put DEX 3,DEX,-85.695,,7700.0
2025-05-21 09:10:16,5310.0,5325.5,Put GEX 3,GEX,-46158.697,,7700.0
2025-05-21 09:10:16,5700.0,5716.75,Call DEX 5,DEX,119.236,,7700.0
2025-05-21 09:10:16,5905.0,5922.25,Call DEX 3,DEX,140.315,,7700.0
2025-05-21 09:10:16,5905.0,5922.25,Call GEX 3,GEX,130070.584,,7700.0
2025-05-21 09:10:16,6000.0,6017.5,Call GEX 2,GEX,209846.903,,7700.0
2025-05-21 09:10:16,6050.0,6067.75,Call GEX 5,GEX,91756.457,,7700.0
2025-05-21 09:10:16,6100.0,6118.0,Call DEX 4,DEX,120.15,,7700.0
2025-05-21 09:10:16,6100.0,6118.0,Call GEX 1,GEX,213761.578,,7700.0
2025-05-21 09:10:16,6200.0,6218.25,Call GEX 4,GEX,113489.394,,7700.0
2025-05-21 09:10:16,9600.0,9628.25,Put CEX 5,CEX,0.0,,7700.0
2025-05-21 09:10:16,9600.0,9628.25,Put VEX 5,VEX,0.0,,7700.0
2025-05-21 09:10:16,10000.0,10029.25,Put CEX 4,CEX,0.0,,7700.0
2025-05-21 09:10:16,10000.0,10029.25,Put VEX 4,VEX,0.0,,7700.0
2025-05-21 09:10:16,10100.0,10129.5,Put CEX 3,CEX,0.0,,7700.0
2025-05-21 09:10:16,10100.0,10129.5,Put VEX 3,VEX,0.0,,7700.0
2025-05-21 09:10:16,10200.0,10230.0,Put CEX 2,CEX,0.0,,7700.0
2025-05-21 09:10:16,10200.0,10230.0,Put VEX 2,VEX,0.0,,7700.0
2025-05-21 09:10:16,10400.0,10430.5,Put CEX 1,CEX,0.0,,7700.0
2025-05-21 09:10:16,10400.0,10430.5,Put VEX 1,VEX,0.0,,7700.0
2025-05-21 09:10:16,12000.0,12035.25,Call CEX 1,CEX,0.0,,7700.0
2025-05-21 09:10:16,12000.0,12035.25,Call VEX 1,VEX,0.0,,7700.0
2025-05-21 09:11:37,200.0,200.5,Call CEX 2,CEX,0.0,,7700.0
2025-05-21 09:11:37,200.0,200.5,Call VEX 2,VEX,0.0,,7700.0
2025-05-21 09:11:37,400.0,401.25,Call CEX 3,CEX,0.0,,7700.0
2025-05-21 09:11:37,400.0,401.25,Call VEX 3,VEX,0.0,,7700.0
2025-05-21 09:11:37,600.0,601.75,Call CEX 4,CEX,0.0,,7700.0
2025-05-21 09:11:37,600.0,601.75,Call VEX 4,VEX,0.0,,7700.0
2025-05-21 09:11:37,800.0,802.25,Call CEX 5,CEX,0.0,,7700.0
2025-05-21 09:11:37,800.0,802.25,Call VEX 5,VEX,0.0,,7700.0
2025-05-21 09:11:37,4000.0,4011.5,Call DEX 1,DEX,891.437,,7700.0
2025-05-21 09:11:37,4800.0,4813.75,Put DEX 1,DEX,-261.436,,7700.0
2025-05-21 09:11:37,4800.0,4813.75,Put GEX 1,GEX,-75746.301,,7700.0
2025-05-21 09:11:37,4850.0,4864.0,Put DEX 2,DEX,-223.891,,7700.0
2025-05-21 09:11:37,4850.0,4864.0,Put GEX 2,GEX,-65933.91,,7700.0
2025-05-21 09:11:37,4900.0,4914.25,Put DEX 5,DEX,-40.153,,7700.0
2025-05-21 09:11:37,5000.0,5014.5,Call DEX 2,DEX,762.408,,7700.0
2025-05-21 09:11:37,5200.0,5215.0,Put DEX 4,DEX,-55.432,,7700.0
2025-05-21 09:11:37,5200.0,5215.0,Put GEX 4,GEX,-41482.931,,7700.0
2025-05-21 09:11:37,5300.0,5315.25,Put GEX 5,GEX,-26974.972,,7700.0
2025-05-21 09:11:37,5310.0,5325.25,Put DEX 3,DEX,-85.679,,7700.0
2025-05-21 09:11:37,5310.0,5325.25,Put GEX 3,GEX,-46005.742,,7700.0
2025-05-21 09:11:37,5700.0,5716.5,Call DEX 4,DEX,120.484,,7700.0
2025-05-21 09:11:37,5905.0,5922.0,Call DEX 3,DEX,140.738,,7700.0
2025-05-21 09:11:37,5905.0,5922.0,Call GEX 3,GEX,132843.407,,7700.0
2025-05-21 09:11:37,6000.0,6017.25,Call GEX 1,GEX,235473.755,,7700.0
2025-05-21 09:11:37,6050.0,6067.5,Call GEX 5,GEX,94157.919,,7700.0
2025-05-21 09:11:37,6100.0,6117.75,Call DEX 5,DEX,120.335,,7700.0
2025-05-21 09:11:37,6100.0,6117.75,Call GEX 2,GEX,217378.089,,7700.0
2025-05-21 09:11:37,6200.0,6218.0,Call GEX 4,GEX,114668.419,,7700.0
2025-05-21 09:11:37,9600.0,9627.75,Put CEX 5,CEX,0.0,,7700.0
2025-05-21 09:11:37,9600.0,9627.75,Put VEX 5,VEX,0.0,,7700.0
2025-05-21 09:11:37,10000.0,10029.0,Put CEX 4,CEX,0.0,,7700.0
2025-05-21 09:11:37,10000.0,10029.0,Put VEX 4,VEX,0.0,,7700.0
2025-05-21 09:11:37,10100.0,10129.25,Put CEX 3,CEX,0.0,,7700.0
2025-05-21 09:11:37,10100.0,10129.25,Put VEX 3,VEX,0.0,,7700.0
2025-05-21 09:11:37,10200.0,10229.5,Put CEX 2,CEX,0.0,,7700.0
2025-05-21 09:11:37,10200.0,10229.5,Put VEX 2,VEX,0.0,,7700.0
2025-05-21 09:11:37,10400.0,10430.0,Put CEX 1,CEX,0.0,,7700.0
2025-05-21 09:11:37,10400.0,10430.0,Put VEX 1,VEX,0.0,,7700.0
2025-05-21 09:11:37,12000.0,12034.75,Call CEX 1,CEX,0.0,,7700.0
2025-05-21 09:11:37,12000.0,12034.75,Call VEX 1,VEX,0.0,,7700.0
2025-05-21 09:12:57,200.0,200.5,Call CEX 2,CEX,0.0,,7700.0
2025-05-21 09:12:57,200.0,200.5,Call VEX 2,VEX,0.0,,7700.0
2025-05-21 09:12:57,400.0,401.25,Call CEX 3,CEX,0.0,,7700.0
2025-05-21 09:12:57,400.0,401.25,Call VEX 3,VEX,0.0,,7700.0
2025-05-21 09:12:57,600.0,601.75,Call CEX 4,CEX,0.0,,7700.0
2025-05-21 09:12:57,600.0,601.75,Call VEX 4,VEX,0.0,,7700.0
2025-05-21 09:12:57,800.0,802.25,Call CEX 5,CEX,0.0,,7700.0
2025-05-21 09:12:57,800.0,802.25,Call VEX 5,VEX,0.0,,7700.0
2025-05-21 09:12:57,4000.0,4011.75,Call DEX 1,DEX,890.887,,7700.0
2025-05-21 09:12:57,4800.0,4814.0,Put DEX 1,DEX,-261.406,,7700.0
2025-05-21 09:12:57,4800.0,4814.0,Put GEX 1,GEX,-75887.523,,7700.0
2025-05-21 09:12:57,4850.0,4864.25,Put DEX 2,DEX,-223.85,,7700.0
2025-05-21 09:12:57,4850.0,4864.25,Put GEX 2,GEX,-66067.436,,7700.0
2025-05-21 09:12:57,4900.0,4914.25,Put DEX 5,DEX,-40.163,,7700.0
2025-05-21 09:12:57,5000.0,5014.5,Call DEX 2,DEX,761.867,,7700.0
2025-05-21 09:12:57,5200.0,5215.25,Put DEX 4,DEX,-55.478,,7700.0
2025-05-21 09:12:57,5200.0,5215.25,Put GEX 4,GEX,-41601.334,,7700.0
2025-05-21 09:12:57,5300.0,5315.5,Put GEX 5,GEX,-27043.803,,7700.0
2025-05-21 09:12:57,5310.0,5325.5,Put DEX 3,DEX,-85.697,,7700.0
2025-05-21 09:12:57,5310.0,5325.5,Put GEX 3,GEX,-46149.718,,7700.0
2025-05-21 09:12:57,5700.0,5716.5,Call DEX 5,DEX,119.616,,7700.0
2025-05-21 09:12:57,5905.0,5922.25,Call DEX 3,DEX,140.125,,7700.0
2025-05-21 09:12:57,5905.0,5922.25,Call GEX 3,GEX,131832.579,,7700.0
2025-05-21 09:12:57,6000.0,6017.5,Call GEX 1,GEX,223743.014,,7700.0
2025-05-21 09:12:57,6050.0,6067.75,Call GEX 5,GEX,92719.767,,7700.0
2025-05-21 09:12:57,6100.0,6117.75,Call DEX 4,DEX,119.738,,7700.0
2025-05-21 09:12:57,6100.0,6117.75,Call GEX 2,GEX,215073.151,,7700.0
2025-05-21 09:12:57,6200.0,6218.0,Call GEX 4,GEX,113669.228,,7700.0
2025-05-21 09:12:57,9600.0,9628.0,Put CEX 5,CEX,0.0,,7700.0
2025-05-21 09:12:57,9600.0,9628.0,Put VEX 5,VEX,0.0,,7700.0
2025-05-21 09:12:57,10000.0,10029.25,Put CEX 4,CEX,0.0,,7700.0
2025-05-21 09:12:57,10000.0,10029.25,Put VEX 4,VEX,0.0,,7700.0
2025-05-21 09:12:57,10100.0,10129.5,Put CEX 3,CEX,0.0,,7700.0
2025-05-21 09:12:57,10100.0,10129.5,Put VEX 3,VEX,0.0,,7700.0
2025-05-21 09:12:57,10200.0,10229.75,Put CEX 2,CEX,0.0,,7700.0
2025-05-21 09:12:57,10200.0,10229.75,Put VEX 2,VEX,0.0,,7700.0
2025-05-21 09:12:57,10400.0,10430.25,Put CEX 1,CEX,0.0,,7700.0
2025-05-21 09:12:57,10400.0,10430.25,Put VEX 1,VEX,0.0,,7700.0
2025-05-21 09:12:57,12000.0,12035.0,Call CEX 1,CEX,0.0,,7700.0
2025-05-21 09:12:57,12000.0,12035.0,Call VEX 1,VEX,0.0,,7700.0
2025-05-21 09:14:15,200.0,200.5,Call CEX 2,CEX,0.0,,7700.0
2025-05-21 09:14:15,200.0,200.5,Call VEX 2,VEX,0.0,,7700.0
2025-05-21 09:14:15,400.0,401.25,Call CEX 3,CEX,0.0,,7700.0
2025-05-21 09:14:15,400.0,401.25,Call VEX 3,VEX,0.0,,7700.0
2025-05-21 09:14:15,600.0,601.75,Call CEX 4,CEX,0.0,,7700.0
2025-05-21 09:14:15,600.0,601.75,Call VEX 4,VEX,0.0,,7700.0
2025-05-21 09:14:15,800.0,802.25,Call CEX 5,CEX,0.0,,7700.0
2025-05-21 09:14:15,800.0,802.25,Call VEX 5,VEX,0.0,,7700.0
2025-05-21 09:14:15,4000.0,4011.5,Call DEX 1,DEX,890.929,,7700.0
2025-05-21 09:14:15,4800.0,4813.75,Put DEX 1,DEX,-261.429,,7700.0
2025-05-21 09:14:15,4800.0,4813.75,Put GEX 1,GEX,-75821.768,,7700.0
2025-05-21 09:14:15,4850.0,4864.0,Put DEX 2,DEX,-223.865,,7700.0
2025-05-21 09:14:15,4850.0,4864.0,Put GEX 2,GEX,-66005.815,,7700.0
2025-05-21 09:14:15,4900.0,4914.25,Put DEX 5,DEX,-40.166,,7700.0
2025-05-21 09:14:15,5000.0,5014.5,Call DEX 2,DEX,761.12,,7700.0
2025-05-21 09:14:15,5200.0,5215.0,Put DEX 4,DEX,-55.512,,7700.0
2025-05-21 09:14:15,5200.0,5215.0,Put GEX 4,GEX,-41586.642,,7700.0
2025-05-21 09:14:15,5300.0,5315.25,Put GEX 5,GEX,-27083.426,,7700.0
2025-05-21 09:14:15,5310.0,5325.25,Put DEX 3,DEX,-85.696,,7700.0
2025-05-21 09:14:15,5310.0,5325.25,Put GEX 3,GEX,-46100.889,,7700.0
2025-05-21 09:14:15,5700.0,5716.5,Call DEX 5,DEX,119.757,,7700.0
2025-05-21 09:14:15,5905.0,5922.0,Call DEX 3,DEX,140.4,,7700.0
2025-05-21 09:14:15,5905.0,5922.0,Call GEX 3,GEX,131725.119,,7700.0
2025-05-21 09:14:15,6000.0,6017.25,Call GEX 1,GEX,223063.112,,7700.0
2025-05-21 09:14:15,6050.0,6067.5,Call GEX 5,GEX,92902.071,,7700.0
2025-05-21 09:14:15,6100.0,6117.5,Call DEX 4,DEX,120.092,,7700.0
2025-05-21 09:14:15,6100.0,6117.5,Call GEX 2,GEX,215323.049,,7700.0
2025-05-21 09:14:15,6200.0,6218.0,Call GEX 4,GEX,113970.633,,7700.0
2025-05-21 09:14:15,9600.0,9627.75,Put CEX 5,CEX,0.0,,7700.0
2025-05-21 09:14:15,9600.0,9627.75,Put VEX 5,VEX,0.0,,7700.0
2025-05-21 09:14:15,10000.0,10029.0,Put CEX 4,CEX,0.0,,7700.0
2025-05-21 09:14:15,10000.0,10029.0,Put VEX 4,VEX,0.0,,7700.0
2025-05-21 09:14:15,10100.0,10129.25,Put CEX 3,CEX,0.0,,7700.0
2025-05-21 09:14:15,10100.0,10129.25,Put VEX 3,VEX,0.0,,7700.0
2025-05-21 09:14:15,10200.0,10229.5,Put CEX 2,CEX,0.0,,7700.0
2025-05-21 09:14:15,10200.0,10229.5,Put VEX 2,VEX,0.0,,7700.0
2025-05-21 09:14:15,10400.0,10430.0,Put CEX 1,CEX,0.0,,7700.0
2025-05-21 09:14:15,10400.0,10430.0,Put VEX 1,VEX,0.0,,7700.0
2025-05-21 09:14:15,12000.0,12034.75,Call CEX 1,CEX,0.0,,7700.0
2025-05-21 09:14:15,12000.0,12034.75,Call VEX 1,VEX,0.0,,7700.0
2025-05-21 09:15:35,200.0,200.5,Call CEX 2,CEX,0.0,,7700.0
2025-05-21 09:15:35,200.0,200.5,Call VEX 2,VEX,0.0,,7700.0
2025-05-21 09:15:35,400.0,401.25,Call CEX 3,CEX,0.0,,7700.0
2025-05-21 09:15:35,400.0,401.25,Call VEX 3,VEX,0.0,,7700.0
2025-05-21 09:15:35,600.0,601.75,Call CEX 4,CEX,0.0,,7700.0
2025-05-21 09:15:35,600.0,601.75,Call VEX 4,VEX,0.0,,7700.0
2025-05-21 09:15:35,800.0,802.25,Call CEX 5,CEX,0.0,,7700.0
2025-05-21 09:15:35,800.0,802.25,Call VEX 5,VEX,0.0,,7700.0
2025-05-21 09:15:35,4000.0,4011.75,Call DEX 1,DEX,890.826,,7700.0
2025-05-21 09:15:35,4800.0,4814.25,Put DEX 1,DEX,-261.418,,7700.0
2025-05-21 09:15:35,4800.0,4814.25,Put GEX 1,GEX,-75844.21,,7700.0
2025-05-21 09:15:35,4850.0,4864.25,Put DEX 2,DEX,-223.847,,7700.0
2025-05-21 09:15:35,4850.0,4864.25,Put GEX 2,GEX,-66030.18,,7700.0
2025-05-21 09:15:35,4900.0,4914.5,Put DEX 5,DEX,-40.171,,7700.0
2025-05-21 09:15:35,5000.0,5014.75,Call DEX 2,DEX,761.759,,7700.0
2025-05-21 09:15:35,5200.0,5215.25,Put DEX 4,DEX,-55.476,,7700.0
2025-05-21 09:15:35,5200.0,5215.25,Put GEX 4,GEX,-41578.667,,7700.0
2025-05-21 09:15:35,5300.0,5315.5,Put GEX 5,GEX,-27048.307,,7700.0
2025-05-21 09:15:35,5310.0,5325.75,Put DEX 3,DEX,-85.684,,7700.0
2025-05-21 09:15:35,5310.0,5325.75,Put GEX 3,GEX,-46113.064,,7700.0
2025-05-21 09:15:35,5700.0,5716.75,Call DEX 5,DEX,119.834,,7700.0
2025-05-21 09:15:35,5905.0,5922.5,Call DEX 3,DEX,140.359,,7700.0
2025-05-21 09:15:35,5905.0,5922.5,Call GEX 3,GEX,132414.477,,7700.0
2025-05-21 09:15:35,6000.0,6017.75,Call GEX 1,GEX,228444.328,,7700.0
2025-05-21 09:15:35,6050.0,6067.75,Call GEX 5,GEX,93356.367,,7700.0
2025-05-21 09:15:35,6100.0,6118.0,Call DEX 4,DEX,119.911,,7700.0
2025-05-21 09:15:35,6100.0,6118.0,Call GEX 2,GEX,215890.837,,7700.0
2025-05-21 09:15:35,6200.0,6218.25,Call GEX 4,GEX,114006.926,,7700.0
2025-05-21 09:15:35,9600.0,9628.25,Put CEX 5,CEX,0.0,,7700.0
2025-05-21 09:15:35,9600.0,9628.25,Put VEX 5,VEX,0.0,,7700.0
2025-05-21 09:15:35,10000.0,10029.5,Put CEX 4,CEX,0.0,,7700.0
2025-05-21 09:15:35,10000.0,10029.5,Put VEX 4,VEX,0.0,,7700.0
2025-05-21 09:15:35,10100.0,10129.75,Put CEX 3,CEX,0.0,,7700.0
2025-05-21 09:15:35,10100.0,10129.75,Put VEX 3,VEX,0.0,,7700.0
2025-05-21 09:15:35,10200.0,10230.0,Put CEX 2,CEX,0.0,,7700.0
2025-05-21 09:15:35,10200.0,10230.0,Put VEX 2,VEX,0.0,,7700.0
2025-05-21 09:15:35,10400.0,10430.5,Put CEX 1,CEX,0.0,,7700.0
2025-05-21 09:15:35,10400.0,10430.5,Put VEX 1,VEX,0.0,,7700.0
2025-05-21 09:15:35,12000.0,12035.25,Call CEX 1,CEX,0.0,,7700.0
2025-05-21 09:15:35,12000.0,12035.25,Call VEX 1,VEX,0.0,,7700.0
2025-05-21 09:16:55,200.0,200.5,Call CEX 2,CEX,0.0,,7700.0
2025-05-21 09:16:55,200.0,200.5,Call VEX 2,VEX,0.0,,7700.0
2025-05-21 09:16:55,400.0,401.25,Call CEX 3,CEX,0.0,,7700.0
2025-05-21 09:16:55,400.0,401.25,Call VEX 3,VEX,0.0,,7700.0
2025-05-21 09:16:55,600.0,601.75,Call CEX 4,CEX,0.0,,7700.0
2025-05-21 09:16:55,600.0,601.75,Call VEX 4,VEX,0.0,,7700.0
2025-05-21 09:16:55,800.0,802.25,Call CEX 5,CEX,0.0,,7700.0
2025-05-21 09:16:55,800.0,802.25,Call VEX 5,VEX,0.0,,7700.0
2025-05-21 09:16:55,4000.0,4011.75,Call DEX 1,DEX,891.14,,7700.0
2025-05-21 09:16:55,4800.0,4814.0,Put DEX 1,DEX,-261.415,,7700.0
2025-05-21 09:16:55,4800.0,4814.0,Put GEX 1,GEX,-75832.48,,7700.0
2025-05-21 09:16:55,4850.0,4864.25,Put DEX 2,DEX,-223.853,,7700.0
2025-05-21 09:16:55,4850.0,4864.25,Put GEX 2,GEX,-66017.258,,7700.0
2025-05-21 09:16:55,4900.0,4914.25,Put DEX 5,DEX,-40.16,,7700.0
2025-05-21 09:16:55,5000.0,5014.75,Call DEX 2,DEX,762.62,,7700.0
2025-05-21 09:16:55,5200.0,5215.25,Put DEX 4,DEX,-55.425,,7700.0
2025-05-21 09:16:55,5200.0,5215.25,Put GEX 4,GEX,-41538.8,,7700.0
2025-05-21 09:16:55,5300.0,5315.5,Put GEX 5,GEX,-26981.748,,7700.0
2025-05-21 09:16:55,5310.0,5325.5,Put DEX 3,DEX,-85.684,,7700.0
2025-05-21 09:16:55,5310.0,5325.5,Put GEX 3,GEX,-46074.494,,7700.0
2025-05-21 09:16:55,5700.0,5716.75,Call DEX 4,DEX,120.09,,7700.0
2025-05-21 09:16:55,5905.0,5922.25,Call DEX 3,DEX,140.429,,7700.0
2025-05-21 09:16:55,5905.0,5922.25,Call GEX 3,GEX,133194.613,,7700.0
2025-05-21 09:16:55,6000.0,6017.5,Call GEX 1,GEX,239101.907,,7700.0
2025-05-21 09:16:55,6050.0,6067.75,Call GEX 5,GEX,94192.972,,7700.0
2025-05-21 09:16:55,6100.0,6118.0,Call DEX 5,DEX,119.819,,7700.0
2025-05-21 09:16:55,6100.0,6118.0,Call GEX 2,GEX,216996.716,,7700.0
2025-05-21 09:16:55,6200.0,6218.25,Call GEX 4,GEX,114275.272,,7700.0
2025-05-21 09:16:55,9600.0,9628.25,Put CEX 5,CEX,0.0,,7700.0
2025-05-21 09:16:55,9600.0,9628.25,Put VEX 5,VEX,0.0,,7700.0
2025-05-21 09:16:55,10000.0,10029.25,Put CEX 4,CEX,0.0,,7700.0
2025-05-21 09:16:55,10000.0,10029.25,Put VEX 4,VEX,0.0,,7700.0
2025-05-21 09:16:55,10100.0,10129.5,Put CEX 3,CEX,0.0,,7700.0
2025-05-21 09:16:55,10100.0,10129.5,Put VEX 3,VEX,0.0,,7700.0
2025-05-21 09:16:55,10200.0,10230.0,Put CEX 2,CEX,0.0,,7700.0
2025-05-21 09:16:55,10200.0,10230.0,Put VEX 2,VEX,0.0,,7700.0
2025-05-21 09:16:55,10400.0,10430.5,Put CEX 1,CEX,0.0,,7700.0
2025-05-21 09:16:55,10400.0,10430.5,Put VEX 1,VEX,0.0,,7700.0
2025-05-21 09:16:55,12000.0,12035.25,Call CEX 1,CEX,0.0,,7700.0
2025-05-21 09:16:55,12000.0,12035.25,Call VEX 1,VEX,0.0,,7700.0
2025-05-21 09:18:14,200.0,200.5,Call CEX 2,CEX,0.0,,7700.0
2025-05-21 09:18:14,200.0,200.5,Call VEX 2,VEX,0.0,,7700.0
2025-05-21 09:18:14,400.0,401.25,Call CEX 3,CEX,0.0,,7700.0
2025-05-21 09:18:14,400.0,401.25,Call VEX 3,VEX,0.0,,7700.0
2025-05-21 09:18:14,600.0,601.75,Call CEX 4,CEX,0.0,,7700.0
2025-05-21 09:18:14,600.0,601.75,Call VEX 4,VEX,0.0,,7700.0
2025-05-21 09:18:14,800.0,802.25,Call CEX 5,CEX,0.0,,7700.0
2025-05-21 09:18:14,800.0,802.25,Call VEX 5,VEX,0.0,,7700.0
2025-05-21 09:18:14,4000.0,4011.5,Call DEX 1,DEX,891.076,,7700.0
2025-05-21 09:18:14,4800.0,4813.75,Put DEX 1,DEX,-261.414,,7700.0
2025-05-21 09:18:14,4800.0,4813.75,Put GEX 1,GEX,-75842.521,,7700.0
2025-05-21 09:18:14,4850.0,4864.0,Put DEX 2,DEX,-223.845,,7700.0
2025-05-21 09:18:14,4850.0,4864.0,Put GEX 2,GEX,-66029.383,,7700.0
2025-05-21 09:18:14,4900.0,4914.0,Put DEX 5,DEX,-40.162,,7700.0
2025-05-21 09:18:14,5000.0,5014.25,Call DEX 2,DEX,761.708,,7700.0
2025-05-21 09:18:14,5200.0,5215.0,Put DEX 4,DEX,-55.47,,7700.0
2025-05-21 09:18:14,5200.0,5215.0,Put GEX 4,GEX,-41583.651,,7700.0
2025-05-21 09:18:14,5300.0,5315.25,Put GEX 5,GEX,-27048.528,,7700.0
2025-05-21 09:18:14,5310.0,5325.25,Put DEX 3,DEX,-85.684,,7700.0
2025-05-21 09:18:14,5310.0,5325.25,Put GEX 3,GEX,-46113.216,,7700.0
2025-05-21 09:18:14,5700.0,5716.25,Call DEX 5,DEX,119.774,,7700.0
2025-05-21 09:18:14,5905.0,5922.0,Call DEX 3,DEX,140.36,,7700.0
2025-05-21 09:18:14,5905.0,5922.0,Call GEX 3,GEX,132425.285,,7700.0
2025-05-21 09:18:14,6000.0,6017.25,Call GEX 1,GEX,229322.691,,7700.0
2025-05-21 09:18:14,6050.0,6067.25,Call GEX 5,GEX,93469.32,,7700.0
2025-05-21 09:18:14,6100.0,6117.5,Call DEX 4,DEX,119.868,,7700.0
2025-05-21 09:18:14,6100.0,6117.5,Call GEX 2,GEX,216125.557,,7700.0
2025-05-21 09:18:14,6200.0,6217.75,Call GEX 4,GEX,114008.45,,7700.0
2025-05-21 09:18:14,9600.0,9627.5,Put CEX 5,CEX,0.0,,7700.0
2025-05-21 09:18:14,9600.0,9627.5,Put VEX 5,VEX,0.0,,7700.0
2025-05-21 09:18:14,10000.0,10028.75,Put CEX 4,CEX,0.0,,7700.0
2025-05-21 09:18:14,10000.0,10028.75,Put VEX 4,VEX,0.0,,7700.0
2025-05-21 09:18:14,10100.0,10129.0,Put CEX 3,CEX,0.0,,7700.0
2025-05-21 09:18:14,10100.0,10129.0,Put VEX 3,VEX,0.0,,7700.0
2025-05-21 09:18:14,10200.0,10229.25,Put CEX 2,CEX,0.0,,7700.0
2025-05-21 09:18:14,10200.0,10229.25,Put VEX 2,VEX,0.0,,7700.0
2025-05-21 09:18:14,10400.0,10429.75,Put CEX 1,CEX,0.0,,7700.0
2025-05-21 09:18:14,10400.0,10429.75,Put VEX 1,VEX,0.0,,7700.0
2025-05-21 09:18:14,12000.0,12034.5,Call CEX 1,CEX,0.0,,7700.0
2025-05-21 09:18:14,12000.0,12034.5,Call VEX 1,VEX,0.0,,7700.0
2025-05-21 09:19:33,200.0,200.5,Call CEX 2,CEX,0.0,,7700.0
2025-05-21 09:19:33,200.0,200.5,Call VEX 2,VEX,0.0,,7700.0
2025-05-21 09:19:33,400.0,401.25,Call CEX 3,CEX,0.0,,7700.0
2025-05-21 09:19:33,400.0,401.25,Call VEX 3,VEX,0.0,,7700.0
2025-05-21 09:19:33,600.0,601.75,Call CEX 4,CEX,0.0,,7700.0
2025-05-21 09:19:33,600.0,601.75,Call VEX 4,VEX,0.0,,7700.0
2025-05-21 09:19:33,800.0,802.25,Call CEX 5,CEX,0.0,,7700.0
2025-05-21 09:19:33,800.0,802.25,Call VEX 5,VEX,0.0,,7700.0
2025-05-21 09:19:33,4000.0,4011.75,Call DEX 1,DEX,890.841,,7700.0
2025-05-21 09:19:33,4800.0,4814.0,Put DEX 1,DEX,-261.408,,7700.0
2025-05-21 09:19:33,4800.0,4814.0,Put GEX 1,GEX,-75872.718,,7700.0
2025-05-21 09:19:33,4850.0,4864.25,Put DEX 2,DEX,-223.853,,7700.0
2025-05-21 09:19:33,4850.0,4864.25,Put GEX 2,GEX,-66050.631,,7700.0
2025-05-21 09:19:33,4900.0,4914.25,Put DEX 5,DEX,-40.169,,7700.0
2025-05-21 09:19:33,5000.0,5014.5,Call DEX 2,DEX,761.817,,7700.0
2025-05-21 09:19:33,5200.0,5215.25,Put DEX 4,DEX,-55.472,,7700.0
2025-05-21 09:19:33,5200.0,5215.25,Put GEX 4,GEX,-41596.678,,7700.0
2025-05-21 09:19:33,5300.0,5315.5,Put GEX 5,GEX,-27053.518,,7700.0
2025-05-21 09:19:33,5310.0,5325.5,Put DEX 3,DEX,-85.717,,7700.0
2025-05-21 09:19:33,5310.0,5325.5,Put GEX 3,GEX,-46117.869,,7700.0
2025-05-21 09:19:33,5700.0,5716.75,Call DEX 5,DEX,119.534,,7700.0
2025-05-21 09:19:33,5905.0,5922.25,Call DEX 3,DEX,140.245,,7700.0
2025-05-21 09:19:33,5905.0,5922.25,Call GEX 3,GEX,132885.793,,7700.0
2025-05-21 09:19:33,6000.0,6017.5,Call GEX 1,GEX,235508.74,,7700.0
2025-05-21 09:19:33,6050.0,6067.75,Call GEX 5,GEX,93795.571,,7700.0
2025-05-21 09:19:33,6100.0,6117.75,Call DEX 4,DEX,119.593,,7700.0
2025-05-21 09:19:33,6100.0,6117.75,Call GEX 2,GEX,216130.744,,7700.0
2025-05-21 09:19:33,6200.0,6218.25,Call GEX 4,GEX,113930.865,,7700.0
2025-05-21 09:19:33,9600.0,9628.0,Put CEX 5,CEX,0.0,,7700.0
2025-05-21 09:19:33,9600.0,9628.0,Put VEX 5,VEX,0.0,,7700.0
2025-05-21 09:19:33,10000.0,10029.25,Put CEX 4,CEX,0.0,,7700.0
2025-05-21 09:19:33,10000.0,10029.25,Put VEX 4,VEX,0.0,,7700.0
2025-05-21 09:19:33,10100.0,10129.5,Put CEX 3,CEX,0.0,,7700.0
2025-05-21 09:19:33,10100.0,10129.5,Put VEX 3,VEX,0.0,,7700.0
2025-05-21 09:19:33,10200.0,10229.75,Put CEX 2,CEX,0.0,,7700.0
2025-05-21 09:19:33,10200.0,10229.75,Put VEX 2,VEX,0.0,,7700.0
2025-05-21 09:19:33,10400.0,10430.5,Put CEX 1,CEX,0.0,,7700.0
2025-05-21 09:19:33,10400.0,10430.5,Put VEX 1,VEX,0.0,,7700.0
2025-05-21 09:19:33,12000.0,12035.0,Call CEX 1,CEX,0.0,,7700.0
2025-05-21 09:19:33,12000.0,12035.0,Call VEX 1,VEX,0.0,,7700.0
2025-05-21 09:20:52,200.0,200.5,Call CEX 2,CEX,0.0,,7700.0
2025-05-21 09:20:52,200.0,200.5,Call VEX 2,VEX,0.0,,7700.0
2025-05-21 09:20:52,400.0,401.25,Call CEX 3,CEX,0.0,,7700.0
2025-05-21 09:20:52,400.0,401.25,Call VEX 3,VEX,0.0,,7700.0
2025-05-21 09:20:52,600.0,601.75,Call CEX 4,CEX,0.0,,7700.0
2025-05-21 09:20:52,600.0,601.75,Call VEX 4,VEX,0.0,,7700.0
2025-05-21 09:20:52,800.0,802.25,Call CEX 5,CEX,0.0,,7700.0
2025-05-21 09:20:52,800.0,802.25,Call VEX 5,VEX,0.0,,7700.0
2025-05-21 09:20:52,4000.0,4011.5,Call DEX 1,DEX,890.622,,7700.0
2025-05-21 09:20:52,4800.0,4813.75,Put DEX 1,DEX,-261.39,,7700.0
2025-05-21 09:20:52,4800.0,4813.75,Put GEX 1,GEX,-75935.531,,7700.0
2025-05-21 09:20:52,4850.0,4863.75,Put DEX 2,DEX,-223.833,,7700.0
2025-05-21 09:20:52,4850.0,4863.75,Put GEX 2,GEX,-66107.175,,7700.0
2025-05-21 09:20:52,4900.0,4914.0,Put DEX 5,DEX,-40.149,,7700.0
2025-05-21 09:20:52,5000.0,5014.25,Call DEX 2,DEX,761.992,,7700.0
2025-05-21 09:20:52,5200.0,5214.75,Put DEX 4,DEX,-55.461,,7700.0
2025-05-21 09:20:52,5200.0,5214.75,Put GEX 4,GEX,-41633.208,,7700.0
2025-05-21 09:20:52,5300.0,5315.0,Put GEX 5,GEX,-27163.277,,7700.0
2025-05-21 09:20:52,5310.0,5325.0,Put DEX 3,DEX,-85.782,,7700.0
2025-05-21 09:20:52,5310.0,5325.0,Put GEX 3,GEX,-46231.913,,7700.0
2025-05-21 09:20:52,5700.0,5716.25,Call DEX 4,DEX,119.376,,7700.0
2025-05-21 09:20:52,5905.0,5921.75,Call DEX 3,DEX,140.036,,7700.0
2025-05-21 09:20:52,5905.0,5921.75,Call GEX 3,GEX,133039.931,,7700.0
2025-05-21 09:20:52,6000.0,6017.0,Call GEX 1,GEX,234873.898,,7700.0
2025-05-21 09:20:52,6050.0,6067.25,Call GEX 5,GEX,93408.968,,7700.0
2025-05-21 09:20:52,6100.0,6117.25,Call DEX 5,DEX,119.238,,7700.0
2025-05-21 09:20:52,6100.0,6117.25,Call GEX 2,GEX,214520.862,,7700.0
2025-05-21 09:20:52,6200.0,6217.75,Call GEX 4,GEX,112968.902,,7700.0
2025-05-21 09:20:52,9600.0,9627.25,Put CEX 5,CEX,0.0,,7700.0
2025-05-21 09:20:52,9600.0,9627.25,Put VEX 5,VEX,0.0,,7700.0
2025-05-21 09:20:52,10000.0,10028.5,Put CEX 4,CEX,0.0,,7700.0
2025-05-21 09:20:52,10000.0,10028.5,Put VEX 4,VEX,0.0,,7700.0
2025-05-21 09:20:52,10100.0,10128.75,Put CEX 3,CEX,0.0,,7700.0
2025-05-21 09:20:52,10100.0,10128.75,Put VEX 3,VEX,0.0,,7700.0
2025-05-21 09:20:52,10200.0,10229.0,Put CEX 2,CEX,0.0,,7700.0
2025-05-21 09:20:52,10200.0,10229.0,Put VEX 2,VEX,0.0,,7700.0
2025-05-21 09:20:52,10400.0,10429.5,Put CEX 1,CEX,0.0,,7700.0
2025-05-21 09:20:52,10400.0,10429.5,Put VEX 1,VEX,0.0,,7700.0
2025-05-21 09:20:52,12000.0,12034.25,Call CEX 1,CEX,0.0,,7700.0
2025-05-21 09:20:52,12000.0,12034.25,Call VEX 1,VEX,0.0,,7700.0
2025-05-21 09:22:11,200.0,200.5,Call CEX 2,CEX,0.0,,7700.0
2025-05-21 09:22:11,200.0,200.5,Call VEX 2,VEX,0.0,,7700.0
2025-05-21 09:22:11,400.0,401.25,Call CEX 3,CEX,0.0,,7700.0
2025-05-21 09:22:11,400.0,401.25,Call VEX 3,VEX,0.0,,7700.0
2025-05-21 09:22:11,600.0,601.75,Call CEX 4,CEX,0.0,,7700.0
2025-05-21 09:22:11,600.0,601.75,Call VEX 4,VEX,0.0,,7700.0
2025-05-21 09:22:11,800.0,802.25,Call CEX 5,CEX,0.0,,7700.0
2025-05-21 09:22:11,800.0,802.25,Call VEX 5,VEX,0.0,,7700.0
2025-05-21 09:22:11,4000.0,4011.5,Call DEX 1,DEX,890.399,,7700.0
2025-05-21 09:22:11,4800.0,4814.0,Put DEX 1,DEX,-261.375,,7700.0
2025-05-21 09:22:11,4800.0,4814.0,Put GEX 1,GEX,-76037.085,,7700.0
2025-05-21 09:22:11,4850.0,4864.0,Put DEX 2,DEX,-223.815,,7700.0
2025-05-21 09:22:11,4850.0,4864.0,Put GEX 2,GEX,-66200.757,,7700.0
2025-05-21 09:22:11,4900.0,4914.25,Put DEX 5,DEX,-40.157,,7700.0
2025-05-21 09:22:11,5000.0,5014.5,Call DEX 2,DEX,761.024,,7700.0
2025-05-21 09:22:11,5200.0,5215.0,Put DEX 4,DEX,-55.537,,7700.0
2025-05-21 09:22:11,5200.0,5215.0,Put GEX 4,GEX,-41731.274,,7700.0
2025-05-21 09:22:11,5300.0,5315.25,Put GEX 5,GEX,-27416.942,,7700.0
2025-05-21 09:22:11,5310.0,5325.5,Put DEX 3,DEX,-85.736,,7700.0
2025-05-21 09:22:11,5310.0,5325.5,Put GEX 3,GEX,-46285.469,,7700.0
2025-05-21 09:22:11,5700.0,5716.5,Call DEX 5,DEX,118.46,,7700.0
2025-05-21 09:22:11,5905.0,5922.0,Call DEX 3,DEX,139.585,,7700.0
2025-05-21 09:22:11,5905.0,5922.0,Call GEX 3,GEX,132433.534,,7700.0
2025-05-21 09:22:11,6000.0,6017.5,Call GEX 1,GEX,228916.163,,7700.0
2025-05-21 09:22:11,6050.0,6067.5,Call GEX 5,GEX,92566.394,,7700.0
2025-05-21 09:22:11,6100.0,6117.75,Call DEX 4,DEX,118.98,,7700.0
2025-05-21 09:22:11,6100.0,6117.75,Call GEX 2,GEX,213779.491,,7700.0
2025-05-21 09:22:11,6200.0,6218.0,Call GEX 4,GEX,112698.236,,7700.0
2025-05-21 09:22:11,9600.0,9627.75,Put CEX 5,CEX,0.0,,7700.0
2025-05-21 09:22:11,9600.0,9627.75,Put VEX 5,VEX,0.0,,7700.0
2025-05-21 09:22:11,10000.0,10029.0,Put CEX 4,CEX,0.0,,7700.0
2025-05-21 09:22:11,10000.0,10029.0,Put VEX 4,VEX,0.0,,7700.0
2025-05-21 09:22:11,10100.0,10129.25,Put CEX 3,CEX,0.0,,7700.0
2025-05-21 09:22:11,10100.0,10129.25,Put VEX 3,VEX,0.0,,7700.0
2025-05-21 09:22:11,10200.0,10229.5,Put CEX 2,CEX,0.0,,7700.0
2025-05-21 09:22:11,10200.0,10229.5,Put VEX 2,VEX,0.0,,7700.0
2025-05-21 09:22:11,10400.0,10430.25,Put CEX 1,CEX,0.0,,7700.0
2025-05-21 09:22:11,10400.0,10430.25,Put VEX 1,VEX,0.0,,7700.0
2025-05-21 09:22:11,12000.0,12034.75,Call CEX 1,CEX,0.0,,7700.0
2025-05-21 09:22:11,12000.0,12034.75,Call VEX 1,VEX,0.0,,7700.0
2025-05-21 09:23:29,200.0,200.5,Call CEX 2,CEX,0.0,,7700.0
2025-05-21 09:23:29,200.0,200.5,Call VEX 2,VEX,0.0,,7700.0
2025-05-21 09:23:29,400.0,401.25,Call CEX 3,CEX,0.0,,7700.0
2025-05-21 09:23:29,400.0,401.25,Call VEX 3,VEX,0.0,,7700.0
2025-05-21 09:23:29,600.0,601.75,Call CEX 4,CEX,0.0,,7700.0
2025-05-21 09:23:29,600.0,601.75,Call VEX 4,VEX,0.0,,7700.0
2025-05-21 09:23:29,800.0,802.25,Call CEX 5,CEX,0.0,,7700.0
2025-05-21 09:23:29,800.0,802.25,Call VEX 5,VEX,0.0,,7700.0
2025-05-21 09:23:29,4000.0,4011.5,Call DEX 1,DEX,890.745,,7700.0
2025-05-21 09:23:29,4800.0,4814.0,Put DEX 1,DEX,-261.388,,7700.0
2025-05-21 09:23:29,4800.0,4814.0,Put GEX 1,GEX,-75978.697,,7700.0
2025-05-21 09:23:29,4850.0,4864.0,Put DEX 2,DEX,-223.821,,7700.0
2025-05-21 09:23:29,4850.0,4864.0,Put GEX 2,GEX,-66155.949,,7700.0
2025-05-21 09:23:29,4900.0,4914.25,Put DEX 5,DEX,-40.147,,7700.0
2025-05-21 09:23:29,5000.0,5014.5,Call DEX 2,DEX,761.785,,7700.0
2025-05-21 09:23:29,5200.0,5215.0,Put DEX 4,DEX,-55.488,,7700.0
2025-05-21 09:23:29,5200.0,5215.0,Put GEX 4,GEX,-41663.88,,7700.0
2025-05-21 09:23:29,5300.0,5315.5,Put GEX 5,GEX,-27064.001,,7700.0
2025-05-21 09:23:29,5310.0,5325.5,Put DEX 3,DEX,-85.744,,7700.0
2025-05-21 09:23:29,5310.0,5325.5,Put GEX 3,GEX,-46208.898,,7700.0
2025-05-21 09:23:29,5700.0,5716.5,Call DEX 5,DEX,118.927,,7700.0
2025-05-21 09:23:29,5905.0,5922.25,Call DEX 3,DEX,139.815,,7700.0
2025-05-21 09:23:29,5905.0,5922.25,Call GEX 3,GEX,133258.876,,7700.0
2025-05-21 09:23:29,6000.0,6017.5,Call GEX 1,GEX,239260.034,,7700.0
2025-05-21 09:23:29,6050.0,6067.5,Call GEX 5,GEX,93541.716,,7700.0
2025-05-21 09:23:29,6100.0,6117.75,Call DEX 4,DEX,119.089,,7700.0
2025-05-21 09:23:29,6100.0,6117.75,Call GEX 2,GEX,214964.409,,7700.0
2025-05-21 09:23:29,6200.0,6218.0,Call GEX 4,GEX,113162.718,,7700.0
2025-05-21 09:23:29,9600.0,9627.75,Put CEX 5,CEX,0.0,,7700.0
2025-05-21 09:23:29,9600.0,9627.75,Put VEX 5,VEX,0.0,,7700.0
2025-05-21 09:23:29,10000.0,10029.0,Put CEX 4,CEX,0.0,,7700.0
2025-05-21 09:23:29,10000.0,10029.0,Put VEX 4,VEX,0.0,,7700.0
2025-05-21 09:23:29,10100.0,10129.25,Put CEX 3,CEX,0.0,,7700.0
2025-05-21 09:23:29,10100.0,10129.25,Put VEX 3,VEX,0.0,,7700.0
2025-05-21 09:23:29,10200.0,10229.5,Put CEX 2,CEX,0.0,,7700.0
2025-05-21 09:23:29,10200.0,10229.5,Put VEX 2,VEX,0.0,,7700.0
2025-05-21 09:23:29,10400.0,10430.25,Put CEX 1,CEX,0.0,,7700.0
2025-05-21 09:23:29,10400.0,10430.25,Put VEX 1,VEX,0.0,,7700.0
2025-05-21 09:23:29,12000.0,12034.75,Call CEX 1,CEX,0.0,,7700.0
2025-05-21 09:23:29,12000.0,12034.75,Call VEX 1,VEX,0.0,,7700.0
2025-05-21 09:24:47,200.0,200.5,Call CEX 2,CEX,0.0,,7700.0
2025-05-21 09:24:47,200.0,200.5,Call VEX 2,VEX,0.0,,7700.0
2025-05-21 09:24:47,400.0,401.25,Call CEX 3,CEX,0.0,,7700.0
2025-05-21 09:24:47,400.0,401.25,Call VEX 3,VEX,0.0,,7700.0
2025-05-21 09:24:47,600.0,601.75,Call CEX 4,CEX,0.0,,7700.0
2025-05-21 09:24:47,600.0,601.75,Call VEX 4,VEX,0.0,,7700.0
2025-05-21 09:24:47,800.0,802.25,Call CEX 5,CEX,0.0,,7700.0
2025-05-21 09:24:47,800.0,802.25,Call VEX 5,VEX,0.0,,7700.0
2025-05-21 09:24:47,4000.0,4011.5,Call DEX 1,DEX,890.17,,7700.0
2025-05-21 09:24:47,4800.0,4813.75,Put DEX 1,DEX,-261.341,,7700.0
2025-05-21 09:24:47,4800.0,4813.75,Put GEX 1,GEX,-76092.658,,7700.0
2025-05-21 09:24:47,4850.0,4864.0,Put DEX 2,DEX,-223.793,,7700.0
2025-05-21 09:24:47,4850.0,4864.0,Put GEX 2,GEX,-66256.803,,7700.0
2025-05-21 09:24:47,4900.0,4914.0,Put DEX 5,DEX,-40.17,,7700.0
2025-05-21 09:24:47,5000.0,5014.5,Call DEX 2,DEX,759.794,,7700.0
2025-05-21 09:24:47,5200.0,5215.0,Put DEX 4,DEX,-55.588,,7700.0
2025-05-21 09:24:47,5200.0,5215.0,Put GEX 4,GEX,-41809.281,,7700.0
2025-05-21 09:24:47,5300.0,5315.25,Put GEX 5,GEX,-27254.237,,7700.0
2025-05-21 09:24:47,5310.0,5325.25,Put DEX 3,DEX,-85.754,,7700.0
2025-05-21 09:24:47,5310.0,5325.25,Put GEX 3,GEX,-46363.234,,7700.0
2025-05-21 09:24:47,5700.0,5716.5,Call DEX 5,DEX,117.986,,7700.0
2025-05-21 09:24:47,5905.0,5922.0,Call DEX 3,DEX,139.318,,7700.0
2025-05-21 09:24:47,5905.0,5922.0,Call GEX 3,GEX,131332.542,,7700.0
2025-05-21 09:24:47,6000.0,6017.25,Call GEX 1,GEX,216742.288,,7700.0
2025-05-21 09:24:47,6050.0,6067.5,Call GEX 5,GEX,91431.401,,7700.0
2025-05-21 09:24:47,6100.0,6117.5,Call DEX 4,DEX,118.778,,7700.0
2025-05-21 09:24:47,6100.0,6117.5,Call GEX 2,GEX,211815.318,,7700.0
2025-05-21 09:24:47,6200.0,6217.75,Call GEX 4,GEX,112082.922,,7700.0
2025-05-21 09:24:47,9600.0,9627.5,Put CEX 5,CEX,0.0,,7700.0
2025-05-21 09:24:47,9600.0,9627.5,Put VEX 5,VEX,0.0,,7700.0
2025-05-21 09:24:47,10000.0,10028.75,Put CEX 4,CEX,0.0,,7700.0
2025-05-21 09:24:47,10000.0,10028.75,Put VEX 4,VEX,0.0,,7700.0
2025-05-21 09:24:47,10100.0,10129.0,Put CEX 3,CEX,0.0,,7700.0
2025-05-21 09:24:47,10100.0,10129.0,Put VEX 3,VEX,0.0,,7700.0
2025-05-21 09:24:47,10200.0,10229.25,Put CEX 2,CEX,0.0,,7700.0
2025-05-21 09:24:47,10200.0,10229.25,Put VEX 2,VEX,0.0,,7700.0
2025-05-21 09:24:47,10400.0,10430.0,Put CEX 1,CEX,0.0,,7700.0
2025-05-21 09:24:47,10400.0,10430.0,Put VEX 1,VEX,0.0,,7700.0
2025-05-21 09:24:47,12000.0,12034.5,Call CEX 1,CEX,0.0,,7700.0
2025-05-21 09:24:47,12000.0,12034.5,Call VEX 1,VEX,0.0,,7700.0
2025-05-21 09:26:07,200.0,200.5,Call CEX 2,CEX,0.0,,7700.0
2025-05-21 09:26:07,200.0,200.5,Call VEX 2,VEX,0.0,,7700.0
2025-05-21 09:26:07,400.0,401.25,Call CEX 3,CEX,0.0,,7700.0
2025-05-21 09:26:07,400.0,401.25,Call VEX 3,VEX,0.0,,7700.0
2025-05-21 09:26:07,600.0,601.75,Call CEX 4,CEX,0.0,,7700.0
2025-05-21 09:26:07,600.0,601.75,Call VEX 4,VEX,0.0,,7700.0
2025-05-21 09:26:07,800.0,802.5,Call CEX 5,CEX,0.0,,7700.0
2025-05-21 09:26:07,800.0,802.5,Call VEX 5,VEX,0.0,,7700.0
2025-05-21 09:26:07,4000.0,4012.0,Call DEX 1,DEX,890.778,,7700.0
2025-05-21 09:26:07,4800.0,4814.5,Put DEX 1,DEX,-261.347,,7700.0
2025-05-21 09:26:07,4800.0,4814.5,Put GEX 1,GEX,-75999.602,,7700.0
2025-05-21 09:26:07,4850.0,4864.75,Put DEX 2,DEX,-223.804,,7700.0
2025-05-21 09:26:07,4850.0,4864.75,Put GEX 2,GEX,-66176.789,,7700.0
2025-05-21 09:26:07,4900.0,4914.75,Put DEX 5,DEX,-40.17,,7700.0
2025-05-21 09:26:07,5000.0,5015.25,Call DEX 2,DEX,760.184,,7700.0
2025-05-21 09:26:07,5200.0,5215.75,Put DEX 4,DEX,-55.558,,7700.0
2025-05-21 09:26:07,5200.0,5215.75,Put GEX 4,GEX,-41743.745,,7700.0
2025-05-21 09:26:07,5300.0,5316.0,Put GEX 5,GEX,-27394.397,,7700.0
2025-05-21 09:26:07,5310.0,5326.0,Put DEX 3,DEX,-85.735,,7700.0
2025-05-21 09:26:07,5310.0,5326.0,Put GEX 3,GEX,-46279.097,,7700.0
2025-05-21 09:26:07,5700.0,5717.25,Call DEX 5,DEX,118.414,,7700.0
2025-05-21 09:26:07,5905.0,5923.0,Call DEX 3,DEX,139.686,,7700.0
2025-05-21 09:26:07,5905.0,5923.0,Call GEX 3,GEX,131958.305,,7700.0
2025-05-21 09:26:07,6000.0,6018.25,Call GEX 1,GEX,222648.056,,7700.0
2025-05-21 09:26:07,6050.0,6068.25,Call GEX 5,GEX,92294.341,,7700.0
2025-05-21 09:26:07,6100.0,6118.5,Call DEX 4,DEX,119.109,,7700.0
2025-05-21 09:26:07,6100.0,6118.5,Call GEX 2,GEX,213306.722,,7700.0
2025-05-21 09:26:07,6200.0,6218.75,Call GEX 4,GEX,112752.027,,7700.0
2025-05-21 09:26:07,9600.0,9629.0,Put CEX 5,CEX,0.0,,7700.0
2025-05-21 09:26:07,9600.0,9629.0,Put VEX 5,VEX,0.0,,7700.0
2025-05-21 09:26:07,10000.0,10030.25,Put CEX 4,CEX,0.0,,7700.0
2025-05-21 09:26:07,10000.0,10030.25,Put VEX 4,VEX,0.0,,7700.0
2025-05-21 09:26:07,10100.0,10130.5,Put CEX 3,CEX,0.0,,7700.0
2025-05-21 09:26:07,10100.0,10130.5,Put VEX 3,VEX,0.0,,7700.0
2025-05-21 09:26:07,10200.0,10231.0,Put CEX 2,CEX,0.0,,7700.0
2025-05-21 09:26:07,10200.0,10231.0,Put VEX 2,VEX,0.0,,7700.0
2025-05-21 09:26:07,10400.0,10431.5,Put CEX 1,CEX,0.0,,7700.0
2025-05-21 09:26:07,10400.0,10431.5,Put VEX 1,VEX,0.0,,7700.0
2025-05-21 09:26:07,12000.0,12036.25,Call CEX 1,CEX,0.0,,7700.0
2025-05-21 09:26:07,12000.0,12036.25,Call VEX 1,VEX,0.0,,7700.0
2025-05-21 09:27:25,200.0,200.5,Call CEX 2,CEX,0.0,,7700.0
2025-05-21 09:27:25,200.0,200.5,Call VEX 2,VEX,0.0,,7700.0
2025-05-21 09:27:25,400.0,401.25,Call CEX 3,CEX,0.0,,7700.0
2025-05-21 09:27:25,400.0,401.25,Call VEX 3,VEX,0.0,,7700.0
2025-05-21 09:27:25,600.0,601.75,Call CEX 4,CEX,0.0,,7700.0
2025-05-21 09:27:25,600.0,601.75,Call VEX 4,VEX,0.0,,7700.0
2025-05-21 09:27:25,800.0,802.25,Call CEX 5,CEX,0.0,,7700.0
2025-05-21 09:27:25,800.0,802.25,Call VEX 5,VEX,0.0,,7700.0
2025-05-21 09:27:25,4000.0,4011.75,Call DEX 1,DEX,890.599,,7700.0
2025-05-21 09:27:25,4800.0,4814.0,Put DEX 1,DEX,-261.38,,7700.0
2025-05-21 09:27:25,4800.0,4814.0,Put GEX 1,GEX,-75947.535,,7700.0
2025-05-21 09:27:25,4850.0,4864.25,Put DEX 2,DEX,-223.83,,7700.0
2025-05-21 09:27:25,4850.0,4864.25,Put GEX 2,GEX,-66120.385,,7700.0
2025-05-21 09:27:25,4900.0,4914.25,Put DEX 5,DEX,-40.145,,7700.0
2025-05-21 09:27:25,5000.0,5014.5,Call DEX 2,DEX,762.501,,7700.0
2025-05-21 09:27:25,5200.0,5215.25,Put DEX 4,DEX,-55.422,,7700.0
2025-05-21 09:27:25,5200.0,5215.25,Put GEX 4,GEX,-41601.485,,7700.0
2025-05-21 09:27:25,5300.0,5315.5,Put GEX 5,GEX,-27004.907,,7700.0
2025-05-21 09:27:25,5310.0,5325.5,Put DEX 3,DEX,-85.711,,7700.0
2025-05-21 09:27:25,5310.0,5325.5,Put GEX 3,GEX,-46169.924,,7700.0
2025-05-21 09:27:25,5700.0,5716.5,Call DEX 4,DEX,119.466,,7700.0
2025-05-21 09:27:25,5905.0,5922.25,Call DEX 3,DEX,139.984,,7700.0
2025-05-21 09:27:25,5905.0,5922.25,Call GEX 3,GEX,133593.967,,7700.0
2025-05-21 09:27:25,6000.0,6017.5,Call GEX 1,GEX,238200.041,,7700.0
2025-05-21 09:27:25,6050.0,6067.75,Call GEX 5,GEX,93779.393,,7700.0
2025-05-21 09:27:25,6100.0,6117.75,Call DEX 5,DEX,119.252,,7700.0
2025-05-21 09:27:25,6100.0,6117.75,Call GEX 2,GEX,215879.172,,7700.0
2025-05-21 09:27:25,6200.0,6218.0,Call GEX 4,GEX,113539.912,,7700.0
2025-05-21 09:27:25,9600.0,9628.0,Put CEX 5,CEX,0.0,,7700.0
2025-05-21 09:27:25,9600.0,9628.0,Put VEX 5,VEX,0.0,,7700.0
2025-05-21 09:27:25,10000.0,10029.25,Put CEX 4,CEX,0.0,,7700.0
2025-05-21 09:27:25,10000.0,10029.25,Put VEX 4,VEX,0.0,,7700.0
2025-05-21 09:27:25,10100.0,10129.5,Put CEX 3,CEX,0.0,,7700.0
2025-05-21 09:27:25,10100.0,10129.5,Put VEX 3,VEX,0.0,,7700.0
2025-05-21 09:27:25,10200.0,10229.75,Put CEX 2,CEX,0.0,,7700.0
2025-05-21 09:27:25,10200.0,10229.75,Put VEX 2,VEX,0.0,,7700.0
2025-05-21 09:27:25,10400.0,10430.25,Put CEX 1,CEX,0.0,,7700.0
2025-05-21 09:27:25,10400.0,10430.25,Put VEX 1,VEX,0.0,,7700.0
2025-05-21 09:27:25,12000.0,12035.0,Call CEX 1,CEX,0.0,,7700.0
2025-05-21 09:27:25,12000.0,12035.0,Call VEX 1,VEX,0.0,,7700.0
2025-05-21 09:28:45,200.0,200.5,Call CEX 2,CEX,0.0,,7700.0
2025-05-21 09:28:45,200.0,200.5,Call VEX 2,VEX,0.0,,7700.0
2025-05-21 09:28:45,400.0,401.25,Call CEX 3,CEX,0.0,,7700.0
2025-05-21 09:28:45,400.0,401.25,Call VEX 3,VEX,0.0,,7700.0
2025-05-21 09:28:45,600.0,601.75,Call CEX 4,CEX,0.0,,7700.0
2025-05-21 09:28:45,600.0,601.75,Call VEX 4,VEX,0.0,,7700.0
2025-05-21 09:28:45,800.0,802.25,Call CEX 5,CEX,0.0,,7700.0
2025-05-21 09:28:45,800.0,802.25,Call VEX 5,VEX,0.0,,7700.0
2025-05-21 09:28:45,4000.0,4011.5,Call DEX 1,DEX,890.026,,7700.0
2025-05-21 09:28:45,4800.0,4813.75,Put DEX 1,DEX,-261.365,,7700.0
2025-05-21 09:28:45,4800.0,4813.75,Put GEX 1,GEX,-76052.703,,7700.0
2025-05-21 09:28:45,4850.0,4863.75,Put DEX 2,DEX,-223.807,,7700.0
2025-05-21 09:28:45,4850.0,4863.75,Put GEX 2,GEX,-66211.811,,7700.0
2025-05-21 09:28:45,4900.0,4914.0,Put DEX 5,DEX,-40.169,,7700.0
2025-05-21 09:28:45,5000.0,5014.25,Call DEX 2,DEX,760.15,,7700.0
2025-05-21 09:28:45,5200.0,5214.75,Put DEX 4,DEX,-55.56,,7700.0
2025-05-21 09:28:45,5200.0,5214.75,Put GEX 4,GEX,-41775.118,,7700.0
2025-05-21 09:28:45,5300.0,5315.25,Put GEX 5,GEX,-27212.323,,7700.0
2025-05-21 09:28:45,5310.0,5325.25,Put DEX 3,DEX,-85.75,,7700.0
2025-05-21 09:28:45,5310.0,5325.25,Put GEX 3,GEX,-46307.466,,7700.0
2025-05-21 09:28:45,5700.0,5716.25,Call DEX 5,DEX,118.188,,7700.0
2025-05-21 09:28:45,5905.0,5922.0,Call DEX 3,DEX,139.543,,7700.0
2025-05-21 09:28:45,5905.0,5922.0,Call GEX 3,GEX,132146.266,,7700.0
2025-05-21 09:28:45,6000.0,6017.25,Call GEX 1,GEX,224920.912,,7700.0
2025-05-21 09:28:45,6050.0,6067.25,Call GEX 5,GEX,92412.396,,7700.0
2025-05-21 09:28:45,6100.0,6117.5,Call DEX 4,DEX,118.833,,7700.0
2025-05-21 09:28:45,6100.0,6117.5,Call GEX 2,GEX,213147.508,,7700.0
2025-05-21 09:28:45,6200.0,6217.75,Call GEX 4,GEX,112537.228,,7700.0
2025-05-21 09:28:45,9600.0,9627.5,Put CEX 5,CEX,0.0,,7700.0
2025-05-21 09:28:45,9600.0,9627.5,Put VEX 5,VEX,0.0,,7700.0
2025-05-21 09:28:45,10000.0,10028.5,Put CEX 4,CEX,0.0,,7700.0
2025-05-21 09:28:45,10000.0,10028.5,Put VEX 4,VEX,0.0,,7700.0
2025-05-21 09:28:45,10100.0,10129.0,Put CEX 3,CEX,0.0,,7700.0
2025-05-21 09:28:45,10100.0,10129.0,Put VEX 3,VEX,0.0,,7700.0
2025-05-21 09:28:45,10200.0,10229.25,Put CEX 2,CEX,0.0,,7700.0
2025-05-21 09:28:45,10200.0,10229.25,Put VEX 2,VEX,0.0,,7700.0
2025-05-21 09:28:45,10400.0,10429.75,Put CEX 1,CEX,0.0,,7700.0
2025-05-21 09:28:45,10400.0,10429.75,Put VEX 1,VEX,0.0,,7700.0
2025-05-21 09:28:45,12000.0,12034.25,Call CEX 1,CEX,0.0,,7700.0
2025-05-21 09:28:45,12000.0,12034.25,Call VEX 1,VEX,0.0,,7700.0
2025-05-21 09:30:04,200.0,200.5,Call CEX 2,CEX,0.0,,7700.0
2025-05-21 09:30:04,200.0,200.5,Call VEX 2,VEX,0.0,,7700.0
2025-05-21 09:30:04,400.0,401.25,Call CEX 3,CEX,0.0,,7700.0
2025-05-21 09:30:04,400.0,401.25,Call VEX 3,VEX,0.0,,7700.0
2025-05-21 09:30:04,600.0,601.75,Call CEX 4,CEX,0.0,,7700.0
2025-05-21 09:30:04,600.0,601.75,Call VEX 4,VEX,0.0,,7700.0
2025-05-21 09:30:04,800.0,802.25,Call CEX 5,CEX,0.0,,7700.0
2025-05-21 09:30:04,800.0,802.25,Call VEX 5,VEX,0.0,,7700.0
2025-05-21 09:30:04,4000.0,4011.75,Call DEX 1,DEX,890.324,,7700.0
2025-05-21 09:30:04,4800.0,4814.0,Put DEX 1,DEX,-261.37,,7700.0
2025-05-21 09:30:04,4800.0,4814.0,Put GEX 1,GEX,-76004.404,,7700.0
2025-05-21 09:30:04,4850.0,4864.25,Put DEX 2,DEX,-223.818,,7700.0
2025-05-21 09:30:04,4850.0,4864.25,Put GEX 2,GEX,-66170.332,,7700.0
2025-05-21 09:30:04,4900.0,4914.25,Put DEX 5,DEX,-40.161,,7700.0
2025-05-21 09:30:04,5000.0,5014.5,Call DEX 2,DEX,761.018,,7700.0
2025-05-21 09:30:04,5200.0,5215.25,Put DEX 4,DEX,-55.518,,7700.0
2025-05-21 09:30:04,5200.0,5215.25,Put GEX 4,GEX,-41708.237,,7700.0
2025-05-21 09:30:04,5300.0,5315.5,Put GEX 5,GEX,-27135.602,,7700.0
2025-05-21 09:30:04,5310.0,5325.5,Put DEX 3,DEX,-85.715,,7700.0
2025-05-21 09:30:04,5310.0,5325.5,Put GEX 3,GEX,-46258.392,,7700.0
2025-05-21 09:30:04,5700.0,5716.75,Call DEX 5,DEX,118.802,,7700.0
2025-05-21 09:30:04,5905.0,5922.25,Call DEX 3,DEX,139.701,,7700.0
2025-05-21 09:30:04,5905.0,5922.25,Call GEX 3,GEX,131919.925,,7700.0
2025-05-21 09:30:04,6000.0,6017.5,Call GEX 1,GEX,223953.586,,7700.0
2025-05-21 09:30:04,6050.0,6067.75,Call GEX 5,GEX,92451.037,,7700.0
2025-05-21 09:30:04,6100.0,6117.75,Call DEX 4,DEX,119.131,,7700.0
2025-05-21 09:30:04,6100.0,6117.75,Call GEX 2,GEX,213852.619,,7700.0
2025-05-21 09:30:04,6200.0,6218.0,Call GEX 4,GEX,112905.708,,7700.0
2025-05-21 09:30:04,9600.0,9628.0,Put CEX 5,CEX,0.0,,7700.0
2025-05-21 09:30:04,9600.0,9628.0,Put VEX 5,VEX,0.0,,7700.0
2025-05-21 09:30:04,10000.0,10029.25,Put CEX 4,CEX,0.0,,7700.0
2025-05-21 09:30:04,10000.0,10029.25,Put VEX 4,VEX,0.0,,7700.0
2025-05-21 09:30:04,10100.0,10129.5,Put CEX 3,CEX,0.0,,7700.0
2025-05-21 09:30:04,10100.0,10129.5,Put VEX 3,VEX,0.0,,7700.0
2025-05-21 09:30:04,10200.0,10229.75,Put CEX 2,CEX,0.0,,7700.0
2025-05-21 09:30:04,10200.0,10229.75,Put VEX 2,VEX,0.0,,7700.0
2025-05-21 09:30:04,10400.0,10430.5,Put CEX 1,CEX,0.0,,7700.0
2025-05-21 09:30:04,10400.0,10430.5,Put VEX 1,VEX,0.0,,7700.0
2025-05-21 09:30:04,12000.0,12035.0,Call CEX 1,CEX,0.0,,7700.0
2025-05-21 09:30:04,12000.0,12035.0,Call VEX 1,VEX,0.0,,7700.0
2025-05-21 09:31:23,200.0,200.5,Call CEX 2,CEX,0.0,,7700.0
2025-05-21 09:31:23,200.0,200.5,Call VEX 2,VEX,0.0,,7700.0
2025-05-21 09:31:23,400.0,401.25,Call CEX 3,CEX,0.0,,7700.0
2025-05-21 09:31:23,400.0,401.25,Call VEX 3,VEX,0.0,,7700.0
2025-05-21 09:31:23,600.0,601.75,Call CEX 4,CEX,0.0,,7700.0
2025-05-21 09:31:23,600.0,601.75,Call VEX 4,VEX,0.0,,7700.0
2025-05-21 09:31:23,800.0,802.25,Call CEX 5,CEX,0.0,,7700.0
2025-05-21 09:31:23,800.0,802.25,Call VEX 5,VEX,0.0,,7700.0
2025-05-21 09:31:23,4000.0,4011.75,Call DEX 1,DEX,890.559,,7700.0
2025-05-21 09:31:23,4800.0,4814.0,Put DEX 1,DEX,-261.394,,7700.0
2025-05-21 09:31:23,4800.0,4814.0,Put GEX 1,GEX,-75947.927,,7700.0
2025-05-21 09:31:23,4850.0,4864.25,Put DEX 2,DEX,-223.817,,7700.0
2025-05-21 09:31:23,4850.0,4864.25,Put GEX 2,GEX,-66116.921,,7700.0
2025-05-21 09:31:23,4900.0,4914.5,Put DEX 5,DEX,-40.176,,7700.0
2025-05-21 09:31:23,5000.0,5014.75,Call DEX 2,DEX,758.877,,7700.0
2025-05-21 09:31:23,5200.0,5215.25,Put DEX 4,DEX,-55.645,,7700.0
2025-05-21 09:31:23,5200.0,5215.25,Put GEX 4,GEX,-41784.134,,7700.0
2025-05-21 09:31:23,5300.0,5315.5,Put GEX 5,GEX,-27319.294,,7700.0
2025-05-21 09:31:23,5310.0,5325.5,Put DEX 3,DEX,-85.719,,7700.0
2025-05-21 09:31:23,5310.0,5325.5,Put GEX 3,GEX,-46268.112,,7700.0
2025-05-21 09:31:23,5700.0,5716.75,Call DEX 5,DEX,118.482,,7700.0
2025-05-21 09:31:23,5905.0,5922.25,Call DEX 3,DEX,139.906,,7700.0
2025-05-21 09:31:23,5905.0,5922.25,Call GEX 3,GEX,130045.106,,7700.0
2025-05-21 09:31:23,6000.0,6017.5,Call GEX 2,GEX,204429.298,,7700.0
2025-05-21 09:31:23,6050.0,6067.75,Call GEX 5,GEX,91097.417,,7700.0
2025-05-21 09:31:23,6100.0,6118.0,Call DEX 4,DEX,119.599,,7700.0
2025-05-21 09:31:23,6100.0,6118.0,Call GEX 1,GEX,212289.512,,7700.0
2025-05-21 09:31:23,6200.0,6218.25,Call GEX 4,GEX,112700.758,,7700.0
2025-05-21 09:31:23,9600.0,9628.25,Put CEX 5,CEX,0.0,,7700.0
2025-05-21 09:31:23,9600.0,9628.25,Put VEX 5,VEX,0.0,,7700.0
2025-05-21 09:31:23,10000.0,10029.25,Put CEX 4,CEX,0.0,,7700.0
2025-05-21 09:31:23,10000.0,10029.25,Put VEX 4,VEX,0.0,,7700.0
2025-05-21 09:31:23,10100.0,10129.75,Put CEX 3,CEX,0.0,,7700.0
2025-05-21 09:31:23,10100.0,10129.75,Put VEX 3,VEX,0.0,,7700.0
2025-05-21 09:31:23,10200.0,10230.0,Put CEX 2,CEX,0.0,,7700.0
2025-05-21 09:31:23,10200.0,10230.0,Put VEX 2,VEX,0.0,,7700.0
2025-05-21 09:31:23,10400.0,10430.5,Put CEX 1,CEX,0.0,,7700.0
2025-05-21 09:31:23,10400.0,10430.5,Put VEX 1,VEX,0.0,,7700.0
2025-05-21 09:31:23,12000.0,12035.25,Call CEX 1,CEX,0.0,,7700.0
2025-05-21 09:31:23,12000.0,12035.25,Call VEX 1,VEX,0.0,,7700.0
2025-05-21 09:32:41,200.0,200.5,Call CEX 2,CEX,0.0,,7700.0
2025-05-21 09:32:41,200.0,200.5,Call VEX 2,VEX,0.0,,7700.0
2025-05-21 09:32:41,400.0,401.25,Call CEX 3,CEX,0.0,,7700.0
2025-05-21 09:32:41,400.0,401.25,Call VEX 3,VEX,0.0,,7700.0
2025-05-21 09:32:41,600.0,601.75,Call CEX 4,CEX,0.0,,7700.0
2025-05-21 09:32:41,600.0,601.75,Call VEX 4,VEX,0.0,,7700.0
2025-05-21 09:32:41,800.0,802.25,Call CEX 5,CEX,0.0,,7700.0
2025-05-21 09:32:41,800.0,802.25,Call VEX 5,VEX,0.0,,7700.0
2025-05-21 09:32:41,4000.0,4011.5,Call DEX 1,DEX,891.632,,7700.0
2025-05-21 09:32:41,4800.0,4814.0,Put DEX 1,DEX,-261.421,,7700.0
2025-05-21 09:32:41,4800.0,4814.0,Put GEX 1,GEX,-75770.986,,7700.0
2025-05-21 09:32:41,4850.0,4864.0,Put DEX 2,DEX,-223.872,,7700.0
2025-05-21 09:32:41,4850.0,4864.0,Put GEX 2,GEX,-65960.864,,7700.0
2025-05-21 09:32:41,4900.0,4914.25,Put DEX 5,DEX,-40.136,,7700.0
2025-05-21 09:32:41,5000.0,5014.5,Call DEX 2,DEX,762.937,,7700.0
2025-05-21 09:32:41,5200.0,5215.0,Put DEX 4,DEX,-55.396,,7700.0
2025-05-21 09:32:41,5200.0,5215.0,Put GEX 4,GEX,-41487.403,,7700.0
2025-05-21 09:32:41,5300.0,5315.25,Put GEX 5,GEX,-26950.64,,7700.0
2025-05-21 09:32:41,5310.0,5325.25,Put DEX 3,DEX,-85.674,,7700.0
2025-05-21 09:32:41,5310.0,5325.25,Put GEX 3,GEX,-46021.79,,7700.0
2025-05-21 09:32:41,5700.0,5716.5,Call DEX 4,DEX,120.419,,7700.0
2025-05-21 09:32:41,5905.0,5922.0,Call DEX 3,DEX,140.625,,7700.0
2025-05-21 09:32:41,5905.0,5922.0,Call GEX 3,GEX,132735.144,,7700.0
2025-05-21 09:32:41,6000.0,6017.25,Call GEX 1,GEX,235253.44,,7700.0
2025-05-21 09:32:41,6050.0,6067.5,Call GEX 5,GEX,94060.295,,7700.0
2025-05-21 09:32:41,6100.0,6117.75,Call DEX 5,DEX,120.209,,7700.0
2025-05-21 09:32:41,6100.0,6117.75,Call GEX 2,GEX,217456.489,,7700.0
2025-05-21 09:32:41,6200.0,6218.0,Call GEX 4,GEX,114537.725,,7700.0
2025-05-21 09:32:41,9600.0,9627.75,Put CEX 5,CEX,0.0,,7700.0
2025-05-21 09:32:41,9600.0,9627.75,Put VEX 5,VEX,0.0,,7700.0
2025-05-21 09:32:41,10000.0,10029.0,Put CEX 4,CEX,0.0,,7700.0
2025-05-21 09:32:41,10000.0,10029.0,Put VEX 4,VEX,0.0,,7700.0
2025-05-21 09:32:41,10100.0,10129.25,Put CEX 3,CEX,0.0,,7700.0
2025-05-21 09:32:41,10100.0,10129.25,Put VEX 3,VEX,0.0,,7700.0
2025-05-21 09:32:41,10200.0,10229.5,Put CEX 2,CEX,0.0,,7700.0
2025-05-21 09:32:41,10200.0,10229.5,Put VEX 2,VEX,0.0,,7700.0
2025-05-21 09:32:41,10400.0,10430.0,Put CEX 1,CEX,0.0,,7700.0
2025-05-21 09:32:41,10400.0,10430.0,Put VEX 1,VEX,0.0,,7700.0
2025-05-21 09:32:41,12000.0,12034.75,Call CEX 1,CEX,0.0,,7700.0
2025-05-21 09:32:41,12000.0,12034.75,Call VEX 1,VEX,0.0,,7700.0
2025-05-21 09:33:59,200.0,200.5,Call CEX 2,CEX,0.0,,7700.0
2025-05-21 09:33:59,200.0,200.5,Call VEX 2,VEX,0.0,,7700.0
2025-05-21 09:33:59,400.0,401.25,Call CEX 3,CEX,0.0,,7700.0
2025-05-21 09:33:59,400.0,401.25,Call VEX 3,VEX,0.0,,7700.0
2025-05-21 09:33:59,600.0,601.75,Call CEX 4,CEX,0.0,,7700.0
2025-05-21 09:33:59,600.0,601.75,Call VEX 4,VEX,0.0,,7700.0
2025-05-21 09:33:59,800.0,802.25,Call CEX 5,CEX,0.0,,7700.0
2025-05-21 09:33:59,800.0,802.25,Call VEX 5,VEX,0.0,,7700.0
2025-05-21 09:33:59,4000.0,4011.5,Call DEX 1,DEX,891.426,,7700.0
2025-05-21 09:33:59,4800.0,4813.75,Put DEX 1,DEX,-261.427,,7700.0
2025-05-21 09:33:59,4800.0,4813.75,Put GEX 1,GEX,-75775.103,,7700.0
2025-05-21 09:33:59,4850.0,4864.0,Put DEX 2,DEX,-223.87,,7700.0
2025-05-21 09:33:59,4850.0,4864.0,Put GEX 2,GEX,-65966.713,,7700.0
2025-05-21 09:33:59,4900.0,4914.0,Put DEX 5,DEX,-40.156,,7700.0
2025-05-21 09:33:59,5000.0,5014.5,Call DEX 2,DEX,763.065,,7700.0
2025-05-21 09:33:59,5200.0,5215.0,Put DEX 4,DEX,-55.373,,7700.0
2025-05-21 09:33:59,5200.0,5215.0,Put GEX 4,GEX,-41499.354,,7700.0
2025-05-21 09:33:59,5300.0,5315.25,Put GEX 5,GEX,-26947.361,,7700.0
2025-05-21 09:33:59,5310.0,5325.25,Put DEX 3,DEX,-85.603,,7700.0
2025-05-21 09:33:59,5310.0,5325.25,Put GEX 3,GEX,-45983.551,,7700.0
2025-05-21 09:33:59,5700.0,5716.5,Call DEX 4,DEX,120.52,,7700.0
2025-05-21 09:33:59,5905.0,5922.0,Call DEX 3,DEX,140.625,,7700.0
2025-05-21 09:33:59,5905.0,5922.0,Call GEX 3,GEX,132847.521,,7700.0
2025-05-21 09:33:59,6000.0,6017.25,Call GEX 1,GEX,236612.79,,7700.0
2025-05-21 09:33:59,6050.0,6067.5,Call GEX 5,GEX,94150.098,,7700.0
2025-05-21 09:33:59,6100.0,6117.5,Call DEX 5,DEX,120.206,,7700.0
2025-05-21 09:33:59,6100.0,6117.5,Call GEX 2,GEX,217519.854,,7700.0
2025-05-21 09:33:59,6200.0,6217.75,Call GEX 4,GEX,114546.541,,7700.0
2025-05-21 09:33:59,9600.0,9627.5,Put CEX 5,CEX,0.0,,7700.0
2025-05-21 09:33:59,9600.0,9627.5,Put VEX 5,VEX,0.0,,7700.0
2025-05-21 09:33:59,10000.0,10028.75,Put CEX 4,CEX,0.0,,7700.0
2025-05-21 09:33:59,10000.0,10028.75,Put VEX 4,VEX,0.0,,7700.0
2025-05-21 09:33:59,10100.0,10129.0,Put CEX 3,CEX,0.0,,7700.0
2025-05-21 09:33:59,10100.0,10129.0,Put VEX 3,VEX,0.0,,7700.0
2025-05-21 09:33:59,10200.0,10229.25,Put CEX 2,CEX,0.0,,7700.0
2025-05-21 09:33:59,10200.0,10229.25,Put VEX 2,VEX,0.0,,7700.0
2025-05-21 09:33:59,10400.0,10430.0,Put CEX 1,CEX,0.0,,7700.0
2025-05-21 09:33:59,10400.0,10430.0,Put VEX 1,VEX,0.0,,7700.0
2025-05-21 09:33:59,12000.0,12034.5,Call CEX 1,CEX,0.0,,7700.0
2025-05-21 09:33:59,12000.0,12034.5,Call VEX 1,VEX,0.0,,7700.0
2025-05-21 09:35:18,200.0,200.5,Call CEX 2,CEX,0.0,,7700.0
2025-05-21 09:35:18,200.0,200.5,Call VEX 2,VEX,0.0,,7700.0
2025-05-21 09:35:18,400.0,401.25,Call CEX 3,CEX,0.0,,7700.0
2025-05-21 09:35:18,400.0,401.25,Call VEX 3,VEX,0.0,,7700.0
2025-05-21 09:35:18,600.0,601.75,Call CEX 4,CEX,0.0,,7700.0
2025-05-21 09:35:18,600.0,601.75,Call VEX 4,VEX,0.0,,7700.0
2025-05-21 09:35:18,800.0,802.25,Call CEX 5,CEX,0.0,,7700.0
2025-05-21 09:35:18,800.0,802.25,Call VEX 5,VEX,0.0,,7700.0
2025-05-21 09:35:18,4000.0,4011.75,Call DEX 1,DEX,891.008,,7700.0
2025-05-21 09:35:18,4800.0,4814.25,Put DEX 1,DEX,-261.421,,7700.0
2025-05-21 09:35:18,4800.0,4814.25,Put GEX 1,GEX,-75841.883,,7700.0
2025-05-21 09:35:18,4850.0,4864.25,Put DEX 2,DEX,-223.848,,7700.0
2025-05-21 09:35:18,4850.0,4864.25,Put GEX 2,GEX,-66027.618,,7700.0
2025-05-21 09:35:18,4900.0,4914.5,Put DEX 5,DEX,-40.171,,7700.0
2025-05-21 09:35:18,5000.0,5014.75,Call DEX 2,DEX,761.309,,7700.0
2025-05-21 09:35:18,5200.0,5215.25,Put DEX 4,DEX,-55.496,,7700.0
2025-05-21 09:35:18,5200.0,5215.25,Put GEX 4,GEX,-41599.057,,7700.0
2025-05-21 09:35:18,5300.0,5315.5,Put GEX 5,GEX,-27096.933,,7700.0
2025-05-21 09:35:18,5310.0,5325.75,Put DEX 3,DEX,-85.686,,7700.0
2025-05-21 09:35:18,5310.0,5325.75,Put GEX 3,GEX,-46124.78,,7700.0
2025-05-21 09:35:18,5700.0,5716.75,Call DEX 5,DEX,119.651,,7700.0
2025-05-21 09:35:18,5905.0,5922.5,Call DEX 3,DEX,140.327,,7700.0
2025-05-21 09:35:18,5905.0,5922.5,Call GEX 3,GEX,131442.884,,7700.0
2025-05-21 09:35:18,6000.0,6017.75,Call GEX 1,GEX,221001.189,,7700.0
2025-05-21 09:35:18,6050.0,6067.75,Call GEX 5,GEX,92733.406,,7700.0
2025-05-21 09:35:18,6100.0,6118.0,Call DEX 4,DEX,120.026,,7700.0
2025-05-21 09:35:18,6100.0,6118.0,Call GEX 2,GEX,215285.112,,7700.0
2025-05-21 09:35:18,6200.0,6218.25,Call GEX 4,GEX,113763.668,,7700.0
2025-05-21 09:35:18,9600.0,9628.25,Put CEX 5,CEX,0.0,,7700.0
2025-05-21 09:35:18,9600.0,9628.25,Put VEX 5,VEX,0.0,,7700.0
2025-05-21 09:35:18,10000.0,10029.5,Put CEX 4,CEX,0.0,,7700.0
2025-05-21 09:35:18,10000.0,10029.5,Put VEX 4,VEX,0.0,,7700.0
2025-05-21 09:35:18,10100.0,10129.75,Put CEX 3,CEX,0.0,,7700.0
2025-05-21 09:35:18,10100.0,10129.75,Put VEX 3,VEX,0.0,,7700.0
2025-05-21 09:35:18,10200.0,10230.0,Put CEX 2,CEX,0.0,,7700.0
2025-05-21 09:35:18,10200.0,10230.0,Put VEX 2,VEX,0.0,,7700.0
2025-05-21 09:35:18,10400.0,10430.75,Put CEX 1,CEX,0.0,,7700.0
2025-05-21 09:35:18,10400.0,10430.75,Put VEX 1,VEX,0.0,,7700.0
2025-05-21 09:35:18,12000.0,12035.25,Call CEX 1,CEX,0.0,,7700.0
2025-05-21 09:35:18,12000.0,12035.25,Call VEX 1,VEX,0.0,,7700.0
2025-05-21 09:36:37,200.0,200.5,Call CEX 2,CEX,0.0,,7700.0
2025-05-21 09:36:37,200.0,200.5,Call VEX 2,VEX,0.0,,7700.0
2025-05-21 09:36:37,400.0,401.25,Call CEX 3,CEX,0.0,,7700.0
2025-05-21 09:36:37,400.0,401.25,Call VEX 3,VEX,0.0,,7700.0
2025-05-21 09:36:37,600.0,601.75,Call CEX 4,CEX,0.0,,7700.0
2025-05-21 09:36:37,600.0,601.75,Call VEX 4,VEX,0.0,,7700.0
2025-05-21 09:36:37,800.0,802.25,Call CEX 5,CEX,0.0,,7700.0
2025-05-21 09:36:37,800.0,802.25,Call VEX 5,VEX,0.0,,7700.0
2025-05-21 09:36:37,4000.0,4011.75,Call DEX 1,DEX,891.404,,7700.0
2025-05-21 09:36:37,4800.0,4814.0,Put DEX 1,DEX,-261.427,,7700.0
2025-05-21 09:36:37,4800.0,4814.0,Put GEX 1,GEX,-75778.759,,7700.0
2025-05-21 09:36:37,4850.0,4864.25,Put DEX 2,DEX,-223.858,,7700.0
2025-05-21 09:36:37,4850.0,4864.25,Put GEX 2,GEX,-65976.065,,7700.0
2025-05-21 09:36:37,4900.0,4914.5,Put DEX 5,DEX,-40.155,,7700.0
2025-05-21 09:36:37,5000.0,5014.75,Call DEX 2,DEX,761.165,,7700.0
2025-05-21 09:36:37,5200.0,5215.25,Put DEX 4,DEX,-55.501,,7700.0
2025-05-21 09:36:37,5200.0,5215.25,Put GEX 4,GEX,-41573.632,,7700.0
2025-05-21 09:36:37,5300.0,5315.5,Put GEX 5,GEX,-27088.463,,7700.0
2025-05-21 09:36:37,5310.0,5325.5,Put DEX 3,DEX,-85.683,,7700.0
2025-05-21 09:36:37,5310.0,5325.5,Put GEX 3,GEX,-46074.711,,7700.0
2025-05-21 09:36:37,5700.0,5716.75,Call DEX 5,DEX,119.854,,7700.0
2025-05-21 09:36:37,5905.0,5922.25,Call DEX 3,DEX,140.533,,7700.0
2025-05-21 09:36:37,5905.0,5922.25,Call GEX 3,GEX,131155.426,,7700.0
2025-05-21 09:36:37,6000.0,6017.75,Call GEX 1,GEX,221138.49,,7700.0
2025-05-21 09:36:37,6050.0,6067.75,Call GEX 5,GEX,92901.038,,7700.0
2025-05-21 09:36:37,6100.0,6118.0,Call DEX 4,DEX,120.29,,7700.0
2025-05-21 09:36:37,6100.0,6118.0,Call GEX 2,GEX,215743.358,,7700.0
2025-05-21 09:36:37,6200.0,6218.25,Call GEX 4,GEX,114041.026,,7700.0
2025-05-21 09:36:37,9600.0,9628.25,Put CEX 5,CEX,0.0,,7700.0
2025-05-21 09:36:37,9600.0,9628.25,Put VEX 5,VEX,0.0,,7700.0
2025-05-21 09:36:37,10000.0,10029.5,Put CEX 4,CEX,0.0,,7700.0
2025-05-21 09:36:37,10000.0,10029.5,Put VEX 4,VEX,0.0,,7700.0
2025-05-21 09:36:37,10100.0,10129.75,Put CEX 3,CEX,0.0,,7700.0
2025-05-21 09:36:37,10100.0,10129.75,Put VEX 3,VEX,0.0,,7700.0
2025-05-21 09:36:37,10200.0,10230.0,Put CEX 2,CEX,0.0,,7700.0
2025-05-21 09:36:37,10200.0,10230.0,Put VEX 2,VEX,0.0,,7700.0
2025-05-21 09:36:37,10400.0,10430.5,Put CEX 1,CEX,0.0,,7700.0
2025-05-21 09:36:37,10400.0,10430.5,Put VEX 1,VEX,0.0,,7700.0
2025-05-21 09:36:37,12000.0,12035.25,Call CEX 1,CEX,0.0,,7700.0
2025-05-21 09:36:37,12000.0,12035.25,Call VEX 1,VEX,0.0,,7700.0
2025-05-21 09:37:55,200.0,200.5,Call CEX 2,CEX,0.0,,7700.0
2025-05-21 09:37:55,200.0,200.5,Call VEX 2,VEX,0.0,,7700.0
2025-05-21 09:37:55,400.0,401.25,Call CEX 3,CEX,0.0,,7700.0
2025-05-21 09:37:55,400.0,401.25,Call VEX 3,VEX,0.0,,7700.0
2025-05-21 09:37:55,600.0,601.75,Call CEX 4,CEX,0.0,,7700.0
2025-05-21 09:37:55,600.0,601.75,Call VEX 4,VEX,0.0,,7700.0
2025-05-21 09:37:55,800.0,802.25,Call CEX 5,CEX,0.0,,7700.0
2025-05-21 09:37:55,800.0,802.25,Call VEX 5,VEX,0.0,,7700.0
2025-05-21 09:37:55,4000.0,4011.75,Call DEX 1,DEX,891.698,,7700.0
2025-05-21 09:37:55,4800.0,4814.25,Put DEX 1,DEX,-261.433,,7700.0
2025-05-21 09:37:55,4800.0,4814.25,Put GEX 1,GEX,-75733.265,,7700.0
2025-05-21 09:37:55,4850.0,4864.25,Put DEX 2,DEX,-223.893,,7700.0
2025-05-21 09:37:55,4850.0,4864.25,Put GEX 2,GEX,-65924.164,,7700.0
2025-05-21 09:37:55,4900.0,4914.5,Put DEX 5,DEX,-40.144,,7700.0
2025-05-21 09:37:55,5000.0,5014.75,Call DEX 2,DEX,763.841,,7700.0
2025-05-21 09:37:55,5200.0,5215.25,Put DEX 4,DEX,-55.328,,7700.0
2025-05-21 09:37:55,5200.0,5215.25,Put GEX 4,GEX,-41408.66,,7700.0
2025-05-21 09:37:55,5300.0,5315.75,Put GEX 5,GEX,-26847.757,,7700.0
2025-05-21 09:37:55,5310.0,5325.75,Put DEX 3,DEX,-85.643,,7700.0
2025-05-21 09:37:55,5310.0,5325.75,Put GEX 3,GEX,-45970.239,,7700.0
2025-05-21 09:37:55,5700.0,5716.75,Call DEX 4,DEX,121.11,,7700.0
2025-05-21 09:37:55,5905.0,5922.5,Call DEX 3,DEX,140.811,,7700.0
2025-05-21 09:37:55,5905.0,5922.5,Call GEX 3,GEX,133457.93,,7700.0
2025-05-21 09:37:55,6000.0,6017.75,Call GEX 1,GEX,243648.501,,7700.0
2025-05-21 09:37:55,6050.0,6067.75,Call GEX 5,GEX,94843.074,,7700.0
2025-05-21 09:37:55,6100.0,6118.0,Call DEX 5,DEX,120.376,,7700.0
2025-05-21 09:37:55,6100.0,6118.0,Call GEX 2,GEX,218741.784,,7700.0
2025-05-21 09:37:55,6200.0,6218.25,Call GEX 4,GEX,115009.061,,7700.0
2025-05-21 09:37:55,9600.0,9628.25,Put CEX 5,CEX,0.0,,7700.0
2025-05-21 09:37:55,9600.0,9628.25,Put VEX 5,VEX,0.0,,7700.0
2025-05-21 09:37:55,10000.0,10029.5,Put CEX 4,CEX,0.0,,7700.0
2025-05-21 09:37:55,10000.0,10029.5,Put VEX 4,VEX,0.0,,7700.0
2025-05-21 09:37:55,10100.0,10129.75,Put CEX 3,CEX,0.0,,7700.0
2025-05-21 09:37:55,10100.0,10129.75,Put VEX 3,VEX,0.0,,7700.0
2025-05-21 09:37:55,10200.0,10230.0,Put CEX 2,CEX,0.0,,7700.0
2025-05-21 09:37:55,10200.0,10230.0,Put VEX 2,VEX,0.0,,7700.0
2025-05-21 09:37:55,10400.0,10430.75,Put CEX 1,CEX,0.0,,7700.0
2025-05-21 09:37:55,10400.0,10430.75,Put VEX 1,VEX,0.0,,7700.0
2025-05-21 09:37:55,12000.0,12035.5,Call CEX 1,CEX,0.0,,7700.0
2025-05-21 09:37:55,12000.0,12035.5,Call VEX 1,VEX,0.0,,7700.0
2025-05-21 09:39:15,200.0,200.5,Call CEX 2,CEX,0.0,,7700.0
2025-05-21 09:39:15,200.0,200.5,Call VEX 2,VEX,0.0,,7700.0
2025-05-21 09:39:15,400.0,401.25,Call CEX 3,CEX,0.0,,7700.0
2025-05-21 09:39:15,400.0,401.25,Call VEX 3,VEX,0.0,,7700.0
2025-05-21 09:39:15,600.0,601.75,Call CEX 4,CEX,0.0,,7700.0
2025-05-21 09:39:15,600.0,601.75,Call VEX 4,VEX,0.0,,7700.0
2025-05-21 09:39:15,800.0,802.25,Call CEX 5,CEX,0.0,,7700.0
2025-05-21 09:39:15,800.0,802.25,Call VEX 5,VEX,0.0,,7700.0
2025-05-21 09:39:15,4000.0,4011.25,Call DEX 1,DEX,890.938,,7700.0
2025-05-21 09:39:15,4800.0,4813.5,Put DEX 1,DEX,-261.442,,7700.0
2025-05-21 09:39:15,4800.0,4813.5,Put GEX 1,GEX,-75841.03,,7700.0
2025-05-21 09:39:15,4850.0,4863.75,Put DEX 2,DEX,-223.867,,7700.0
2025-05-21 09:39:15,4850.0,4863.75,Put GEX 2,GEX,-66027.202,,7700.0
2025-05-21 09:39:15,4900.0,4914.0,Put DEX 5,DEX,-40.176,,7700.0
2025-05-21 09:39:15,5000.0,5014.25,Call DEX 2,DEX,761.902,,7700.0
2025-05-21 09:39:15,5200.0,5214.75,Put DEX 4,DEX,-55.446,,7700.0
2025-05-21 09:39:15,5200.0,5214.75,Put GEX 4,GEX,-41565.429,,7700.0
2025-05-21 09:39:15,5300.0,5315.0,Put GEX 5,GEX,-27024.554,,7700.0
2025-05-21 09:39:15,5310.0,5325.0,Put DEX 3,DEX,-85.692,,7700.0
2025-05-21 09:39:15,5310.0,5325.0,Put GEX 3,GEX,-46099.33,,7700.0
2025-05-21 09:39:15,5700.0,5716.25,Call DEX 5,DEX,119.842,,7700.0
2025-05-21 09:39:15,5905.0,5921.75,Call DEX 3,DEX,140.328,,7700.0
2025-05-21 09:39:15,5905.0,5921.75,Call GEX 3,GEX,132373.141,,7700.0
2025-05-21 09:39:15,6000.0,6017.0,Call GEX 1,GEX,231861.715,,7700.0
2025-05-21 09:39:15,6050.0,6067.25,Call GEX 5,GEX,93534.747,,7700.0
2025-05-21 09:39:15,6100.0,6117.25,Call DEX 4,DEX,119.896,,7700.0
2025-05-21 09:39:15,6100.0,6117.25,Call GEX 2,GEX,216030.036,,7700.0
2025-05-21 09:39:15,6200.0,6217.5,Call GEX 4,GEX,113969.484,,7700.0
2025-05-21 09:39:15,9600.0,9627.25,Put CEX 5,CEX,0.0,,7700.0
2025-05-21 09:39:15,9600.0,9627.25,Put VEX 5,VEX,0.0,,7700.0
2025-05-21 09:39:15,10000.0,10028.25,Put CEX 4,CEX,0.0,,7700.0
2025-05-21 09:39:15,10000.0,10028.25,Put VEX 4,VEX,0.0,,7700.0
2025-05-21 09:39:15,10100.0,10128.75,Put CEX 3,CEX,0.0,,7700.0
2025-05-21 09:39:15,10100.0,10128.75,Put VEX 3,VEX,0.0,,7700.0
2025-05-21 09:39:15,10200.0,10229.0,Put CEX 2,CEX,0.0,,7700.0
2025-05-21 09:39:15,10200.0,10229.0,Put VEX 2,VEX,0.0,,7700.0
2025-05-21 09:39:15,10400.0,10429.5,Put CEX 1,CEX,0.0,,7700.0
2025-05-21 09:39:15,10400.0,10429.5,Put VEX 1,VEX,0.0,,7700.0
2025-05-21 09:39:15,12000.0,12034.0,Call CEX 1,CEX,0.0,,7700.0
2025-05-21 09:39:15,12000.0,12034.0,Call VEX 1,VEX,0.0,,7700.0
2025-05-21 09:40:36,200.0,200.5,Call CEX 2,CEX,0.0,,7700.0
2025-05-21 09:40:36,200.0,200.5,Call VEX 2,VEX,0.0,,7700.0
2025-05-21 09:40:36,400.0,401.25,Call CEX 3,CEX,0.0,,7700.0
2025-05-21 09:40:36,400.0,401.25,Call VEX 3,VEX,0.0,,7700.0
2025-05-21 09:40:36,600.0,601.75,Call CEX 4,CEX,0.0,,7700.0
2025-05-21 09:40:36,600.0,601.75,Call VEX 4,VEX,0.0,,7700.0
2025-05-21 09:40:36,800.0,802.25,Call CEX 5,CEX,0.0,,7700.0
2025-05-21 09:40:36,800.0,802.25,Call VEX 5,VEX,0.0,,7700.0
2025-05-21 09:40:36,4000.0,4011.75,Call DEX 1,DEX,891.004,,7700.0
2025-05-21 09:40:36,4800.0,4814.0,Put DEX 1,DEX,-261.444,,7700.0
2025-05-21 09:40:36,4800.0,4814.0,Put GEX 1,GEX,-75830.553,,7700.0
2025-05-21 09:40:36,4850.0,4864.25,Put DEX 2,DEX,-223.869,,7700.0
2025-05-21 09:40:36,4850.0,4864.25,Put GEX 2,GEX,-66018.195,,7700.0
2025-05-21 09:40:36,4900.0,4914.25,Put DEX 5,DEX,-40.172,,7700.0
2025-05-21 09:40:36,5000.0,5014.75,Call DEX 2,DEX,762.139,,7700.0
2025-05-21 09:40:36,5200.0,5215.25,Put DEX 4,DEX,-55.439,,7700.0
2025-05-21 09:40:36,5200.0,5215.25,Put GEX 4,GEX,-41552.901,,7700.0
2025-05-21 09:40:36,5300.0,5315.5,Put GEX 5,GEX,-27000.016,,7700.0
2025-05-21 09:40:36,5310.0,5325.5,Put DEX 3,DEX,-85.678,,7700.0
2025-05-21 09:40:36,5310.0,5325.5,Put GEX 3,GEX,-46079.421,,7700.0
2025-05-21 09:40:36,5700.0,5716.75,Call DEX 4,DEX,119.967,,7700.0
2025-05-21 09:40:36,5905.0,5922.25,Call DEX 3,DEX,140.365,,7700.0
2025-05-21 09:40:36,5905.0,5922.25,Call GEX 3,GEX,132417.76,,7700.0
2025-05-21 09:40:36,6000.0,6017.5,Call GEX 1,GEX,232827.712,,7700.0
2025-05-21 09:40:36,6050.0,6067.75,Call GEX 5,GEX,93551.761,,7700.0
2025-05-21 09:40:36,6100.0,6118.0,Call DEX 5,DEX,119.96,,7700.0
2025-05-21 09:40:36,6100.0,6118.0,Call GEX 2,GEX,216224.299,,7700.0
2025-05-21 09:40:36,6200.0,6218.25,Call GEX 4,GEX,114046.256,,7700.0
2025-05-21 09:40:36,9600.0,9628.25,Put CEX 5,CEX,0.0,,7700.0
2025-05-21 09:40:36,9600.0,9628.25,Put VEX 5,VEX,0.0,,7700.0
2025-05-21 09:40:36,10000.0,10029.25,Put CEX 4,CEX,0.0,,7700.0
2025-05-21 09:40:36,10000.0,10029.25,Put VEX 4,VEX,0.0,,7700.0
2025-05-21 09:40:36,10100.0,10129.75,Put CEX 3,CEX,0.0,,7700.0
2025-05-21 09:40:36,10100.0,10129.75,Put VEX 3,VEX,0.0,,7700.0
2025-05-21 09:40:36,10200.0,10230.0,Put CEX 2,CEX,0.0,,7700.0
2025-05-21 09:40:36,10200.0,10230.0,Put VEX 2,VEX,0.0,,7700.0
2025-05-21 09:40:36,10400.0,10430.5,Put CEX 1,CEX,0.0,,7700.0
2025-05-21 09:40:36,10400.0,10430.5,Put VEX 1,VEX,0.0,,7700.0
2025-05-21 09:40:36,12000.0,12035.25,Call CEX 1,CEX,0.0,,7700.0
2025-05-21 09:40:36,12000.0,12035.25,Call VEX 1,VEX,0.0,,7700.0
2025-05-21 09:41:54,200.0,200.5,Call CEX 2,CEX,0.0,,7700.0
2025-05-21 09:41:54,200.0,200.5,Call VEX 2,VEX,0.0,,7700.0
2025-05-21 09:41:54,400.0,401.25,Call CEX 3,CEX,0.0,,7700.0
2025-05-21 09:41:54,400.0,401.25,Call VEX 3,VEX,0.0,,7700.0
2025-05-21 09:41:54,600.0,601.75,Call CEX 4,CEX,0.0,,7700.0
2025-05-21 09:41:54,600.0,601.75,Call VEX 4,VEX,0.0,,7700.0
2025-05-21 09:41:54,800.0,802.25,Call CEX 5,CEX,0.0,,7700.0
2025-05-21 09:41:54,800.0,802.25,Call VEX 5,VEX,0.0,,7700.0
2025-05-21 09:41:54,4000.0,4011.75,Call DEX 1,DEX,890.907,,7700.0
2025-05-21 09:41:54,4800.0,4814.0,Put DEX 1,DEX,-261.438,,7700.0
2025-05-21 09:41:54,4800.0,4814.0,Put GEX 1,GEX,-75893.321,,7700.0
2025-05-21 09:41:54,4850.0,4864.25,Put DEX 2,DEX,-223.853,,7700.0
2025-05-21 09:41:54,4850.0,4864.25,Put GEX 2,GEX,-66070.888,,7700.0
2025-05-21 09:41:54,4900.0,4914.25,Put DEX 5,DEX,-40.175,,7700.0
2025-05-21 09:41:54,5000.0,5014.75,Call DEX 2,DEX,760.53,,7700.0
2025-05-21 09:41:54,5200.0,5215.25,Put DEX 4,DEX,-55.54,,7700.0
2025-05-21 09:41:54,5200.0,5215.25,Put GEX 4,GEX,-41667.218,,7700.0
2025-05-21 09:41:54,5300.0,5315.5,Put GEX 5,GEX,-27169.733,,7700.0
2025-05-21 09:41:54,5310.0,5325.5,Put DEX 3,DEX,-85.704,,7700.0
2025-05-21 09:41:54,5310.0,5325.5,Put GEX 3,GEX,-46189.355,,7700.0
2025-05-21 09:41:54,5700.0,5716.75,Call DEX 5,DEX,119.133,,7700.0
2025-05-21 09:41:54,5905.0,5922.25,Call DEX 3,DEX,140.092,,7700.0
2025-05-21 09:41:54,5905.0,5922.25,Call GEX 3,GEX,131254.802,,7700.0
2025-05-21 09:41:54,6000.0,6017.5,Call GEX 1,GEX,219335.167,,7700.0
2025-05-21 09:41:54,6050.0,6067.75,Call GEX 5,GEX,92328.883,,7700.0
2025-05-21 09:41:54,6100.0,6117.75,Call DEX 4,DEX,119.748,,7700.0
2025-05-21 09:41:54,6100.0,6117.75,Call GEX 2,GEX,214172.678,,7700.0
2025-05-21 09:41:54,6200.0,6218.25,Call GEX 4,GEX,113307.313,,7700.0
2025-05-21 09:41:54,9600.0,9628.0,Put CEX 5,CEX,0.0,,7700.0
2025-05-21 09:41:54,9600.0,9628.0,Put VEX 5,VEX,0.0,,7700.0
2025-05-21 09:41:54,10000.0,10029.25,Put CEX 4,CEX,0.0,,7700.0
2025-05-21 09:41:54,10000.0,10029.25,Put VEX 4,VEX,0.0,,7700.0
2025-05-21 09:41:54,10100.0,10129.5,Put CEX 3,CEX,0.0,,7700.0
2025-05-21 09:41:54,10100.0,10129.5,Put VEX 3,VEX,0.0,,7700.0
2025-05-21 09:41:54,10200.0,10229.75,Put CEX 2,CEX,0.0,,7700.0
2025-05-21 09:41:54,10200.0,10229.75,Put VEX 2,VEX,0.0,,7700.0
2025-05-21 09:41:54,10400.0,10430.5,Put CEX 1,CEX,0.0,,7700.0
2025-05-21 09:41:54,10400.0,10430.5,Put VEX 1,VEX,0.0,,7700.0
2025-05-21 09:41:54,12000.0,12035.0,Call CEX 1,CEX,0.0,,7700.0
2025-05-21 09:41:54,12000.0,12035.0,Call VEX 1,VEX,0.0,,7700.0
2025-05-21 09:43:12,200.0,200.5,Call CEX 2,CEX,0.0,,7700.0
2025-05-21 09:43:12,200.0,200.5,Call VEX 2,VEX,0.0,,7700.0
2025-05-21 09:43:12,400.0,401.25,Call CEX 3,CEX,0.0,,7700.0
2025-05-21 09:43:12,400.0,401.25,Call VEX 3,VEX,0.0,,7700.0
2025-05-21 09:43:12,600.0,601.75,Call CEX 4,CEX,0.0,,7700.0
2025-05-21 09:43:12,600.0,601.75,Call VEX 4,VEX,0.0,,7700.0
2025-05-21 09:43:12,800.0,802.25,Call CEX 5,CEX,0.0,,7700.0
2025-05-21 09:43:12,800.0,802.25,Call VEX 5,VEX,0.0,,7700.0
2025-05-21 09:43:12,4000.0,4011.5,Call DEX 1,DEX,890.901,,7700.0
2025-05-21 09:43:12,4800.0,4813.75,Put DEX 1,DEX,-261.434,,7700.0
2025-05-21 09:43:12,4800.0,4813.75,Put GEX 1,GEX,-75851.334,,7700.0
2025-05-21 09:43:12,4850.0,4863.75,Put DEX 2,DEX,-223.868,,7700.0
2025-05-21 09:43:12,4850.0,4863.75,Put GEX 2,GEX,-66033.145,,7700.0
2025-05-21 09:43:12,4900.0,4914.0,Put DEX 5,DEX,-40.183,,7700.0
2025-05-21 09:43:12,5000.0,5014.25,Call DEX 2,DEX,759.688,,7700.0
2025-05-21 09:43:12,5200.0,5214.75,Put DEX 4,DEX,-55.595,,7700.0
2025-05-21 09:43:12,5200.0,5214.75,Put GEX 4,GEX,-41679.568,,7700.0
2025-05-21 09:43:12,5300.0,5315.0,Put GEX 5,GEX,-27208.96,,7700.0
2025-05-21 09:43:12,5310.0,5325.25,Put DEX 3,DEX,-85.639,,7700.0
2025-05-21 09:43:12,5310.0,5325.25,Put GEX 3,GEX,-46121.547,,7700.0
2025-05-21 09:43:12,5700.0,5716.25,Call DEX 4,DEX,120.481,,7700.0
2025-05-21 09:43:12,5905.0,5921.75,Call DEX 3,DEX,140.222,,7700.0
2025-05-21 09:43:12,5905.0,5921.75,Call GEX 3,GEX,130501.303,,7700.0
2025-05-21 09:43:12,6000.0,6017.0,Call GEX 2,GEX,212575.361,,7700.0
2025-05-21 09:43:12,6050.0,6067.25,Call GEX 5,GEX,91961.578,,7700.0
2025-05-21 09:43:12,6100.0,6117.5,Call DEX 5,DEX,119.959,,7700.0
2025-05-21 09:43:12,6100.0,6117.5,Call GEX 1,GEX,213954.744,,7700.0
2025-05-21 09:43:12,6200.0,6217.75,Call GEX 4,GEX,113908.349,,7700.0
2025-05-21 09:43:12,9600.0,9627.25,Put CEX 5,CEX,0.0,,7700.0
2025-05-21 09:43:12,9600.0,9627.25,Put VEX 5,VEX,0.0,,7700.0
2025-05-21 09:43:12,10000.0,10028.5,Put CEX 4,CEX,0.0,,7700.0
2025-05-21 09:43:12,10000.0,10028.5,Put VEX 4,VEX,0.0,,7700.0
2025-05-21 09:43:12,10100.0,10128.75,Put CEX 3,CEX,0.0,,7700.0
2025-05-21 09:43:12,10100.0,10128.75,Put VEX 3,VEX,0.0,,7700.0
2025-05-21 09:43:12,10200.0,10229.0,Put CEX 2,CEX,0.0,,7700.0
2025-05-21 09:43:12,10200.0,10229.0,Put VEX 2,VEX,0.0,,7700.0
2025-05-21 09:43:12,10400.0,10429.75,Put CEX 1,CEX,0.0,,7700.0
2025-05-21 09:43:12,10400.0,10429.75,Put VEX 1,VEX,0.0,,7700.0
2025-05-21 09:43:12,12000.0,12034.25,Call CEX 1,CEX,0.0,,7700.0
2025-05-21 09:43:12,12000.0,12034.25,Call VEX 1,VEX,0.0,,7700.0
2025-05-21 09:44:30,200.0,200.5,Call CEX 2,CEX,0.0,,7700.0
2025-05-21 09:44:30,200.0,200.5,Call VEX 2,VEX,0.0,,7700.0
2025-05-21 09:44:30,400.0,401.25,Call CEX 3,CEX,0.0,,7700.0
2025-05-21 09:44:30,400.0,401.25,Call VEX 3,VEX,0.0,,7700.0
2025-05-21 09:44:30,600.0,601.75,Call CEX 4,CEX,0.0,,7700.0
2025-05-21 09:44:30,600.0,601.75,Call VEX 4,VEX,0.0,,7700.0
2025-05-21 09:44:30,800.0,802.25,Call CEX 5,CEX,0.0,,7700.0
2025-05-21 09:44:30,800.0,802.25,Call VEX 5,VEX,0.0,,7700.0
2025-05-21 09:44:30,4000.0,4011.5,Call DEX 1,DEX,891.614,,7700.0
2025-05-21 09:44:30,4800.0,4813.75,Put DEX 1,DEX,-261.435,,7700.0
2025-05-21 09:44:30,4800.0,4813.75,Put GEX 1,GEX,-75742.297,,7700.0
2025-05-21 09:44:30,4850.0,4863.75,Put DEX 2,DEX,-223.891,,7700.0
2025-05-21 09:44:30,4850.0,4863.75,Put GEX 2,GEX,-65935.601,,7700.0
2025-05-21 09:44:30,4900.0,4914.0,Put DEX 5,DEX,-40.152,,7700.0
2025-05-21 09:44:30,5000.0,5014.25,Call DEX 2,DEX,762.577,,7700.0
2025-05-21 09:44:30,5200.0,5214.75,Put DEX 4,DEX,-55.411,,7700.0
2025-05-21 09:44:30,5200.0,5214.75,Put GEX 4,GEX,-41482.189,,7700.0
2025-05-21 09:44:30,5300.0,5315.25,Put GEX 5,GEX,-26979.099,,7700.0
2025-05-21 09:44:30,5310.0,5325.25,Put DEX 3,DEX,-85.652,,7700.0
2025-05-21 09:44:30,5310.0,5325.25,Put GEX 3,GEX,-46019.099,,7700.0
2025-05-21 09:44:30,5700.0,5716.25,Call DEX 4,DEX,120.555,,7700.0
2025-05-21 09:44:30,5905.0,5921.75,Call DEX 3,DEX,140.718,,7700.0
2025-05-21 09:44:30,5905.0,5921.75,Call GEX 3,GEX,132534.922,,7700.0
2025-05-21 09:44:30,6000.0,6017.25,Call GEX 1,GEX,232913.583,,7700.0
2025-05-21 09:44:30,6050.0,6067.25,Call GEX 5,GEX,93926.54,,7700.0
2025-05-21 09:44:30,6100.0,6117.5,Call DEX 5,DEX,120.364,,7700.0
2025-05-21 09:44:30,6100.0,6117.5,Call GEX 2,GEX,217483.984,,7700.0
2025-05-21 09:44:30,6200.0,6217.75,Call GEX 4,GEX,114653.42,,7700.0
2025-05-21 09:44:30,9600.0,9627.5,Put CEX 5,CEX,0.0,,7700.0
2025-05-21 09:44:30,9600.0,9627.5,Put VEX 5,VEX,0.0,,7700.0
2025-05-21 09:44:30,10000.0,10028.5,Put CEX 4,CEX,0.0,,7700.0
2025-05-21 09:44:30,10000.0,10028.5,Put VEX 4,VEX,0.0,,7700.0
2025-05-21 09:44:30,10100.0,10128.75,Put CEX 3,CEX,0.0,,7700.0
2025-05-21 09:44:30,10100.0,10128.75,Put VEX 3,VEX,0.0,,7700.0
2025-05-21 09:44:30,10200.0,10229.25,Put CEX 2,CEX,0.0,,7700.0
2025-05-21 09:44:30,10200.0,10229.25,Put VEX 2,VEX,0.0,,7700.0
2025-05-21 09:44:30,10400.0,10429.75,Put CEX 1,CEX,0.0,,7700.0
2025-05-21 09:44:30,10400.0,10429.75,Put VEX 1,VEX,0.0,,7700.0
2025-05-21 09:44:30,12000.0,12034.25,Call CEX 1,CEX,0.0,,7700.0
2025-05-21 09:44:30,12000.0,12034.25,Call VEX 1,VEX,0.0,,7700.0
2025-05-21 09:45:47,200.0,200.5,Call CEX 2,CEX,0.0,,7700.0
2025-05-21 09:45:47,200.0,200.5,Call VEX 2,VEX,0.0,,7700.0
2025-05-21 09:45:47,400.0,401.25,Call CEX 3,CEX,0.0,,7700.0
2025-05-21 09:45:47,400.0,401.25,Call VEX 3,VEX,0.0,,7700.0
2025-05-21 09:45:47,600.0,601.75,Call CEX 4,CEX,0.0,,7700.0
2025-05-21 09:45:47,600.0,601.75,Call VEX 4,VEX,0.0,,7700.0
2025-05-21 09:45:47,800.0,802.25,Call CEX 5,CEX,0.0,,7700.0
2025-05-21 09:45:47,800.0,802.25,Call VEX 5,VEX,0.0,,7700.0
2025-05-21 09:45:47,4000.0,4011.25,Call DEX 1,DEX,891.418,,7700.0
2025-05-21 09:45:47,4800.0,4813.5,Put DEX 1,DEX,-261.438,,7700.0
2025-05-21 09:45:47,4800.0,4813.5,Put GEX 1,GEX,-75770.235,,7700.0
2025-05-21 09:45:47,4850.0,4863.75,Put DEX 2,DEX,-223.884,,7700.0
2025-05-21 09:45:47,4850.0,4863.75,Put GEX 2,GEX,-65962.26,,7700.0
2025-05-21 09:45:47,4900.0,4914.0,Put DEX 5,DEX,-40.16,,7700.0
2025-05-21 09:45:47,5000.0,5014.25,Call DEX 2,DEX,762.508,,7700.0
2025-05-21 09:45:47,5200.0,5214.75,Put DEX 4,DEX,-55.413,,7700.0
2025-05-21 09:45:47,5200.0,5214.75,Put GEX 4,GEX,-41504.303,,7700.0
2025-05-21 09:45:47,5300.0,5315.0,Put GEX 5,GEX,-26978.498,,7700.0
2025-05-21 09:45:47,5310.0,5325.0,Put DEX 3,DEX,-85.592,,7700.0
2025-05-21 09:45:47,5310.0,5325.0,Put GEX 3,GEX,-46006.105,,7700.0
2025-05-21 09:45:47,5700.0,5716.25,Call DEX 4,DEX,120.439,,7700.0
2025-05-21 09:45:47,5905.0,5921.75,Call DEX 3,DEX,140.608,,7700.0
2025-05-21 09:45:47,5905.0,5921.75,Call GEX 3,GEX,132536.818,,7700.0
2025-05-21 09:45:47,6000.0,6017.0,Call GEX 1,GEX,232237.828,,7700.0
2025-05-21 09:45:47,6050.0,6067.25,Call GEX 5,GEX,93798.411,,7700.0
2025-05-21 09:45:47,6100.0,6117.25,Call DEX 5,DEX,120.188,,7700.0
2025-05-21 09:45:47,6100.0,6117.25,Call GEX 2,GEX,217234.947,,7700.0
2025-05-21 09:45:47,6200.0,6217.5,Call GEX 4,GEX,114513.411,,7700.0
2025-05-21 09:45:47,9600.0,9627.25,Put CEX 5,CEX,0.0,,7700.0
2025-05-21 09:45:47,9600.0,9627.25,Put VEX 5,VEX,0.0,,7700.0
2025-05-21 09:45:47,10000.0,10028.25,Put CEX 4,CEX,0.0,,7700.0
2025-05-21 09:45:47,10000.0,10028.25,Put VEX 4,VEX,0.0,,7700.0
2025-05-21 09:45:47,10100.0,10128.5,Put CEX 3,CEX,0.0,,7700.0
2025-05-21 09:45:47,10100.0,10128.5,Put VEX 3,VEX,0.0,,7700.0
2025-05-21 09:45:47,10200.0,10229.0,Put CEX 2,CEX,0.0,,7700.0
2025-05-21 09:45:47,10200.0,10229.0,Put VEX 2,VEX,0.0,,7700.0
2025-05-21 09:45:47,10400.0,10429.5,Put CEX 1,CEX,0.0,,7700.0
2025-05-21 09:45:47,10400.0,10429.5,Put VEX 1,VEX,0.0,,7700.0
2025-05-21 09:45:47,12000.0,12034.0,Call CEX 1,CEX,0.0,,7700.0
2025-05-21 09:45:47,12000.0,12034.0,Call VEX 1,VEX,0.0,,7700.0
2025-05-21 09:47:06,200.0,200.5,Call CEX 2,CEX,0.0,,7700.0
2025-05-21 09:47:06,200.0,200.5,Call VEX 2,VEX,0.0,,7700.0
2025-05-21 09:47:06,400.0,401.25,Call CEX 3,CEX,0.0,,7700.0
2025-05-21 09:47:06,400.0,401.25,Call VEX 3,VEX,0.0,,7700.0
2025-05-21 09:47:06,600.0,601.75,Call CEX 4,CEX,0.0,,7700.0
2025-05-21 09:47:06,600.0,601.75,Call VEX 4,VEX,0.0,,7700.0
2025-05-21 09:47:06,800.0,802.25,Call CEX 5,CEX,0.0,,7700.0
2025-05-21 09:47:06,800.0,802.25,Call VEX 5,VEX,0.0,,7700.0
2025-05-21 09:47:06,4000.0,4011.75,Call DEX 1,DEX,891.562,,7700.0
2025-05-21 09:47:06,4800.0,4814.25,Put DEX 1,DEX,-261.435,,7700.0
2025-05-21 09:47:06,4800.0,4814.25,Put GEX 1,GEX,-75750.585,,7700.0
2025-05-21 09:47:06,4850.0,4864.25,Put DEX 2,DEX,-223.889,,7700.0
2025-05-21 09:47:06,4850.0,4864.25,Put GEX 2,GEX,-65942.69,,7700.0
2025-05-21 09:47:06,4900.0,4914.5,Put DEX 5,DEX,-40.153,,7700.0
2025-05-21 09:47:06,5000.0,5014.75,Call DEX 2,DEX,762.715,,7700.0
2025-05-21 09:47:06,5200.0,5215.25,Put DEX 4,DEX,-55.385,,7700.0
2025-05-21 09:47:06,5200.0,5215.25,Put GEX 4,GEX,-41488.782,,7700.0
2025-05-21 09:47:06,5300.0,5315.75,Put GEX 5,GEX,-26949.627,,7700.0
2025-05-21 09:47:06,5310.0,5325.75,Put DEX 3,DEX,-85.655,,7700.0
2025-05-21 09:47:06,5310.0,5325.75,Put GEX 3,GEX,-46029.248,,7700.0
2025-05-21 09:47:06,5700.0,5716.75,Call DEX 4,DEX,120.658,,7700.0
2025-05-21 09:47:06,5905.0,5922.5,Call DEX 3,DEX,140.701,,7700.0
2025-05-21 09:47:06,5905.0,5922.5,Call GEX 3,GEX,132798.978,,7700.0
2025-05-21 09:47:06,6000.0,6017.75,Call GEX 1,GEX,232676.807,,7700.0
2025-05-21 09:47:06,6050.0,6068.0,Call GEX 5,GEX,94106.176,,7700.0
2025-05-21 09:47:06,6100.0,6118.0,Call DEX 5,DEX,120.403,,7700.0
2025-05-21 09:47:06,6100.0,6118.0,Call GEX 2,GEX,218490.727,,7700.0
2025-05-21 09:47:06,6200.0,6218.25,Call GEX 4,GEX,114704.881,,7700.0
2025-05-21 09:47:06,9600.0,9628.5,Put CEX 5,CEX,0.0,,7700.0
2025-05-21 09:47:06,9600.0,9628.5,Put VEX 5,VEX,0.0,,7700.0
2025-05-21 09:47:06,10000.0,10029.5,Put CEX 4,CEX,0.0,,7700.0
2025-05-21 09:47:06,10000.0,10029.5,Put VEX 4,VEX,0.0,,7700.0
2025-05-21 09:47:06,10100.0,10129.75,Put CEX 3,CEX,0.0,,7700.0
2025-05-21 09:47:06,10100.0,10129.75,Put VEX 3,VEX,0.0,,7700.0
2025-05-21 09:47:06,10200.0,10230.25,Put CEX 2,CEX,0.0,,7700.0
2025-05-21 09:47:06,10200.0,10230.25,Put VEX 2,VEX,0.0,,7700.0
2025-05-21 09:47:06,10400.0,10430.75,Put CEX 1,CEX,0.0,,7700.0
2025-05-21 09:47:06,10400.0,10430.75,Put VEX 1,VEX,0.0,,7700.0
2025-05-21 09:47:06,12000.0,12035.5,Call CEX 1,CEX,0.0,,7700.0
2025-05-21 09:47:06,12000.0,12035.5,Call VEX 1,VEX,0.0,,7700.0
2025-05-21 09:48:25,200.0,200.5,Call CEX 2,CEX,0.0,,7700.0
2025-05-21 09:48:25,200.0,200.5,Call VEX 2,VEX,0.0,,7700.0
2025-05-21 09:48:25,400.0,401.25,Call CEX 3,CEX,0.0,,7700.0
2025-05-21 09:48:25,400.0,401.25,Call VEX 3,VEX,0.0,,7700.0
2025-05-21 09:48:25,600.0,601.75,Call CEX 4,CEX,0.0,,7700.0
2025-05-21 09:48:25,600.0,601.75,Call VEX 4,VEX,0.0,,7700.0
2025-05-21 09:48:25,800.0,802.25,Call CEX 5,CEX,0.0,,7700.0
2025-05-21 09:48:25,800.0,802.25,Call VEX 5,VEX,0.0,,7700.0
2025-05-21 09:48:25,4000.0,4011.75,Call DEX 1,DEX,891.116,,7700.0
2025-05-21 09:48:25,4800.0,4814.25,Put DEX 1,DEX,-261.437,,7700.0
2025-05-21 09:48:25,4800.0,4814.25,Put GEX 1,GEX,-75781.154,,7700.0
2025-05-21 09:48:25,4850.0,4864.5,Put DEX 2,DEX,-223.873,,7700.0
2025-05-21 09:48:25,4850.0,4864.5,Put GEX 2,GEX,-65973.271,,7700.0
2025-05-21 09:48:25,4900.0,4914.5,Put DEX 5,DEX,-40.17,,7700.0
2025-05-21 09:48:25,5000.0,5014.75,Call DEX 2,DEX,760.401,,7700.0
2025-05-21 09:48:25,5200.0,5215.5,Put DEX 4,DEX,-55.539,,7700.0
2025-05-21 09:48:25,5200.0,5215.5,Put GEX 4,GEX,-41618.07,,7700.0
2025-05-21 09:48:25,5300.0,5315.75,Put GEX 5,GEX,-27160.601,,7700.0
2025-05-21 09:48:25,5310.0,5325.75,Put DEX 3,DEX,-85.664,,7700.0
2025-05-21 09:48:25,5310.0,5325.75,Put GEX 3,GEX,-46119.941,,7700.0
2025-05-21 09:48:25,5700.0,5717.0,Call DEX 5,DEX,119.761,,7700.0
2025-05-21 09:48:25,5905.0,5922.5,Call DEX 3,DEX,140.497,,7700.0
2025-05-21 09:48:25,5905.0,5922.5,Call GEX 3,GEX,130554.714,,7700.0
2025-05-21 09:48:25,6000.0,6017.75,Call GEX 2,GEX,212749.412,,7700.0
2025-05-21 09:48:25,6050.0,6068.0,Call GEX 5,GEX,92160.31,,7700.0
2025-05-21 09:48:25,6100.0,6118.0,Call DEX 4,DEX,120.332,,7700.0
2025-05-21 09:48:25,6100.0,6118.0,Call GEX 1,GEX,214868.744,,7700.0
2025-05-21 09:48:25,6200.0,6218.5,Call GEX 4,GEX,113893.723,,7700.0
2025-05-21 09:48:25,9600.0,9628.5,Put CEX 5,CEX,0.0,,7700.0
2025-05-21 09:48:25,9600.0,9628.5,Put VEX 5,VEX,0.0,,7700.0
2025-05-21 09:48:25,10000.0,10029.75,Put CEX 4,CEX,0.0,,7700.0
2025-05-21 09:48:25,10000.0,10029.75,Put VEX 4,VEX,0.0,,7700.0
2025-05-21 09:48:25,10100.0,10130.0,Put CEX 3,CEX,0.0,,7700.0
2025-05-21 09:48:25,10100.0,10130.0,Put VEX 3,VEX,0.0,,7700.0
2025-05-21 09:48:25,10200.0,10230.25,Put CEX 2,CEX,0.0,,7700.0
2025-05-21 09:48:25,10200.0,10230.25,Put VEX 2,VEX,0.0,,7700.0
2025-05-21 09:48:25,10400.0,10430.75,Put CEX 1,CEX,0.0,,7700.0
2025-05-21 09:48:25,10400.0,10430.75,Put VEX 1,VEX,0.0,,7700.0
2025-05-21 09:48:25,12000.0,12035.5,Call CEX 1,CEX,0.0,,7700.0
2025-05-21 09:48:25,12000.0,12035.5,Call VEX 1,VEX,0.0,,7700.0
2025-05-21 09:49:44,200.0,200.5,Call CEX 2,CEX,0.0,,7700.0
2025-05-21 09:49:44,200.0,200.5,Call VEX 2,VEX,0.0,,7700.0
2025-05-21 09:49:44,400.0,401.25,Call CEX 3,CEX,0.0,,7700.0
2025-05-21 09:49:44,400.0,401.25,Call VEX 3,VEX,0.0,,7700.0
2025-05-21 09:49:44,600.0,601.75,Call CEX 4,CEX,0.0,,7700.0
2025-05-21 09:49:44,600.0,601.75,Call VEX 4,VEX,0.0,,7700.0
2025-05-21 09:49:44,800.0,802.25,Call CEX 5,CEX,0.0,,7700.0
2025-05-21 09:49:44,800.0,802.25,Call VEX 5,VEX,0.0,,7700.0
2025-05-21 09:49:44,4000.0,4011.75,Call DEX 1,DEX,891.817,,7700.0
2025-05-21 09:49:44,4800.0,4814.0,Put DEX 1,DEX,-261.481,,7700.0
2025-05-21 09:49:44,4800.0,4814.0,Put GEX 1,GEX,-75613.218,,7700.0
2025-05-21 09:49:44,4850.0,4864.25,Put DEX 2,DEX,-223.908,,7700.0
2025-05-21 09:49:44,4850.0,4864.25,Put GEX 2,GEX,-65824.323,,7700.0
2025-05-21 09:49:44,4900.0,4914.25,Put DEX 5,DEX,-40.155,,7700.0
2025-05-21 09:49:44,5000.0,5014.5,Call DEX 2,DEX,762.115,,7700.0
2025-05-21 09:49:44,5200.0,5215.25,Put DEX 4,DEX,-55.422,,7700.0
2025-05-21 09:49:44,5200.0,5215.25,Put GEX 4,GEX,-41443.646,,7700.0
2025-05-21 09:49:44,5300.0,5315.5,Put GEX 5,GEX,-26995.859,,7700.0
2025-05-21 09:49:44,5310.0,5325.5,Put DEX 3,DEX,-85.606,,7700.0
2025-05-21 09:49:44,5310.0,5325.5,Put GEX 3,GEX,-45948.13,,7700.0
2025-05-21 09:49:44,5700.0,5716.75,Call DEX 4,DEX,121.292,,7700.0
2025-05-21 09:49:44,5905.0,5922.25,Call DEX 3,DEX,141.179,,7700.0
2025-05-21 09:49:44,5905.0,5922.25,Call GEX 3,GEX,131083.644,,7700.0
2025-05-21 09:49:44,6000.0,6017.5,Call GEX 1,GEX,220652.077,,7700.0
2025-05-21 09:49:44,6050.0,6067.75,Call GEX 5,GEX,93330.059,,7700.0
2025-05-21 09:49:44,6100.0,6117.75,Call DEX 5,DEX,121.184,,7700.0
2025-05-21 09:49:44,6100.0,6117.75,Call GEX 2,GEX,217750.562,,7700.0
2025-05-21 09:49:44,6200.0,6218.25,Call GEX 4,GEX,115218.163,,7700.0
2025-05-21 09:49:44,9600.0,9628.0,Put CEX 5,CEX,0.0,,7700.0
2025-05-21 09:49:44,9600.0,9628.0,Put VEX 5,VEX,0.0,,7700.0
2025-05-21 09:49:44,10000.0,10029.25,Put CEX 4,CEX,0.0,,7700.0
2025-05-21 09:49:44,10000.0,10029.25,Put VEX 4,VEX,0.0,,7700.0
2025-05-21 09:49:44,10100.0,10129.5,Put CEX 3,CEX,0.0,,7700.0
2025-05-21 09:49:44,10100.0,10129.5,Put VEX 3,VEX,0.0,,7700.0
2025-05-21 09:49:44,10200.0,10229.75,Put CEX 2,CEX,0.0,,7700.0
2025-05-21 09:49:44,10200.0,10229.75,Put VEX 2,VEX,0.0,,7700.0
2025-05-21 09:49:44,10400.0,10430.5,Put CEX 1,CEX,0.0,,7700.0
2025-05-21 09:49:44,10400.0,10430.5,Put VEX 1,VEX,0.0,,7700.0
2025-05-21 09:49:44,12000.0,12035.0,Call CEX 1,CEX,0.0,,7700.0
2025-05-21 09:49:44,12000.0,12035.0,Call VEX 1,VEX,0.0,,7700.0
2025-05-21 09:51:03,200.0,200.5,Call CEX 2,CEX,0.0,,7700.0
2025-05-21 09:51:03,200.0,200.5,Call VEX 2,VEX,0.0,,7700.0
2025-05-21 09:51:03,400.0,401.25,Call CEX 3,CEX,0.0,,7700.0
2025-05-21 09:51:03,400.0,401.25,Call VEX 3,VEX,0.0,,7700.0
2025-05-21 09:51:03,600.0,601.75,Call CEX 4,CEX,0.0,,7700.0
2025-05-21 09:51:03,600.0,601.75,Call VEX 4,VEX,0.0,,7700.0
2025-05-21 09:51:03,800.0,802.25,Call CEX 5,CEX,0.0,,7700.0
2025-05-21 09:51:03,800.0,802.25,Call VEX 5,VEX,0.0,,7700.0
2025-05-21 09:51:03,4000.0,4011.5,Call DEX 1,DEX,892.179,,7700.0
2025-05-21 09:51:03,4800.0,4814.0,Put DEX 1,DEX,-261.492,,7700.0
2025-05-21 09:51:03,4800.0,4814.0,Put GEX 1,GEX,-75557.62,,7700.0
2025-05-21 09:51:03,4850.0,4864.0,Put DEX 2,DEX,-223.92,,7700.0
2025-05-21 09:51:03,4850.0,4864.0,Put GEX 2,GEX,-65774.925,,7700.0
2025-05-21 09:51:03,4900.0,4914.25,Put DEX 5,DEX,-40.148,,7700.0
2025-05-21 09:51:03,5000.0,5014.5,Call DEX 2,DEX,762.68,,7700.0
2025-05-21 09:51:03,5200.0,5215.0,Put DEX 4,DEX,-55.392,,7700.0
2025-05-21 09:51:03,5200.0,5215.0,Put GEX 4,GEX,-41382.529,,7700.0
2025-05-21 09:51:03,5300.0,5315.25,Put GEX 5,GEX,-26954.097,,7700.0
2025-05-21 09:51:03,5310.0,5325.5,Put DEX 3,DEX,-85.607,,7700.0
2025-05-21 09:51:03,5310.0,5325.5,Put GEX 3,GEX,-45876.554,,7700.0
2025-05-21 09:51:03,5700.0,5716.5,Call DEX 4,DEX,121.625,,7700.0
2025-05-21 09:51:03,5905.0,5922.0,Call DEX 3,DEX,141.392,,7700.0
2025-05-21 09:51:03,5905.0,5922.0,Call GEX 3,GEX,131303.89,,7700.0
2025-05-21 09:51:03,6000.0,6017.5,Call GEX 1,GEX,224786.984,,7700.0
2025-05-21 09:51:03,6050.0,6067.5,Call GEX 5,GEX,93840.043,,7700.0
2025-05-21 09:51:03,6100.0,6117.75,Call DEX 5,DEX,121.381,,7700.0
2025-05-21 09:51:03,6100.0,6117.75,Call GEX 2,GEX,218832.742,,7700.0
2025-05-21 09:51:03,6200.0,6218.0,Call GEX 4,GEX,115670.684,,7700.0
2025-05-21 09:51:03,9600.0,9627.75,Put CEX 5,CEX,0.0,,7700.0
2025-05-21 09:51:03,9600.0,9627.75,Put VEX 5,VEX,0.0,,7700.0
2025-05-21 09:51:03,10000.0,10029.0,Put CEX 4,CEX,0.0,,7700.0
2025-05-21 09:51:03,10000.0,10029.0,Put VEX 4,VEX,0.0,,7700.0
2025-05-21 09:51:03,10100.0,10129.25,Put CEX 3,CEX,0.0,,7700.0
2025-05-21 09:51:03,10100.0,10129.25,Put VEX 3,VEX,0.0,,7700.0
2025-05-21 09:51:03,10200.0,10229.5,Put CEX 2,CEX,0.0,,7700.0
2025-05-21 09:51:03,10200.0,10229.5,Put VEX 2,VEX,0.0,,7700.0
2025-05-21 09:51:03,10400.0,10430.25,Put CEX 1,CEX,0.0,,7700.0
2025-05-21 09:51:03,10400.0,10430.25,Put VEX 1,VEX,0.0,,7700.0
2025-05-21 09:51:03,12000.0,12034.75,Call CEX 1,CEX,0.0,,7700.0
2025-05-21 09:51:03,12000.0,12034.75,Call VEX 1,VEX,0.0,,7700.0
2025-05-21 09:52:22,200.0,200.5,Call CEX 2,CEX,0.0,,7700.0
2025-05-21 09:52:22,200.0,200.5,Call VEX 2,VEX,0.0,,7700.0
2025-05-21 09:52:22,400.0,401.25,Call CEX 3,CEX,0.0,,7700.0
2025-05-21 09:52:22,400.0,401.25,Call VEX 3,VEX,0.0,,7700.0
2025-05-21 09:52:22,600.0,601.75,Call CEX 4,CEX,0.0,,7700.0
2025-05-21 09:52:22,600.0,601.75,Call VEX 4,VEX,0.0,,7700.0
2025-05-21 09:52:22,800.0,802.25,Call CEX 5,CEX,0.0,,7700.0
2025-05-21 09:52:22,800.0,802.25,Call VEX 5,VEX,0.0,,7700.0
2025-05-21 09:52:22,4000.0,4011.25,Call DEX 1,DEX,891.963,,7700.0
2025-05-21 09:52:22,4800.0,4813.5,Put DEX 1,DEX,-261.484,,7700.0
2025-05-21 09:52:22,4800.0,4813.5,Put GEX 1,GEX,-75590.076,,7700.0
2025-05-21 09:52:22,4850.0,4863.75,Put DEX 2,DEX,-223.912,,7700.0
2025-05-21 09:52:22,4850.0,4863.75,Put GEX 2,GEX,-65804.384,,7700.0
2025-05-21 09:52:22,4900.0,4913.75,Put DEX 5,DEX,-40.151,,7700.0
2025-05-21 09:52:22,5000.0,5014.0,Call DEX 2,DEX,762.531,,7700.0
2025-05-21 09:52:22,5200.0,5214.75,Put DEX 4,DEX,-55.406,,7700.0
2025-05-21 09:52:22,5200.0,5214.75,Put GEX 4,GEX,-41413.225,,7700.0
2025-05-21 09:52:22,5300.0,5315.0,Put GEX 5,GEX,-26967.734,,7700.0
2025-05-21 09:52:22,5310.0,5325.0,Put DEX 3,DEX,-85.616,,7700.0
2025-05-21 09:52:22,5310.0,5325.0,Put GEX 3,GEX,-45903.848,,7700.0
2025-05-21 09:52:22,5700.0,5716.0,Call DEX 4,DEX,121.411,,7700.0
2025-05-21 09:52:22,5905.0,5921.75,Call DEX 3,DEX,141.274,,7700.0
2025-05-21 09:52:22,5905.0,5921.75,Call GEX 3,GEX,131387.209,,7700.0
2025-05-21 09:52:22,6000.0,6017.0,Call GEX 1,GEX,225331.561,,7700.0
2025-05-21 09:52:22,6050.0,6067.0,Call GEX 5,GEX,93874.726,,7700.0
2025-05-21 09:52:22,6100.0,6117.25,Call DEX 5,DEX,121.202,,7700.0
2025-05-21 09:52:22,6100.0,6117.25,Call GEX 2,GEX,218513.791,,7700.0
2025-05-21 09:52:22,6200.0,6217.5,Call GEX 4,GEX,115442.974,,7700.0
2025-05-21 09:52:22,9600.0,9627.0,Put CEX 5,CEX,0.0,,7700.0
2025-05-21 09:52:22,9600.0,9627.0,Put VEX 5,VEX,0.0,,7700.0
2025-05-21 09:52:22,10000.0,10028.25,Put CEX 4,CEX,0.0,,7700.0
2025-05-21 09:52:22,10000.0,10028.25,Put VEX 4,VEX,0.0,,7700.0
2025-05-21 09:52:22,10100.0,10128.5,Put CEX 3,CEX,0.0,,7700.0
2025-05-21 09:52:22,10100.0,10128.5,Put VEX 3,VEX,0.0,,7700.0
2025-05-21 09:52:22,10200.0,10228.75,Put CEX 2,CEX,0.0,,7700.0
2025-05-21 09:52:22,10200.0,10228.75,Put VEX 2,VEX,0.0,,7700.0
2025-05-21 09:52:22,10400.0,10429.25,Put CEX 1,CEX,0.0,,7700.0
2025-05-21 09:52:22,10400.0,10429.25,Put VEX 1,VEX,0.0,,7700.0
2025-05-21 09:52:22,12000.0,12033.75,Call CEX 1,CEX,0.0,,7700.0
2025-05-21 09:52:22,12000.0,12033.75,Call VEX 1,VEX,0.0,,7700.0
2025-05-21 09:53:41,200.0,200.5,Call CEX 2,CEX,0.0,,7700.0
2025-05-21 09:53:41,200.0,200.5,Call VEX 2,VEX,0.0,,7700.0
2025-05-21 09:53:41,400.0,401.25,Call CEX 3,CEX,0.0,,7700.0
2025-05-21 09:53:41,400.0,401.25,Call VEX 3,VEX,0.0,,7700.0
2025-05-21 09:53:41,600.0,601.75,Call CEX 4,CEX,0.0,,7700.0
2025-05-21 09:53:41,600.0,601.75,Call VEX 4,VEX,0.0,,7700.0
2025-05-21 09:53:41,800.0,802.25,Call CEX 5,CEX,0.0,,7700.0
2025-05-21 09:53:41,800.0,802.25,Call VEX 5,VEX,0.0,,7700.0
2025-05-21 09:53:41,4000.0,4011.75,Call DEX 1,DEX,892.058,,7700.0
2025-05-21 09:53:41,4800.0,4814.0,Put DEX 1,DEX,-261.486,,7700.0
2025-05-21 09:53:41,4800.0,4814.0,Put GEX 1,GEX,-75577.917,,7700.0
2025-05-21 09:53:41,4850.0,4864.0,Put DEX 2,DEX,-223.915,,7700.0
2025-05-21 09:53:41,4850.0,4864.0,Put GEX 2,GEX,-65793.815,,7700.0
2025-05-21 09:53:41,4900.0,4914.25,Put DEX 5,DEX,-40.149,,7700.0
2025-05-21 09:53:41,5000.0,5014.5,Call DEX 2,DEX,764.075,,7700.0
2025-05-21 09:53:41,5200.0,5215.0,Put DEX 4,DEX,-55.306,,7700.0
2025-05-21 09:53:41,5200.0,5215.0,Put GEX 4,GEX,-41320.07,,7700.0
2025-05-21 09:53:41,5300.0,5315.5,Put GEX 5,GEX,-26799.946,,7700.0
2025-05-21 09:53:41,5310.0,5325.5,Put DEX 3,DEX,-85.598,,7700.0
2025-05-21 09:53:41,5310.0,5325.5,Put GEX 3,GEX,-45862.8,,7700.0
2025-05-21 09:53:41,5700.0,5716.5,Call DEX 4,DEX,121.997,,7700.0
2025-05-21 09:53:41,5905.0,5922.25,Call DEX 3,DEX,141.393,,7700.0
2025-05-21 09:53:41,5905.0,5922.25,Call GEX 3,GEX,132862.061,,7700.0
2025-05-21 09:53:41,6000.0,6017.5,Call GEX 1,GEX,238068.975,,7700.0
2025-05-21 09:53:41,6050.0,6067.5,Call GEX 5,GEX,95136.993,,7700.0
2025-05-21 09:53:41,6100.0,6117.75,Call DEX 5,DEX,121.169,,7700.0
2025-05-21 09:53:41,6100.0,6117.75,Call GEX 2,GEX,220457.939,,7700.0
2025-05-21 09:53:41,6200.0,6218.0,Call GEX 4,GEX,116014.307,,7700.0
2025-05-21 09:53:41,9600.0,9628.0,Put CEX 5,CEX,0.0,,7700.0
2025-05-21 09:53:41,9600.0,9628.0,Put VEX 5,VEX,0.0,,7700.0
2025-05-21 09:53:41,10000.0,10029.0,Put CEX 4,CEX,0.0,,7700.0
2025-05-21 09:53:41,10000.0,10029.0,Put VEX 4,VEX,0.0,,7700.0
2025-05-21 09:53:41,10100.0,10129.25,Put CEX 3,CEX,0.0,,7700.0
2025-05-21 09:53:41,10100.0,10129.25,Put VEX 3,VEX,0.0,,7700.0
2025-05-21 09:53:41,10200.0,10229.75,Put CEX 2,CEX,0.0,,7700.0
2025-05-21 09:53:41,10200.0,10229.75,Put VEX 2,VEX,0.0,,7700.0
2025-05-21 09:53:41,10400.0,10430.25,Put CEX 1,CEX,0.0,,7700.0
2025-05-21 09:53:41,10400.0,10430.25,Put VEX 1,VEX,0.0,,7700.0
2025-05-21 09:53:41,12000.0,12035.0,Call CEX 1,CEX,0.0,,7700.0
2025-05-21 09:53:41,12000.0,12035.0,Call VEX 1,VEX,0.0,,7700.0
2025-05-21 09:55:01,200.0,200.5,Call CEX 2,CEX,0.0,,7700.0
2025-05-21 09:55:01,200.0,200.5,Call VEX 2,VEX,0.0,,7700.0
2025-05-21 09:55:01,400.0,401.25,Call CEX 3,CEX,0.0,,7700.0
2025-05-21 09:55:01,400.0,401.25,Call VEX 3,VEX,0.0,,7700.0
2025-05-21 09:55:01,600.0,601.75,Call CEX 4,CEX,0.0,,7700.0
2025-05-21 09:55:01,600.0,601.75,Call VEX 4,VEX,0.0,,7700.0
2025-05-21 09:55:01,800.0,802.25,Call CEX 5,CEX,0.0,,7700.0
2025-05-21 09:55:01,800.0,802.25,Call VEX 5,VEX,0.0,,7700.0
2025-05-21 09:55:01,4000.0,4011.5,Call DEX 1,DEX,891.593,,7700.0
2025-05-21 09:55:01,4800.0,4814.0,Put DEX 1,DEX,-261.479,,7700.0
2025-05-21 09:55:01,4800.0,4814.0,Put GEX 1,GEX,-75651.854,,7700.0
2025-05-21 09:55:01,4850.0,4864.0,Put DEX 2,DEX,-223.9,,7700.0
2025-05-21 09:55:01,4850.0,4864.0,Put GEX 2,GEX,-65857.394,,7700.0
2025-05-21 09:55:01,4900.0,4914.25,Put DEX 5,DEX,-40.165,,7700.0
2025-05-21 09:55:01,5000.0,5014.5,Call DEX 2,DEX,763.025,,7700.0
2025-05-21 09:55:01,5200.0,5215.0,Put DEX 4,DEX,-55.375,,7700.0
2025-05-21 09:55:01,5200.0,5215.0,Put GEX 4,GEX,-41420.5,,7700.0
2025-05-21 09:55:01,5300.0,5315.25,Put GEX 5,GEX,-26926.817,,7700.0
2025-05-21 09:55:01,5310.0,5325.25,Put DEX 3,DEX,-85.621,,7700.0
2025-05-21 09:55:01,5310.0,5325.25,Put GEX 3,GEX,-45941.115,,7700.0
2025-05-21 09:55:01,5700.0,5716.5,Call DEX 4,DEX,121.299,,7700.0
2025-05-21 09:55:01,5905.0,5922.0,Call DEX 3,DEX,141.102,,7700.0
2025-05-21 09:55:01,5905.0,5922.0,Call GEX 3,GEX,132320.85,,7700.0
2025-05-21 09:55:01,6000.0,6017.25,Call GEX 1,GEX,231950.422,,7700.0
2025-05-21 09:55:01,6050.0,6067.5,Call GEX 5,GEX,94348.133,,7700.0
2025-05-21 09:55:01,6100.0,6117.75,Call DEX 5,DEX,120.842,,7700.0
2025-05-21 09:55:01,6100.0,6117.75,Call GEX 2,GEX,218767.005,,7700.0
2025-05-21 09:55:01,6200.0,6218.0,Call GEX 4,GEX,115371.086,,7700.0
2025-05-21 09:55:01,9600.0,9627.75,Put CEX 5,CEX,0.0,,7700.0
2025-05-21 09:55:01,9600.0,9627.75,Put VEX 5,VEX,0.0,,7700.0
2025-05-21 09:55:01,10000.0,10029.0,Put CEX 4,CEX,0.0,,7700.0
2025-05-21 09:55:01,10000.0,10029.0,Put VEX 4,VEX,0.0,,7700.0
2025-05-21 09:55:01,10100.0,10129.25,Put CEX 3,CEX,0.0,,7700.0
2025-05-21 09:55:01,10100.0,10129.25,Put VEX 3,VEX,0.0,,7700.0
2025-05-21 09:55:01,10200.0,10229.5,Put CEX 2,CEX,0.0,,7700.0
2025-05-21 09:55:01,10200.0,10229.5,Put VEX 2,VEX,0.0,,7700.0
2025-05-21 09:55:01,10400.0,10430.0,Put CEX 1,CEX,0.0,,7700.0
2025-05-21 09:55:01,10400.0,10430.0,Put VEX 1,VEX,0.0,,7700.0
2025-05-21 09:55:01,12000.0,12034.75,Call CEX 1,CEX,0.0,,7700.0
2025-05-21 09:55:01,12000.0,12034.75,Call VEX 1,VEX,0.0,,7700.0
2025-05-21 09:56:21,200.0,200.5,Call CEX 2,CEX,0.0,,7700.0
2025-05-21 09:56:21,200.0,200.5,Call VEX 2,VEX,0.0,,7700.0
2025-05-21 09:56:21,400.0,401.25,Call CEX 3,CEX,0.0,,7700.0
2025-05-21 09:56:21,400.0,401.25,Call VEX 3,VEX,0.0,,7700.0
2025-05-21 09:56:21,600.0,601.75,Call CEX 4,CEX,0.0,,7700.0
2025-05-21 09:56:21,600.0,601.75,Call VEX 4,VEX,0.0,,7700.0
2025-05-21 09:56:21,800.0,802.25,Call CEX 5,CEX,0.0,,7700.0
2025-05-21 09:56:21,800.0,802.25,Call VEX 5,VEX,0.0,,7700.0
2025-05-21 09:56:21,4000.0,4011.75,Call DEX 1,DEX,891.891,,7700.0
2025-05-21 09:56:21,4800.0,4814.0,Put DEX 1,DEX,-261.449,,7700.0
2025-05-21 09:56:21,4800.0,4814.0,Put GEX 1,GEX,-75663.27,,7700.0
2025-05-21 09:56:21,4850.0,4864.0,Put DEX 2,DEX,-223.914,,7700.0
2025-05-21 09:56:21,4850.0,4864.0,Put GEX 2,GEX,-65862.903,,7700.0
2025-05-21 09:56:21,4900.0,4914.25,Put DEX 5,DEX,-40.147,,7700.0
2025-05-21 09:56:21,5000.0,5014.5,Call DEX 2,DEX,764.5,,7700.0
2025-05-21 09:56:21,5200.0,5215.25,Put DEX 4,DEX,-55.286,,7700.0
2025-05-21 09:56:21,5200.0,5215.25,Put GEX 4,GEX,-41361.364,,7700.0
2025-05-21 09:56:21,5300.0,5315.5,Put GEX 5,GEX,-26811.231,,7700.0
2025-05-21 09:56:21,5310.0,5325.5,Put DEX 3,DEX,-85.614,,7700.0
2025-05-21 09:56:21,5310.0,5325.5,Put GEX 3,GEX,-45916.94,,7700.0
2025-05-21 09:56:21,5700.0,5716.5,Call DEX 4,DEX,121.665,,7700.0
2025-05-21 09:56:21,5905.0,5922.25,Call DEX 3,DEX,141.091,,7700.0
2025-05-21 09:56:21,5905.0,5922.25,Call GEX 3,GEX,133762.203,,7700.0
2025-05-21 09:56:21,6000.0,6017.5,Call GEX 1,GEX,243724.137,,7700.0
2025-05-21 09:56:21,6050.0,6067.5,Call GEX 5,GEX,95325.044,,7700.0
2025-05-21 09:56:21,6100.0,6117.75,Call DEX 5,DEX,120.658,,7700.0
2025-05-21 09:56:21,6100.0,6117.75,Call GEX 2,GEX,219941.579,,7700.0
2025-05-21 09:56:21,6200.0,6218.0,Call GEX 4,GEX,115606.601,,7700.0
2025-05-21 09:56:21,9600.0,9628.0,Put CEX 5,CEX,0.0,,7700.0
2025-05-21 09:56:21,9600.0,9628.0,Put VEX 5,VEX,0.0,,7700.0
2025-05-21 09:56:21,10000.0,10029.0,Put CEX 4,CEX,0.0,,7700.0
2025-05-21 09:56:21,10000.0,10029.0,Put VEX 4,VEX,0.0,,7700.0
2025-05-21 09:56:21,10100.0,10129.5,Put CEX 3,CEX,0.0,,7700.0
2025-05-21 09:56:21,10100.0,10129.5,Put VEX 3,VEX,0.0,,7700.0
2025-05-21 09:56:21,10200.0,10229.75,Put CEX 2,CEX,0.0,,7700.0
2025-05-21 09:56:21,10200.0,10229.75,Put VEX 2,VEX,0.0,,7700.0
2025-05-21 09:56:21,10400.0,10430.25,Put CEX 1,CEX,0.0,,7700.0
2025-05-21 09:56:21,10400.0,10430.25,Put VEX 1,VEX,0.0,,7700.0
2025-05-21 09:56:21,12000.0,12035.0,Call CEX 1,CEX,0.0,,7700.0
2025-05-21 09:56:21,12000.0,12035.0,Call VEX 1,VEX,0.0,,7700.0
2025-05-21 09:57:46,200.0,200.5,Call CEX 2,CEX,0.0,,7700.0
2025-05-21 09:57:46,200.0,200.5,Call VEX 2,VEX,0.0,,7700.0
2025-05-21 09:57:46,400.0,401.25,Call CEX 3,CEX,0.0,,7700.0
2025-05-21 09:57:46,400.0,401.25,Call VEX 3,VEX,0.0,,7700.0
2025-05-21 09:57:46,600.0,601.75,Call CEX 4,CEX,0.0,,7700.0
2025-05-21 09:57:46,600.0,601.75,Call VEX 4,VEX,0.0,,7700.0
2025-05-21 09:57:46,800.0,802.25,Call CEX 5,CEX,0.0,,7700.0
2025-05-21 09:57:46,800.0,802.25,Call VEX 5,VEX,0.0,,7700.0
2025-05-21 09:57:46,4000.0,4011.75,Call DEX 1,DEX,891.574,,7700.0
2025-05-21 09:57:46,4800.0,4814.25,Put DEX 1,DEX,-261.42,,7700.0
2025-05-21 09:57:46,4800.0,4814.25,Put GEX 1,GEX,-75752.79,,7700.0
2025-05-21 09:57:46,4850.0,4864.25,Put DEX 2,DEX,-223.889,,7700.0
2025-05-21 09:57:46,4850.0,4864.25,Put GEX 2,GEX,-65957.34,,7700.0
2025-05-21 09:57:46,4900.0,4914.5,Put DEX 5,DEX,-40.127,,7700.0
2025-05-21 09:57:46,5000.0,5014.75,Call DEX 2,DEX,765.069,,7700.0
2025-05-21 09:57:46,5200.0,5215.5,Put DEX 4,DEX,-55.25,,7700.0
2025-05-21 09:57:46,5200.0,5215.5,Put GEX 4,GEX,-41385.915,,7700.0
2025-05-21 09:57:46,5300.0,5315.75,Put GEX 5,GEX,-26761.666,,7700.0
2025-05-21 09:57:46,5310.0,5325.75,Put DEX 3,DEX,-85.637,,7700.0
2025-05-21 09:57:46,5310.0,5325.75,Put GEX 3,GEX,-45984.585,,7700.0
2025-05-21 09:57:46,5700.0,5717.0,Call DEX 4,DEX,121.249,,7700.0
2025-05-21 09:57:46,5905.0,5922.5,Call DEX 3,DEX,140.691,,7700.0
2025-05-21 09:57:46,5905.0,5922.5,Call GEX 3,GEX,134618.54,,7700.0
2025-05-21 09:57:46,6000.0,6017.75,Call GEX 1,GEX,252260.531,,7700.0
2025-05-21 09:57:46,6050.0,6068.0,Call GEX 5,GEX,95589.924,,7700.0
2025-05-21 09:57:46,6100.0,6118.0,Call DEX 5,DEX,119.968,,7700.0
2025-05-21 09:57:46,6100.0,6118.0,Call GEX 2,GEX,219779.937,,7700.0
2025-05-21 09:57:46,6200.0,6218.25,Call GEX 4,GEX,115139.982,,7700.0
2025-05-21 09:57:46,9600.0,9628.5,Put CEX 5,CEX,0.0,,7700.0
2025-05-21 09:57:46,9600.0,9628.5,Put VEX 5,VEX,0.0,,7700.0
2025-05-21 09:57:46,10000.0,10029.5,Put CEX 4,CEX,0.0,,7700.0
2025-05-21 09:57:46,10000.0,10029.5,Put VEX 4,VEX,0.0,,7700.0
2025-05-21 09:57:46,10100.0,10130.0,Put CEX 3,CEX,0.0,,7700.0
2025-05-21 09:57:46,10100.0,10130.0,Put VEX 3,VEX,0.0,,7700.0
2025-05-21 09:57:46,10200.0,10230.25,Put CEX 2,CEX,0.0,,7700.0
2025-05-21 09:57:46,10200.0,10230.25,Put VEX 2,VEX,0.0,,7700.0
2025-05-21 09:57:46,10400.0,10430.75,Put CEX 1,CEX,0.0,,7700.0
2025-05-21 09:57:46,10400.0,10430.75,Put VEX 1,VEX,0.0,,7700.0
2025-05-21 09:57:46,12000.0,12035.5,Call CEX 1,CEX,0.0,,7700.0
2025-05-21 09:57:46,12000.0,12035.5,Call VEX 1,VEX,0.0,,7700.0
2025-05-21 09:59:06,200.0,200.5,Call CEX 2,CEX,0.0,,7700.0
2025-05-21 09:59:06,200.0,200.5,Call VEX 2,VEX,0.0,,7700.0
2025-05-21 09:59:06,400.0,401.25,Call CEX 3,CEX,0.0,,7700.0
2025-05-21 09:59:06,400.0,401.25,Call VEX 3,VEX,0.0,,7700.0
2025-05-21 09:59:06,600.0,601.75,Call CEX 4,CEX,0.0,,7700.0
2025-05-21 09:59:06,600.0,601.75,Call VEX 4,VEX,0.0,,7700.0
2025-05-21 09:59:06,800.0,802.25,Call CEX 5,CEX,0.0,,7700.0
2025-05-21 09:59:06,800.0,802.25,Call VEX 5,VEX,0.0,,7700.0
2025-05-21 09:59:06,4000.0,4011.5,Call DEX 1,DEX,891.162,,7700.0
2025-05-21 09:59:06,4800.0,4813.75,Put DEX 1,DEX,-261.41,,7700.0
2025-05-21 09:59:06,4800.0,4813.75,Put GEX 1,GEX,-75842.678,,7700.0
2025-05-21 09:59:06,4850.0,4863.75,Put DEX 2,DEX,-223.87,,7700.0
2025-05-21 09:59:06,4850.0,4863.75,Put GEX 2,GEX,-66028.509,,7700.0
2025-05-21 09:59:06,4900.0,4914.0,Put DEX 5,DEX,-40.141,,7700.0
2025-05-21 09:59:06,5000.0,5014.25,Call DEX 2,DEX,763.924,,7700.0
2025-05-21 09:59:06,5200.0,5214.75,Put DEX 4,DEX,-55.325,,7700.0
2025-05-21 09:59:06,5200.0,5214.75,Put GEX 4,GEX,-41472.134,,7700.0
2025-05-21 09:59:06,5300.0,5315.0,Put GEX 5,GEX,-26844.516,,7700.0
2025-05-21 09:59:06,5310.0,5325.0,Put DEX 3,DEX,-85.688,,7700.0
2025-05-21 09:59:06,5310.0,5325.0,Put GEX 3,GEX,-46083.302,,7700.0
2025-05-21 09:59:06,5700.0,5716.25,Call DEX 4,DEX,120.481,,7700.0
2025-05-21 09:59:06,5905.0,5921.75,Call DEX 3,DEX,140.344,,7700.0
2025-05-21 09:59:06,5905.0,5921.75,Call GEX 3,GEX,134116.497,,7700.0
2025-05-21 09:59:06,6000.0,6017.0,Call GEX 1,GEX,247748.46,,7700.0
2025-05-21 09:59:06,6050.0,6067.25,Call GEX 5,GEX,94877.648,,7700.0
2025-05-21 09:59:06,6100.0,6117.25,Call DEX 5,DEX,119.632,,7700.0
2025-05-21 09:59:06,6100.0,6117.25,Call GEX 2,GEX,217855.026,,7700.0
2025-05-21 09:59:06,6200.0,6217.75,Call GEX 4,GEX,114418.384,,7700.0
2025-05-21 09:59:06,9600.0,9627.25,Put CEX 5,CEX,0.0,,7700.0
2025-05-21 09:59:06,9600.0,9627.25,Put VEX 5,VEX,0.0,,7700.0
2025-05-21 09:59:06,10000.0,10028.5,Put CEX 4,CEX,0.0,,7700.0
2025-05-21 09:59:06,10000.0,10028.5,Put VEX 4,VEX,0.0,,7700.0
2025-05-21 09:59:06,10100.0,10128.75,Put CEX 3,CEX,0.0,,7700.0
2025-05-21 09:59:06,10100.0,10128.75,Put VEX 3,VEX,0.0,,7700.0
2025-05-21 09:59:06,10200.0,10229.0,Put CEX 2,CEX,0.0,,7700.0
2025-05-21 09:59:06,10200.0,10229.0,Put VEX 2,VEX,0.0,,7700.0
2025-05-21 09:59:06,10400.0,10429.5,Put CEX 1,CEX,0.0,,7700.0
2025-05-21 09:59:06,10400.0,10429.5,Put VEX 1,VEX,0.0,,7700.0
2025-05-21 09:59:06,12000.0,12034.25,Call CEX 1,CEX,0.0,,7700.0
2025-05-21 09:59:06,12000.0,12034.25,Call VEX 1,VEX,0.0,,7700.0
2025-05-21 10:00:31,200.0,200.5,Call CEX 2,CEX,0.0,,7700.0
2025-05-21 10:00:31,200.0,200.5,Call VEX 2,VEX,0.0,,7700.0
2025-05-21 10:00:31,400.0,401.25,Call CEX 3,CEX,0.0,,7700.0
2025-05-21 10:00:31,400.0,401.25,Call VEX 3,VEX,0.0,,7700.0
2025-05-21 10:00:31,600.0,601.75,Call CEX 4,CEX,0.0,,7700.0
2025-05-21 10:00:31,600.0,601.75,Call VEX 4,VEX,0.0,,7700.0
2025-05-21 10:00:31,800.0,802.25,Call CEX 5,CEX,0.0,,7700.0
2025-05-21 10:00:31,800.0,802.25,Call VEX 5,VEX,0.0,,7700.0
2025-05-21 10:00:31,4000.0,4011.75,Call DEX 1,DEX,890.404,,7700.0
2025-05-21 10:00:31,4800.0,4814.0,Put DEX 1,DEX,-261.399,,7700.0
2025-05-21 10:00:31,4800.0,4814.0,Put GEX 1,GEX,-75963.588,,7700.0
2025-05-21 10:00:31,4850.0,4864.25,Put DEX 2,DEX,-223.85,,7700.0
2025-05-21 10:00:31,4850.0,4864.25,Put GEX 2,GEX,-66129.001,,7700.0
2025-05-21 10:00:31,4900.0,4914.5,Put DEX 5,DEX,-40.15,,7700.0
2025-05-21 10:00:31,5000.0,5014.75,Call DEX 2,DEX,762.55,,7700.0
2025-05-21 10:00:31,5200.0,5215.25,Put DEX 4,DEX,-55.432,,7700.0
2025-05-21 10:00:31,5200.0,5215.25,Put GEX 4,GEX,-41604.895,,7700.0
2025-05-21 10:00:31,5300.0,5315.5,Put GEX 5,GEX,-26996.652,,7700.0
2025-05-21 10:00:31,5310.0,5325.5,Put DEX 3,DEX,-85.717,,7700.0
2025-05-21 10:00:31,5310.0,5325.5,Put GEX 3,GEX,-46184.482,,7700.0
2025-05-21 10:00:31,5700.0,5716.75,Call DEX 5,DEX,117.922,,7700.0
2025-05-21 10:00:31,5905.0,5922.25,Call DEX 3,DEX,139.88,,7700.0
2025-05-21 10:00:31,5905.0,5922.25,Call GEX 3,GEX,133378.08,,7700.0
2025-05-21 10:00:31,6000.0,6017.5,Call GEX 1,GEX,238244.361,,7700.0
2025-05-21 10:00:31,6050.0,6067.75,Call GEX 5,GEX,93746.841,,7700.0
2025-05-21 10:00:31,6100.0,6118.0,Call DEX 4,DEX,119.165,,7700.0
2025-05-21 10:00:31,6100.0,6118.0,Call GEX 2,GEX,215600.971,,7700.0
2025-05-21 10:00:31,6200.0,6218.25,Call GEX 4,GEX,113489.812,,7700.0
2025-05-21 10:00:31,9600.0,9628.25,Put CEX 5,CEX,0.0,,7700.0
2025-05-21 10:00:31,9600.0,9628.25,Put VEX 5,VEX,0.0,,7700.0
2025-05-21 10:00:31,10000.0,10029.25,Put CEX 4,CEX,0.0,,7700.0
2025-05-21 10:00:31,10000.0,10029.25,Put VEX 4,VEX,0.0,,7700.0
2025-05-21 10:00:31,10100.0,10129.75,Put CEX 3,CEX,0.0,,7700.0
2025-05-21 10:00:31,10100.0,10129.75,Put VEX 3,VEX,0.0,,7700.0
2025-05-21 10:00:31,10200.0,10230.0,Put CEX 2,CEX,0.0,,7700.0
2025-05-21 10:00:31,10200.0,10230.0,Put VEX 2,VEX,0.0,,7700.0
2025-05-21 10:00:31,10400.0,10430.5,Put CEX 1,CEX,0.0,,7700.0
2025-05-21 10:00:31,10400.0,10430.5,Put VEX 1,VEX,0.0,,7700.0
2025-05-21 10:00:31,12000.0,12035.25,Call CEX 1,CEX,0.0,,7700.0
2025-05-21 10:00:31,12000.0,12035.25,Call VEX 1,VEX,0.0,,7700.0
2025-05-21 10:01:53,200.0,200.5,Call CEX 2,CEX,0.0,,7700.0
2025-05-21 10:01:53,200.0,200.5,Call VEX 2,VEX,0.0,,7700.0
2025-05-21 10:01:53,400.0,401.25,Call CEX 3,CEX,0.0,,7700.0
2025-05-21 10:01:53,400.0,401.25,Call VEX 3,VEX,0.0,,7700.0
2025-05-21 10:01:53,600.0,601.75,Call CEX 4,CEX,0.0,,7700.0
2025-05-21 10:01:53,600.0,601.75,Call VEX 4,VEX,0.0,,7700.0
2025-05-21 10:01:53,800.0,802.5,Call CEX 5,CEX,0.0,,7700.0
2025-05-21 10:01:53,800.0,802.5,Call VEX 5,VEX,0.0,,7700.0
2025-05-21 10:01:53,4000.0,4012.0,Call DEX 1,DEX,890.569,,7700.0
2025-05-21 10:01:53,4800.0,4814.25,Put DEX 1,DEX,-261.404,,7700.0
2025-05-21 10:01:53,4800.0,4814.25,Put GEX 1,GEX,-76021.899,,7700.0
2025-05-21 10:01:53,4850.0,4864.5,Put DEX 2,DEX,-223.834,,7700.0
2025-05-21 10:01:53,4850.0,4864.5,Put GEX 2,GEX,-66185.0,,7700.0
2025-05-21 10:01:53,4900.0,4914.5,Put DEX 5,DEX,-40.17,,7700.0
2025-05-21 10:01:53,5000.0,5015.0,Call DEX 2,DEX,759.32,,7700.0
2025-05-21 10:01:53,5200.0,5215.5,Put DEX 4,DEX,-55.545,,7700.0
2025-05-21 10:01:53,5200.0,5215.5,Put GEX 4,GEX,-41729.65,,7700.0
2025-05-21 10:01:53,5300.0,5315.75,Put GEX 5,GEX,-27197.71,,7700.0
2025-05-21 10:01:53,5310.0,5325.75,Put DEX 3,DEX,-85.764,,7700.0
2025-05-21 10:01:53,5310.0,5325.75,Put GEX 3,GEX,-46297.356,,7700.0
2025-05-21 10:01:53,5700.0,5717.0,Call DEX 5,DEX,118.522,,7700.0
2025-05-21 10:01:53,5905.0,5922.5,Call DEX 3,DEX,139.645,,7700.0
2025-05-21 10:01:53,5905.0,5922.5,Call GEX 3,GEX,132775.981,,7700.0
2025-05-21 10:01:53,6000.0,6017.75,Call GEX 1,GEX,229613.929,,7700.0
2025-05-21 10:01:53,6050.0,6068.0,Call GEX 5,GEX,92877.634,,7700.0
2025-05-21 10:01:53,6100.0,6118.25,Call DEX 4,DEX,118.892,,7700.0
2025-05-21 10:01:53,6100.0,6118.25,Call GEX 2,GEX,213905.99,,7700.0
2025-05-21 10:01:53,6200.0,6218.5,Call GEX 4,GEX,112735.158,,7700.0
2025-05-21 10:01:53,9600.0,9628.5,Put CEX 5,CEX,0.0,,7700.0
2025-05-21 10:01:53,9600.0,9628.5,Put VEX 5,VEX,0.0,,7700.0
2025-05-21 10:01:53,10000.0,10029.75,Put CEX 4,CEX,0.0,,7700.0
2025-05-21 10:01:53,10000.0,10029.75,Put VEX 4,VEX,0.0,,7700.0
2025-05-21 10:01:53,10100.0,10130.0,Put CEX 3,CEX,0.0,,7700.0
2025-05-21 10:01:53,10100.0,10130.0,Put VEX 3,VEX,0.0,,7700.0
2025-05-21 10:01:53,10200.0,10230.5,Put CEX 2,CEX,0.0,,7700.0
2025-05-21 10:01:53,10200.0,10230.5,Put VEX 2,VEX,0.0,,7700.0
2025-05-21 10:01:53,10400.0,10431.0,Put CEX 1,CEX,0.0,,7700.0
2025-05-21 10:01:53,10400.0,10431.0,Put VEX 1,VEX,0.0,,7700.0
2025-05-21 10:01:53,12000.0,12035.75,Call CEX 1,CEX,0.0,,7700.0
2025-05-21 10:01:53,12000.0,12035.75,Call VEX 1,VEX,0.0,,7700.0
2025-05-21 10:03:14,200.0,200.5,Call CEX 2,CEX,0.0,,7700.0
2025-05-21 10:03:14,200.0,200.5,Call VEX 2,VEX,0.0,,7700.0
2025-05-21 10:03:14,400.0,401.25,Call CEX 3,CEX,0.0,,7700.0
2025-05-21 10:03:14,400.0,401.25,Call VEX 3,VEX,0.0,,7700.0
2025-05-21 10:03:14,600.0,601.75,Call CEX 4,CEX,0.0,,7700.0
2025-05-21 10:03:14,600.0,601.75,Call VEX 4,VEX,0.0,,7700.0
2025-05-21 10:03:14,800.0,802.25,Call CEX 5,CEX,0.0,,7700.0
2025-05-21 10:03:14,800.0,802.25,Call VEX 5,VEX,0.0,,7700.0
2025-05-21 10:03:14,4000.0,4011.25,Call DEX 1,DEX,891.186,,7700.0
2025-05-21 10:03:14,4800.0,4813.75,Put DEX 1,DEX,-261.394,,7700.0
2025-05-21 10:03:14,4800.0,4813.75,Put GEX 1,GEX,-75969.039,,7700.0
2025-05-21 10:03:14,4850.0,4863.75,Put DEX 2,DEX,-223.843,,7700.0
2025-05-21 10:03:14,4850.0,4863.75,Put GEX 2,GEX,-66150.625,,7700.0
2025-05-21 10:03:14,4900.0,4914.0,Put DEX 5,DEX,-40.11,,7700.0
2025-05-21 10:03:14,5000.0,5014.25,Call DEX 2,DEX,765.693,,7700.0
2025-05-21 10:03:14,5200.0,5214.75,Put DEX 4,DEX,-55.232,,7700.0
2025-05-21 10:03:14,5200.0,5214.75,Put GEX 4,GEX,-41464.567,,7700.0
2025-05-21 10:03:14,5300.0,5315.0,Put GEX 5,GEX,-26719.135,,7700.0
2025-05-21 10:03:14,5310.0,5325.0,Put DEX 3,DEX,-85.703,,7700.0
2025-05-21 10:03:14,5310.0,5325.0,Put GEX 3,GEX,-46133.555,,7700.0
2025-05-21 10:03:14,5700.0,5716.25,Call DEX 4,DEX,120.135,,7700.0
2025-05-21 10:03:14,5905.0,5921.75,Call DEX 3,DEX,139.811,,7700.0
2025-05-21 10:03:14,5905.0,5921.75,Call GEX 3,GEX,135667.226,,7700.0
2025-05-21 10:03:14,6000.0,6017.0,Call GEX 1,GEX,266695.617,,7700.0
2025-05-21 10:03:14,6050.0,6067.25,Call GEX 5,GEX,96037.308,,7700.0
2025-05-21 10:03:14,6100.0,6117.25,Call DEX 5,DEX,118.699,,7700.0
2025-05-21 10:03:14,6100.0,6117.25,Call GEX 2,GEX,218444.799,,7700.0
2025-05-21 10:03:14,6200.0,6217.75,Call GEX 4,GEX,114114.18,,7700.0
2025-05-21 10:03:14,9600.0,9627.25,Put CEX 5,CEX,0.0,,7700.0
2025-05-21 10:03:14,9600.0,9627.25,Put VEX 5,VEX,0.0,,7700.0
2025-05-21 10:03:14,10000.0,10028.5,Put CEX 4,CEX,0.0,,7700.0
2025-05-21 10:03:14,10000.0,10028.5,Put VEX 4,VEX,0.0,,7700.0
2025-05-21 10:03:14,10100.0,10128.75,Put CEX 3,CEX,0.0,,7700.0
2025-05-21 10:03:14,10100.0,10128.75,Put VEX 3,VEX,0.0,,7700.0
2025-05-21 10:03:14,10200.0,10229.0,Put CEX 2,CEX,0.0,,7700.0
2025-05-21 10:03:14,10200.0,10229.0,Put VEX 2,VEX,0.0,,7700.0
2025-05-21 10:03:14,10400.0,10429.5,Put CEX 1,CEX,0.0,,7700.0
2025-05-21 10:03:14,10400.0,10429.5,Put VEX 1,VEX,0.0,,7700.0
2025-05-21 10:03:14,12000.0,12034.0,Call CEX 1,CEX,0.0,,7700.0
2025-05-21 10:03:14,12000.0,12034.0,Call VEX 1,VEX,0.0,,7700.0
2025-05-21 10:04:35,200.0,200.5,Call CEX 2,CEX,0.0,,7700.0
2025-05-21 10:04:35,200.0,200.5,Call VEX 2,VEX,0.0,,7700.0
2025-05-21 10:04:35,400.0,401.25,Call CEX 3,CEX,0.0,,7700.0
2025-05-21 10:04:35,400.0,401.25,Call VEX 3,VEX,0.0,,7700.0
2025-05-21 10:04:35,600.0,601.75,Call CEX 4,CEX,0.0,,7700.0
2025-05-21 10:04:35,600.0,601.75,Call VEX 4,VEX,0.0,,7700.0
2025-05-21 10:04:35,800.0,802.5,Call CEX 5,CEX,0.0,,7700.0
2025-05-21 10:04:35,800.0,802.5,Call VEX 5,VEX,0.0,,7700.0
2025-05-21 10:04:35,4000.0,4012.25,Call DEX 1,DEX,889.155,,7700.0
2025-05-21 10:04:35,4800.0,4814.75,Put DEX 1,DEX,-261.331,,7700.0
2025-05-21 10:04:35,4800.0,4814.75,Put GEX 1,GEX,-76309.994,,7700.0
2025-05-21 10:04:35,4850.0,4865.0,Put DEX 2,DEX,-223.767,,7700.0
2025-05-21 10:04:35,4850.0,4865.0,Put GEX 2,GEX,-66450.985,,7700.0
2025-05-21 10:04:35,4900.0,4915.25,Put DEX 5,DEX,-40.848,,7700.0
2025-05-21 10:04:35,5000.0,5015.5,Call DEX 2,DEX,757.24,,7700.0
2025-05-21 10:04:35,5200.0,5216.0,Put DEX 4,DEX,-55.747,,7700.0
2025-05-21 10:04:35,5200.0,5216.0,Put GEX 4,GEX,-42039.48,,7700.0
2025-05-21 10:04:35,5300.0,5316.5,Put GEX 5,GEX,-27463.867,,7700.0
2025-05-21 10:04:35,5310.0,5326.5,Put DEX 3,DEX,-85.831,,7700.0
2025-05-21 10:04:35,5310.0,5326.5,Put GEX 3,GEX,-46599.489,,7700.0
2025-05-21 10:04:35,5700.0,5717.75,Call DEX 5,DEX,115.836,,7700.0
2025-05-21 10:04:35,5905.0,5923.25,Call DEX 3,DEX,138.395,,7700.0
2025-05-21 10:04:35,5905.0,5923.25,Call GEX 3,GEX,130770.088,,7700.0
2025-05-21 10:04:35,6000.0,6018.5,Call GEX 2,GEX,206856.084,,7700.0
2025-05-21 10:04:35,6050.0,6068.75,Call GEX 5,GEX,90342.57,,7700.0
2025-05-21 10:04:35,6100.0,6118.75,Call DEX 4,DEX,117.431,,7700.0
2025-05-21 10:04:35,6100.0,6118.75,Call GEX 1,GEX,208347.062,,7700.0
2025-05-21 10:04:35,6200.0,6219.25,Call GEX 4,GEX,110562.128,,7700.0
2025-05-21 10:04:35,9600.0,9629.75,Put CEX 5,CEX,0.0,,7700.0
2025-05-21 10:04:35,9600.0,9629.75,Put VEX 5,VEX,0.0,,7700.0
2025-05-21 10:04:35,10000.0,10031.0,Put CEX 4,CEX,0.0,,7700.0
2025-05-21 10:04:35,10000.0,10031.0,Put VEX 4,VEX,0.0,,7700.0
2025-05-21 10:04:35,10100.0,10131.25,Put CEX 3,CEX,0.0,,7700.0
2025-05-21 10:04:35,10100.0,10131.25,Put VEX 3,VEX,0.0,,7700.0
2025-05-21 10:04:35,10200.0,10231.5,Put CEX 2,CEX,0.0,,7700.0
2025-05-21 10:04:35,10200.0,10231.5,Put VEX 2,VEX,0.0,,7700.0
2025-05-21 10:04:35,10400.0,10432.25,Put CEX 1,CEX,0.0,,7700.0
2025-05-21 10:04:35,10400.0,10432.25,Put VEX 1,VEX,0.0,,7700.0
2025-05-21 10:04:35,12000.0,12037.0,Call CEX 1,CEX,0.0,,7700.0
2025-05-21 10:04:35,12000.0,12037.0,Call VEX 1,VEX,0.0,,7700.0
2025-05-21 10:05:54,200.0,200.5,Call CEX 2,CEX,0.0,,7700.0
2025-05-21 10:05:54,200.0,200.5,Call VEX 2,VEX,0.0,,7700.0
2025-05-21 10:05:54,400.0,401.25,Call CEX 3,CEX,0.0,,7700.0
2025-05-21 10:05:54,400.0,401.25,Call VEX 3,VEX,0.0,,7700.0
2025-05-21 10:05:54,600.0,601.75,Call CEX 4,CEX,0.0,,7700.0
2025-05-21 10:05:54,600.0,601.75,Call VEX 4,VEX,0.0,,7700.0
2025-05-21 10:05:54,800.0,802.25,Call CEX 5,CEX,0.0,,7700.0
2025-05-21 10:05:54,800.0,802.25,Call VEX 5,VEX,0.0,,7700.0
2025-05-21 10:05:54,4000.0,4011.75,Call DEX 1,DEX,890.095,,7700.0
2025-05-21 10:05:54,4800.0,4814.25,Put DEX 1,DEX,-261.355,,7700.0
2025-05-21 10:05:54,4800.0,4814.25,Put GEX 1,GEX,-76109.377,,7700.0
2025-05-21 10:05:54,4850.0,4864.25,Put DEX 2,DEX,-223.805,,7700.0
2025-05-21 10:05:54,4850.0,4864.25,Put GEX 2,GEX,-66273.828,,7700.0
2025-05-21 10:05:54,4900.0,4914.5,Put DEX 5,DEX,-40.178,,7700.0
2025-05-21 10:05:54,5000.0,5014.75,Call DEX 2,DEX,759.815,,7700.0
2025-05-21 10:05:54,5200.0,5215.25,Put DEX 4,DEX,-55.576,,7700.0
2025-05-21 10:05:54,5200.0,5215.25,Put GEX 4,GEX,-41812.898,,7700.0
2025-05-21 10:05:54,5300.0,5315.75,Put GEX 5,GEX,-27242.876,,7700.0
2025-05-21 10:05:54,5310.0,5325.75,Put DEX 3,DEX,-85.78,,7700.0
2025-05-21 10:05:54,5310.0,5325.75,Put GEX 3,GEX,-46364.911,,7700.0
2025-05-21 10:05:54,5700.0,5716.75,Call DEX 5,DEX,117.708,,7700.0
2025-05-21 10:05:54,5905.0,5922.5,Call DEX 3,DEX,139.226,,7700.0
2025-05-21 10:05:54,5905.0,5922.5,Call GEX 3,GEX,132413.908,,7700.0
2025-05-21 10:05:54,6000.0,6017.75,Call GEX 1,GEX,226002.131,,7700.0
2025-05-21 10:05:54,6050.0,6068.0,Call GEX 5,GEX,92355.321,,7700.0
2025-05-21 10:05:54,6100.0,6118.0,Call DEX 4,DEX,118.332,,7700.0
2025-05-21 10:05:54,6100.0,6118.0,Call GEX 2,GEX,212618.114,,7700.0
2025-05-21 10:05:54,6200.0,6218.25,Call GEX 4,GEX,112163.383,,7700.0
2025-05-21 10:05:54,9600.0,9628.5,Put CEX 5,CEX,0.0,,7700.0
2025-05-21 10:05:54,9600.0,9628.5,Put VEX 5,VEX,0.0,,7700.0
2025-05-21 10:05:54,10000.0,10029.5,Put CEX 4,CEX,0.0,,7700.0
2025-05-21 10:05:54,10000.0,10029.5,Put VEX 4,VEX,0.0,,7700.0
2025-05-21 10:05:54,10100.0,10129.75,Put CEX 3,CEX,0.0,,7700.0
2025-05-21 10:05:54,10100.0,10129.75,Put VEX 3,VEX,0.0,,7700.0
2025-05-21 10:05:54,10200.0,10230.25,Put CEX 2,CEX,0.0,,7700.0
2025-05-21 10:05:54,10200.0,10230.25,Put VEX 2,VEX,0.0,,7700.0
2025-05-21 10:05:54,10400.0,10430.75,Put CEX 1,CEX,0.0,,7700.0
2025-05-21 10:05:54,10400.0,10430.75,Put VEX 1,VEX,0.0,,7700.0
2025-05-21 10:05:54,12000.0,12035.5,Call CEX 1,CEX,0.0,,7700.0
2025-05-21 10:05:54,12000.0,12035.5,Call VEX 1,VEX,0.0,,7700.0
2025-05-21 10:07:19,200.0,200.5,Call CEX 2,CEX,0.0,,7700.0
2025-05-21 10:07:19,200.0,200.5,Call VEX 2,VEX,0.0,,7700.0
2025-05-21 10:07:19,400.0,401.25,Call CEX 3,CEX,0.0,,7700.0
2025-05-21 10:07:19,400.0,401.25,Call VEX 3,VEX,0.0,,7700.0
2025-05-21 10:07:19,600.0,601.75,Call CEX 4,CEX,0.0,,7700.0
2025-05-21 10:07:19,600.0,601.75,Call VEX 4,VEX,0.0,,7700.0
2025-05-21 10:07:19,800.0,802.25,Call CEX 5,CEX,0.0,,7700.0
2025-05-21 10:07:19,800.0,802.25,Call VEX 5,VEX,0.0,,7700.0
2025-05-21 10:07:19,4000.0,4011.75,Call DEX 1,DEX,890.026,,7700.0
2025-05-21 10:07:19,4800.0,4814.0,Put DEX 1,DEX,-261.344,,7700.0
2025-05-21 10:07:19,4800.0,4814.0,Put GEX 1,GEX,-76125.43,,7700.0
2025-05-21 10:07:19,4850.0,4864.25,Put DEX 2,DEX,-223.802,,7700.0
2025-05-21 10:07:19,4850.0,4864.25,Put GEX 2,GEX,-66283.902,,7700.0
2025-05-21 10:07:19,4900.0,4914.25,Put DEX 5,DEX,-40.174,,7700.0
2025-05-21 10:07:19,5000.0,5014.5,Call DEX 2,DEX,759.925,,7700.0
2025-05-21 10:07:19,5200.0,5215.25,Put DEX 4,DEX,-55.586,,7700.0
2025-05-21 10:07:19,5200.0,5215.25,Put GEX 4,GEX,-41823.847,,7700.0
2025-05-21 10:07:19,5300.0,5315.5,Put GEX 5,GEX,-27212.597,,7700.0
2025-05-21 10:07:19,5310.0,5325.5,Put DEX 3,DEX,-85.781,,7700.0
2025-05-21 10:07:19,5310.0,5325.5,Put GEX 3,GEX,-46379.306,,7700.0
2025-05-21 10:07:19,5700.0,5716.5,Call DEX 5,DEX,117.584,,7700.0
2025-05-21 10:07:19,5905.0,5922.25,Call DEX 3,DEX,139.207,,7700.0
2025-05-21 10:07:19,5905.0,5922.25,Call GEX 3,GEX,132890.755,,7700.0
2025-05-21 10:07:19,6000.0,6017.5,Call GEX 1,GEX,232289.26,,7700.0
2025-05-21 10:07:19,6050.0,6067.75,Call GEX 5,GEX,92710.715,,7700.0
2025-05-21 10:07:19,6100.0,6117.75,Call DEX 4,DEX,118.237,,7700.0
2025-05-21 10:07:19,6100.0,6117.75,Call GEX 2,GEX,212794.707,,7700.0
2025-05-21 10:07:19,6200.0,6218.0,Call GEX 4,GEX,112166.712,,7700.0
2025-05-21 10:07:19,9600.0,9628.0,Put CEX 5,CEX,0.0,,7700.0
2025-05-21 10:07:19,9600.0,9628.0,Put VEX 5,VEX,0.0,,7700.0
2025-05-21 10:07:19,10000.0,10029.25,Put CEX 4,CEX,0.0,,7700.0
2025-05-21 10:07:19,10000.0,10029.25,Put VEX 4,VEX,0.0,,7700.0
2025-05-21 10:07:19,10100.0,10129.5,Put CEX 3,CEX,0.0,,7700.0
2025-05-21 10:07:19,10100.0,10129.5,Put VEX 3,VEX,0.0,,7700.0
2025-05-21 10:07:19,10200.0,10229.75,Put CEX 2,CEX,0.0,,7700.0
2025-05-21 10:07:19,10200.0,10229.75,Put VEX 2,VEX,0.0,,7700.0
2025-05-21 10:07:19,10400.0,10430.25,Put CEX 1,CEX,0.0,,7700.0
2025-05-21 10:07:19,10400.0,10430.25,Put VEX 1,VEX,0.0,,7700.0
2025-05-21 10:07:19,12000.0,12035.0,Call CEX 1,CEX,0.0,,7700.0
2025-05-21 10:07:19,12000.0,12035.0,Call VEX 1,VEX,0.0,,7700.0
2025-05-21 10:08:38,200.0,200.5,Call CEX 2,CEX,0.0,,7700.0
2025-05-21 10:08:38,200.0,200.5,Call VEX 2,VEX,0.0,,7700.0
2025-05-21 10:08:38,400.0,401.25,Call CEX 3,CEX,0.0,,7700.0
2025-05-21 10:08:38,400.0,401.25,Call VEX 3,VEX,0.0,,7700.0
2025-05-21 10:08:38,600.0,601.75,Call CEX 4,CEX,0.0,,7700.0
2025-05-21 10:08:38,600.0,601.75,Call VEX 4,VEX,0.0,,7700.0
2025-05-21 10:08:38,800.0,802.25,Call CEX 5,CEX,0.0,,7700.0
2025-05-21 10:08:38,800.0,802.25,Call VEX 5,VEX,0.0,,7700.0
2025-05-21 10:08:38,4000.0,4011.25,Call DEX 1,DEX,890.351,,7700.0
2025-05-21 10:08:38,4800.0,4813.75,Put DEX 1,DEX,-261.354,,7700.0
2025-05-21 10:08:38,4800.0,4813.75,Put GEX 1,GEX,-76059.42,,7700.0
2025-05-21 10:08:38,4850.0,4863.75,Put DEX 2,DEX,-223.821,,7700.0
2025-05-21 10:08:38,4850.0,4863.75,Put GEX 2,GEX,-66221.898,,7700.0
2025-05-21 10:08:38,4900.0,4914.0,Put DEX 5,DEX,-40.169,,7700.0
2025-05-21 10:08:38,5000.0,5014.25,Call DEX 2,DEX,760.392,,7700.0
2025-05-21 10:08:38,5200.0,5214.75,Put DEX 4,DEX,-55.558,,7700.0
2025-05-21 10:08:38,5200.0,5214.75,Put GEX 4,GEX,-41768.162,,7700.0
2025-05-21 10:08:38,5300.0,5315.0,Put GEX 5,GEX,-27181.36,,7700.0
2025-05-21 10:08:38,5310.0,5325.0,Put DEX 3,DEX,-85.765,,7700.0
2025-05-21 10:08:38,5310.0,5325.0,Put GEX 3,GEX,-46307.329,,7700.0
2025-05-21 10:08:38,5700.0,5716.25,Call DEX 5,DEX,118.114,,7700.0
2025-05-21 10:08:38,5905.0,5921.75,Call DEX 3,DEX,139.495,,7700.0
2025-05-21 10:08:38,5905.0,5921.75,Call GEX 3,GEX,133513.248,,7700.0
2025-05-21 10:08:38,6000.0,6017.0,Call GEX 1,GEX,235017.471,,7700.0
2025-05-21 10:08:38,6050.0,6067.25,Call GEX 5,GEX,93275.072,,7700.0
2025-05-21 10:08:38,6100.0,6117.25,Call DEX 4,DEX,118.515,,7700.0
2025-05-21 10:08:38,6100.0,6117.25,Call GEX 2,GEX,213818.952,,7700.0
2025-05-21 10:08:38,6200.0,6217.5,Call GEX 4,GEX,113131.757,,7700.0
2025-05-21 10:08:38,9600.0,9627.25,Put CEX 5,CEX,0.0,,7700.0
2025-05-21 10:08:38,9600.0,9627.25,Put VEX 5,VEX,0.0,,7700.0
2025-05-21 10:08:38,10000.0,10028.5,Put CEX 4,CEX,0.0,,7700.0
2025-05-21 10:08:38,10000.0,10028.5,Put VEX 4,VEX,0.0,,7700.0
2025-05-21 10:08:38,10100.0,10128.75,Put CEX 3,CEX,0.0,,7700.0
2025-05-21 10:08:38,10100.0,10128.75,Put VEX 3,VEX,0.0,,7700.0
2025-05-21 10:08:38,10200.0,10229.0,Put CEX 2,CEX,0.0,,7700.0
2025-05-21 10:08:38,10200.0,10229.0,Put VEX 2,VEX,0.0,,7700.0
2025-05-21 10:08:38,10400.0,10429.5,Put CEX 1,CEX,0.0,,7700.0
2025-05-21 10:08:38,10400.0,10429.5,Put VEX 1,VEX,0.0,,7700.0
2025-05-21 10:08:38,12000.0,12034.0,Call CEX 1,CEX,0.0,,7700.0
2025-05-21 10:08:38,12000.0,12034.0,Call VEX 1,VEX,0.0,,7700.0
2025-05-21 10:10:01,200.0,200.5,Call CEX 2,CEX,0.0,,7700.0
2025-05-21 10:10:01,200.0,200.5,Call VEX 2,VEX,0.0,,7700.0
2025-05-21 10:10:01,400.0,401.25,Call CEX 3,CEX,0.0,,7700.0
2025-05-21 10:10:01,400.0,401.25,Call VEX 3,VEX,0.0,,7700.0
2025-05-21 10:10:01,600.0,601.75,Call CEX 4,CEX,0.0,,7700.0
2025-05-21 10:10:01,600.0,601.75,Call VEX 4,VEX,0.0,,7700.0
2025-05-21 10:10:01,800.0,802.25,Call CEX 5,CEX,0.0,,7700.0
2025-05-21 10:10:01,800.0,802.25,Call VEX 5,VEX,0.0,,7700.0
2025-05-21 10:10:01,4000.0,4011.5,Call DEX 1,DEX,891.386,,7700.0
2025-05-21 10:10:01,4800.0,4813.75,Put DEX 1,DEX,-261.328,,7700.0
2025-05-21 10:10:01,4800.0,4813.75,Put GEX 1,GEX,-76062.499,,7700.0
2025-05-21 10:10:01,4850.0,4863.75,Put DEX 2,DEX,-223.834,,7700.0
2025-05-21 10:10:01,4850.0,4863.75,Put GEX 2,GEX,-66246.167,,7700.0
2025-05-21 10:10:01,4900.0,4914.0,Put DEX 5,DEX,-40.07,,7700.0
2025-05-21 10:10:01,5000.0,5014.25,Call DEX 2,DEX,768.173,,7700.0
2025-05-21 10:10:01,5200.0,5214.75,Put DEX 4,DEX,-55.075,,7700.0
2025-05-21 10:10:01,5200.0,5214.75,Put GEX 4,GEX,-41389.436,,7700.0
2025-05-21 10:10:01,5300.0,5315.25,Put GEX 5,GEX,-26510.423,,7700.0
2025-05-21 10:10:01,5310.0,5325.25,Put DEX 3,DEX,-85.746,,7700.0
2025-05-21 10:10:01,5310.0,5325.25,Put GEX 3,GEX,-46127.366,,7700.0
2025-05-21 10:10:01,5700.0,5716.25,Call DEX 4,DEX,119.876,,7700.0
2025-05-21 10:10:01,5905.0,5921.75,Call DEX 3,DEX,139.479,,7700.0
2025-05-21 10:10:01,5905.0,5921.75,Call GEX 3,GEX,139849.705,,7700.0
2025-05-21 10:10:01,6000.0,6017.25,Call GEX 1,GEX,293134.754,,7700.0
2025-05-21 10:10:01,6050.0,6067.25,Call GEX 5,GEX,97720.161,,7700.0
2025-05-21 10:10:01,6100.0,6117.5,Call DEX 5,DEX,117.981,,7700.0
2025-05-21 10:10:01,6100.0,6117.5,Call GEX 2,GEX,219809.159,,7700.0
2025-05-21 10:10:01,6200.0,6217.75,Call GEX 4,GEX,114041.919,,7700.0
2025-05-21 10:10:01,9600.0,9627.5,Put CEX 5,CEX,0.0,,7700.0
2025-05-21 10:10:01,9600.0,9627.5,Put VEX 5,VEX,0.0,,7700.0
2025-05-21 10:10:01,10000.0,10028.5,Put CEX 4,CEX,0.0,,7700.0
2025-05-21 10:10:01,10000.0,10028.5,Put VEX 4,VEX,0.0,,7700.0
2025-05-21 10:10:01,10100.0,10128.75,Put CEX 3,CEX,0.0,,7700.0
2025-05-21 10:10:01,10100.0,10128.75,Put VEX 3,VEX,0.0,,7700.0
2025-05-21 10:10:01,10200.0,10229.25,Put CEX 2,CEX,0.0,,7700.0
2025-05-21 10:10:01,10200.0,10229.25,Put VEX 2,VEX,0.0,,7700.0
2025-05-21 10:10:01,10400.0,10429.75,Put CEX 1,CEX,0.0,,7700.0
2025-05-21 10:10:01,10400.0,10429.75,Put VEX 1,VEX,0.0,,7700.0
2025-05-21 10:10:01,12000.0,12034.25,Call CEX 1,CEX,0.0,,7700.0
2025-05-21 10:10:01,12000.0,12034.25,Call VEX 1,VEX,0.0,,7700.0
2025-05-21 10:11:21,200.0,200.5,Call CEX 2,CEX,0.0,,7700.0
2025-05-21 10:11:21,200.0,200.5,Call VEX 2,VEX,0.0,,7700.0
2025-05-21 10:11:21,400.0,401.25,Call CEX 3,CEX,0.0,,7700.0
2025-05-21 10:11:21,400.0,401.25,Call VEX 3,VEX,0.0,,7700.0
2025-05-21 10:11:21,600.0,601.75,Call CEX 4,CEX,0.0,,7700.0
2025-05-21 10:11:21,600.0,601.75,Call VEX 4,VEX,0.0,,7700.0
2025-05-21 10:11:21,800.0,802.25,Call CEX 5,CEX,0.0,,7700.0
2025-05-21 10:11:21,800.0,802.25,Call VEX 5,VEX,0.0,,7700.0
2025-05-21 10:11:21,4000.0,4011.75,Call DEX 1,DEX,889.187,,7700.0
2025-05-21 10:11:21,4750.0,4763.75,Put DEX 5,DEX,-47.334,,7700.0
2025-05-21 10:11:21,4800.0,4814.0,Put DEX 1,DEX,-261.419,,7700.0
2025-05-21 10:11:21,4800.0,4814.0,Put GEX 1,GEX,-76521.948,,7700.0
2025-05-21 10:11:21,4850.0,4864.25,Put DEX 2,DEX,-223.747,,7700.0
2025-05-21 10:11:21,4850.0,4864.25,Put GEX 2,GEX,-66612.873,,7700.0
2025-05-21 10:11:21,5000.0,5014.5,Call DEX 2,DEX,762.49,,7700.0
2025-05-21 10:11:21,5200.0,5215.25,Put DEX 4,DEX,-55.492,,7700.0
2025-05-21 10:11:21,5200.0,5215.25,Put GEX 4,GEX,-41888.211,,7700.0
2025-05-21 10:11:21,5300.0,5315.5,Put GEX 5,GEX,-27057.754,,7700.0
2025-05-21 10:11:21,5310.0,5325.5,Put DEX 3,DEX,-85.91,,7700.0
2025-05-21 10:11:21,5310.0,5325.5,Put GEX 3,GEX,-46580.851,,7700.0
2025-05-21 10:11:21,5700.0,5716.5,Call DEX 5,DEX,115.548,,7700.0
2025-05-21 10:11:21,5905.0,5922.25,Call DEX 3,DEX,137.731,,7700.0
2025-05-21 10:11:21,5905.0,5922.25,Call GEX 3,GEX,136232.067,,7700.0
2025-05-21 10:11:21,6000.0,6017.5,Call GEX 1,GEX,259792.166,,7700.0
2025-05-21 10:11:21,6050.0,6067.75,Call GEX 5,GEX,93308.957,,7700.0
2025-05-21 10:11:21,6100.0,6117.75,Call DEX 4,DEX,116.293,,7700.0
2025-05-21 10:11:21,6100.0,6117.75,Call GEX 2,GEX,210805.853,,7700.0
2025-05-21 10:11:21,6200.0,6218.0,Call GEX 4,GEX,110453.924,,7700.0
2025-05-21 10:11:21,9600.0,9628.0,Put CEX 5,CEX,0.0,,7700.0
2025-05-21 10:11:21,9600.0,9628.0,Put VEX 5,VEX,0.0,,7700.0
2025-05-21 10:11:21,10000.0,10029.25,Put CEX 4,CEX,0.0,,7700.0
2025-05-21 10:11:21,10000.0,10029.25,Put VEX 4,VEX,0.0,,7700.0
2025-05-21 10:11:21,10100.0,10129.5,Put CEX 3,CEX,0.0,,7700.0
2025-05-21 10:11:21,10100.0,10129.5,Put VEX 3,VEX,0.0,,7700.0
2025-05-21 10:11:21,10200.0,10229.75,Put CEX 2,CEX,0.0,,7700.0
2025-05-21 10:11:21,10200.0,10229.75,Put VEX 2,VEX,0.0,,7700.0
2025-05-21 10:11:21,10400.0,10430.25,Put CEX 1,CEX,0.0,,7700.0
2025-05-21 10:11:21,10400.0,10430.25,Put VEX 1,VEX,0.0,,7700.0
2025-05-21 10:11:21,12000.0,12035.0,Call CEX 1,CEX,0.0,,7700.0
2025-05-21 10:11:21,12000.0,12035.0,Call VEX 1,VEX,0.0,,7700.0
2025-05-21 10:12:39,200.0,200.5,Call CEX 2,CEX,0.0,,7700.0
2025-05-21 10:12:39,200.0,200.5,Call VEX 2,VEX,0.0,,7700.0
2025-05-21 10:12:39,400.0,401.25,Call CEX 3,CEX,0.0,,7700.0
2025-05-21 10:12:39,400.0,401.25,Call VEX 3,VEX,0.0,,7700.0
2025-05-21 10:12:39,600.0,601.75,Call CEX 4,CEX,0.0,,7700.0
2025-05-21 10:12:39,600.0,601.75,Call VEX 4,VEX,0.0,,7700.0
2025-05-21 10:12:39,800.0,802.25,Call CEX 5,CEX,0.0,,7700.0
2025-05-21 10:12:39,800.0,802.25,Call VEX 5,VEX,0.0,,7700.0
2025-05-21 10:12:39,4000.0,4011.5,Call DEX 1,DEX,888.634,,7700.0
2025-05-21 10:12:39,4750.0,4763.75,Put DEX 5,DEX,-47.33,,7700.0
2025-05-21 10:12:39,4800.0,4813.75,Put DEX 1,DEX,-261.391,,7700.0
2025-05-21 10:12:39,4800.0,4813.75,Put GEX 1,GEX,-76678.428,,7700.0
2025-05-21 10:12:39,4850.0,4864.0,Put DEX 2,DEX,-223.721,,7700.0
2025-05-21 10:12:39,4850.0,4864.0,Put GEX 2,GEX,-66758.108,,7700.0
2025-05-21 10:12:39,5000.0,5014.25,Call DEX 2,DEX,761.032,,7700.0
2025-05-21 10:12:39,5200.0,5215.0,Put DEX 4,DEX,-55.599,,7700.0
2025-05-21 10:12:39,5200.0,5215.0,Put GEX 4,GEX,-42042.274,,7700.0
2025-05-21 10:12:39,5300.0,5315.25,Put GEX 5,GEX,-27165.187,,7700.0
2025-05-21 10:12:39,5310.0,5325.25,Put DEX 3,DEX,-85.965,,7700.0
2025-05-21 10:12:39,5310.0,5325.25,Put GEX 3,GEX,-46734.221,,7700.0
2025-05-21 10:12:39,5700.0,5716.25,Call DEX 5,DEX,114.25,,7700.0
2025-05-21 10:12:39,5905.0,5922.0,Call DEX 3,DEX,137.059,,7700.0
2025-05-21 10:12:39,5905.0,5922.0,Call GEX 3,GEX,135534.263,,7700.0
2025-05-21 10:12:39,6000.0,6017.25,Call GEX 1,GEX,252644.449,,7700.0
2025-05-21 10:12:39,6050.0,6067.25,Call GEX 5,GEX,92185.367,,7700.0
2025-05-21 10:12:39,6100.0,6117.5,Call DEX 4,DEX,115.565,,7700.0
2025-05-21 10:12:39,6100.0,6117.5,Call GEX 2,GEX,208256.309,,7700.0
2025-05-21 10:12:39,6200.0,6217.75,Call GEX 4,GEX,109326.775,,7700.0
2025-05-21 10:12:39,9600.0,9627.5,Put CEX 5,CEX,0.0,,7700.0
2025-05-21 10:12:39,9600.0,9627.5,Put VEX 5,VEX,0.0,,7700.0
2025-05-21 10:12:39,10000.0,10028.75,Put CEX 4,CEX,0.0,,7700.0
2025-05-21 10:12:39,10000.0,10028.75,Put VEX 4,VEX,0.0,,7700.0
2025-05-21 10:12:39,10100.0,10129.0,Put CEX 3,CEX,0.0,,7700.0
2025-05-21 10:12:39,10100.0,10129.0,Put VEX 3,VEX,0.0,,7700.0
2025-05-21 10:12:39,10200.0,10229.25,Put CEX 2,CEX,0.0,,7700.0
2025-05-21 10:12:39,10200.0,10229.25,Put VEX 2,VEX,0.0,,7700.0
2025-05-21 10:12:39,10400.0,10429.75,Put CEX 1,CEX,0.0,,7700.0
2025-05-21 10:12:39,10400.0,10429.75,Put VEX 1,VEX,0.0,,7700.0
2025-05-21 10:12:39,12000.0,12034.5,Call CEX 1,CEX,0.0,,7700.0
2025-05-21 10:12:39,12000.0,12034.5,Call VEX 1,VEX,0.0,,7700.0
2025-05-21 10:14:00,200.0,200.5,Call CEX 2,CEX,0.0,,7700.0
2025-05-21 10:14:00,200.0,200.5,Call VEX 2,VEX,0.0,,7700.0
2025-05-21 10:14:00,400.0,401.0,Call CEX 3,CEX,0.0,,7700.0
2025-05-21 10:14:00,400.0,401.0,Call VEX 3,VEX,0.0,,7700.0
2025-05-21 10:14:00,600.0,601.75,Call CEX 4,CEX,0.0,,7700.0
2025-05-21 10:14:00,600.0,601.75,Call VEX 4,VEX,0.0,,7700.0
2025-05-21 10:14:00,800.0,802.25,Call CEX 5,CEX,0.0,,7700.0
2025-05-21 10:14:00,800.0,802.25,Call VEX 5,VEX,0.0,,7700.0
2025-05-21 10:14:00,4000.0,4011.25,Call DEX 1,DEX,887.575,,7700.0
2025-05-21 10:14:00,4750.0,4763.25,Put DEX 5,DEX,-47.355,,7700.0
2025-05-21 10:14:00,4800.0,4813.5,Put DEX 1,DEX,-261.399,,7700.0
2025-05-21 10:14:00,4800.0,4813.5,Put GEX 1,GEX,-76799.206,,7700.0
2025-05-21 10:14:00,4850.0,4863.75,Put DEX 2,DEX,-223.699,,7700.0
2025-05-21 10:14:00,4850.0,4863.75,Put GEX 2,GEX,-66850.757,,7700.0
2025-05-21 10:14:00,5000.0,5014.0,Call DEX 2,DEX,754.607,,7700.0
2025-05-21 10:14:00,5200.0,5214.5,Put DEX 4,DEX,-55.972,,7700.0
2025-05-21 10:14:00,5200.0,5214.5,Put GEX 4,GEX,-42414.376,,7700.0
2025-05-21 10:14:00,5300.0,5315.0,Put GEX 5,GEX,-27728.59,,7700.0
2025-05-21 10:14:00,5310.0,5325.0,Put DEX 3,DEX,-86.011,,7700.0
2025-05-21 10:14:00,5310.0,5325.0,Put GEX 3,GEX,-46991.49,,7700.0
2025-05-21 10:14:00,5700.0,5716.0,Call DEX 5,DEX,112.122,,7700.0
2025-05-21 10:14:00,5905.0,5921.5,Call DEX 3,DEX,136.593,,7700.0
2025-05-21 10:14:00,5905.0,5921.5,Call GEX 3,GEX,130029.675,,7700.0
2025-05-21 10:14:00,6000.0,6016.75,Call GEX 2,GEX,201410.564,,7700.0
2025-05-21 10:14:00,6050.0,6067.0,Call GEX 5,GEX,88074.951,,7700.0
2025-05-21 10:14:00,6100.0,6117.25,Call DEX 4,DEX,115.484,,7700.0
2025-05-21 10:14:00,6100.0,6117.25,Call GEX 1,GEX,202719.558,,7700.0
2025-05-21 10:14:00,6200.0,6217.5,Call GEX 4,GEX,107589.535,,7700.0
2025-05-21 10:14:00,9600.0,9627.0,Put CEX 5,CEX,0.0,,7700.0
2025-05-21 10:14:00,9600.0,9627.0,Put VEX 5,VEX,0.0,,7700.0
2025-05-21 10:14:00,10000.0,10028.0,Put CEX 4,CEX,0.0,,7700.0
2025-05-21 10:14:00,10000.0,10028.0,Put VEX 4,VEX,0.0,,7700.0
2025-05-21 10:14:00,10100.0,10128.5,Put CEX 3,CEX,0.0,,7700.0
2025-05-21 10:14:00,10100.0,10128.5,Put VEX 3,VEX,0.0,,7700.0
2025-05-21 10:14:00,10200.0,10228.75,Put CEX 2,CEX,0.0,,7700.0
2025-05-21 10:14:00,10200.0,10228.75,Put VEX 2,VEX,0.0,,7700.0
2025-05-21 10:14:00,10400.0,10429.25,Put CEX 1,CEX,0.0,,7700.0
2025-05-21 10:14:00,10400.0,10429.25,Put VEX 1,VEX,0.0,,7700.0
2025-05-21 10:14:00,12000.0,12033.75,Call CEX 1,CEX,0.0,,7700.0
2025-05-21 10:14:00,12000.0,12033.75,Call VEX 1,VEX,0.0,,7700.0
2025-05-21 10:15:20,200.0,200.5,Call CEX 2,CEX,0.0,,7700.0
2025-05-21 10:15:20,200.0,200.5,Call VEX 2,VEX,0.0,,7700.0
2025-05-21 10:15:20,400.0,401.25,Call CEX 3,CEX,0.0,,7700.0
2025-05-21 10:15:20,400.0,401.25,Call VEX 3,VEX,0.0,,7700.0
2025-05-21 10:15:20,600.0,601.75,Call CEX 4,CEX,0.0,,7700.0
2025-05-21 10:15:20,600.0,601.75,Call VEX 4,VEX,0.0,,7700.0
2025-05-21 10:15:20,800.0,802.5,Call CEX 5,CEX,0.0,,7700.0
2025-05-21 10:15:20,800.0,802.5,Call VEX 5,VEX,0.0,,7700.0
2025-05-21 10:15:20,4000.0,4012.0,Call DEX 1,DEX,887.882,,7700.0
2025-05-21 10:15:20,4750.0,4764.25,Put DEX 5,DEX,-47.354,,7700.0
2025-05-21 10:15:20,4800.0,4814.25,Put DEX 1,DEX,-261.424,,7700.0
2025-05-21 10:15:20,4800.0,4814.25,Put GEX 1,GEX,-76738.114,,7700.0
2025-05-21 10:15:20,4850.0,4864.5,Put DEX 2,DEX,-223.72,,7700.0
2025-05-21 10:15:20,4850.0,4864.5,Put GEX 2,GEX,-66799.19,,7700.0
2025-05-21 10:15:20,5000.0,5015.0,Call DEX 2,DEX,756.39,,7700.0
2025-05-21 10:15:20,5200.0,5215.5,Put DEX 4,DEX,-55.864,,7700.0
2025-05-21 10:15:20,5200.0,5215.5,Put GEX 4,GEX,-42291.19,,7700.0
2025-05-21 10:15:20,5300.0,5315.75,Put GEX 5,GEX,-27562.488,,7700.0
2025-05-21 10:15:20,5310.0,5326.0,Put DEX 3,DEX,-86.0,,7700.0
2025-05-21 10:15:20,5310.0,5326.0,Put GEX 3,GEX,-46887.671,,7700.0
2025-05-21 10:15:20,5700.0,5717.0,Call DEX 5,DEX,112.748,,7700.0
2025-05-21 10:15:20,5905.0,5922.75,Call DEX 3,DEX,136.833,,7700.0
2025-05-21 10:15:20,5905.0,5922.75,Call GEX 3,GEX,132391.034,,7700.0
2025-05-21 10:15:20,6000.0,6018.0,Call GEX 1,GEX,222366.864,,7700.0
2025-05-21 10:15:20,6050.0,6068.0,Call GEX 5,GEX,89716.029,,7700.0
2025-05-21 10:15:20,6100.0,6118.25,Call DEX 4,DEX,115.569,,7700.0
2025-05-21 10:15:20,6100.0,6118.25,Call GEX 2,GEX,204843.978,,7700.0
2025-05-21 10:15:20,6200.0,6218.5,Call GEX 4,GEX,108502.095,,7700.0
2025-05-21 10:15:20,9600.0,9628.75,Put CEX 5,CEX,0.0,,7700.0
2025-05-21 10:15:20,9600.0,9628.75,Put VEX 5,VEX,0.0,,7700.0
2025-05-21 10:15:20,10000.0,10030.0,Put CEX 4,CEX,0.0,,7700.0
2025-05-21 10:15:20,10000.0,10030.0,Put VEX 4,VEX,0.0,,7700.0
2025-05-21 10:15:20,10100.0,10130.25,Put CEX 3,CEX,0.0,,7700.0
2025-05-21 10:15:20,10100.0,10130.25,Put VEX 3,VEX,0.0,,7700.0
2025-05-21 10:15:20,10200.0,10230.5,Put CEX 2,CEX,0.0,,7700.0
2025-05-21 10:15:20,10200.0,10230.5,Put VEX 2,VEX,0.0,,7700.0
2025-05-21 10:15:20,10400.0,10431.25,Put CEX 1,CEX,0.0,,7700.0
2025-05-21 10:15:20,10400.0,10431.25,Put VEX 1,VEX,0.0,,7700.0
2025-05-21 10:15:20,12000.0,12036.0,Call CEX 1,CEX,0.0,,7700.0
2025-05-21 10:15:20,12000.0,12036.0,Call VEX 1,VEX,0.0,,7700.0
2025-05-21 10:16:37,200.0,200.5,Call CEX 2,CEX,0.0,,7700.0
2025-05-21 10:16:37,200.0,200.5,Call VEX 2,VEX,0.0,,7700.0
2025-05-21 10:16:37,400.0,401.25,Call CEX 3,CEX,0.0,,7700.0
2025-05-21 10:16:37,400.0,401.25,Call VEX 3,VEX,0.0,,7700.0
2025-05-21 10:16:37,600.0,601.75,Call CEX 4,CEX,0.0,,7700.0
2025-05-21 10:16:37,600.0,601.75,Call VEX 4,VEX,0.0,,7700.0
2025-05-21 10:16:37,800.0,802.25,Call CEX 5,CEX,0.0,,7700.0
2025-05-21 10:16:37,800.0,802.25,Call VEX 5,VEX,0.0,,7700.0
2025-05-21 10:16:37,4000.0,4011.75,Call DEX 1,DEX,887.882,,7700.0
2025-05-21 10:16:37,4750.0,4763.75,Put DEX 5,DEX,-47.354,,7700.0
2025-05-21 10:16:37,4800.0,4814.0,Put DEX 1,DEX,-261.424,,7700.0
2025-05-21 10:16:37,4800.0,4814.0,Put GEX 1,GEX,-76738.114,,7700.0
2025-05-21 10:16:37,4850.0,4864.25,Put DEX 2,DEX,-223.72,,7700.0
2025-05-21 10:16:37,4850.0,4864.25,Put GEX 2,GEX,-66799.19,,7700.0
2025-05-21 10:16:37,5000.0,5014.5,Call DEX 2,DEX,756.39,,7700.0
2025-05-21 10:16:37,5200.0,5215.25,Put DEX 4,DEX,-55.864,,7700.0
2025-05-21 10:16:37,5200.0,5215.25,Put GEX 4,GEX,-42291.19,,7700.0
2025-05-21 10:16:37,5300.0,5315.5,Put GEX 5,GEX,-27562.488,,7700.0
2025-05-21 10:16:37,5310.0,5325.5,Put DEX 3,DEX,-86.0,,7700.0
2025-05-21 10:16:37,5310.0,5325.5,Put GEX 3,GEX,-46887.671,,7700.0
2025-05-21 10:16:37,5700.0,5716.5,Call DEX 5,DEX,112.748,,7700.0
2025-05-21 10:16:37,5905.0,5922.25,Call DEX 3,DEX,136.833,,7700.0
2025-05-21 10:16:37,5905.0,5922.25,Call GEX 3,GEX,132391.034,,7700.0
2025-05-21 10:16:37,6000.0,6017.5,Call GEX 1,GEX,222366.864,,7700.0
2025-05-21 10:16:37,6050.0,6067.75,Call GEX 5,GEX,89716.029,,7700.0
2025-05-21 10:16:37,6100.0,6117.75,Call DEX 4,DEX,115.569,,7700.0
2025-05-21 10:16:37,6100.0,6117.75,Call GEX 2,GEX,204843.978,,7700.0
2025-05-21 10:16:37,6200.0,6218.0,Call GEX 4,GEX,108502.095,,7700.0
2025-05-21 10:16:37,9600.0,9628.0,Put CEX 5,CEX,0.0,,7700.0
2025-05-21 10:16:37,9600.0,9628.0,Put VEX 5,VEX,0.0,,7700.0
2025-05-21 10:16:37,10000.0,10029.25,Put CEX 4,CEX,0.0,,7700.0
2025-05-21 10:16:37,10000.0,10029.25,Put VEX 4,VEX,0.0,,7700.0
2025-05-21 10:16:37,10100.0,10129.5,Put CEX 3,CEX,0.0,,7700.0
2025-05-21 10:16:37,10100.0,10129.5,Put VEX 3,VEX,0.0,,7700.0
2025-05-21 10:16:37,10200.0,10229.75,Put CEX 2,CEX,0.0,,7700.0
2025-05-21 10:16:37,10200.0,10229.75,Put VEX 2,VEX,0.0,,7700.0
2025-05-21 10:16:37,10400.0,10430.25,Put CEX 1,CEX,0.0,,7700.0
2025-05-21 10:16:37,10400.0,10430.25,Put VEX 1,VEX,0.0,,7700.0
2025-05-21 10:16:37,12000.0,12035.0,Call CEX 1,CEX,0.0,,7700.0
2025-05-21 10:16:37,12000.0,12035.0,Call VEX 1,VEX,0.0,,7700.0
2025-05-21 10:17:57,200.0,200.5,Call CEX 2,CEX,0.0,,7700.0
2025-05-21 10:17:57,200.0,200.5,Call VEX 2,VEX,0.0,,7700.0
2025-05-21 10:17:57,400.0,401.0,Call CEX 3,CEX,0.0,,7700.0
2025-05-21 10:17:57,400.0,401.0,Call VEX 3,VEX,0.0,,7700.0
2025-05-21 10:17:57,600.0,601.75,Call CEX 4,CEX,0.0,,7700.0
2025-05-21 10:17:57,600.0,601.75,Call VEX 4,VEX,0.0,,7700.0
2025-05-21 10:17:57,800.0,802.25,Call CEX 5,CEX,0.0,,7700.0
2025-05-21 10:17:57,800.0,802.25,Call VEX 5,VEX,0.0,,7700.0
2025-05-21 10:17:57,4000.0,4011.0,Call DEX 1,DEX,886.379,,7700.0
2025-05-21 10:17:57,4750.0,4763.0,Put DEX 5,DEX,-47.333,,7700.0
2025-05-21 10:17:57,4800.0,4813.25,Put DEX 1,DEX,-261.295,,7700.0
2025-05-21 10:17:57,4800.0,4813.25,Put GEX 1,GEX,-77239.324,,7700.0
2025-05-21 10:17:57,4850.0,4863.25,Put DEX 2,DEX,-223.644,,7700.0
2025-05-21 10:17:57,4850.0,4863.25,Put GEX 2,GEX,-67266.5,,7700.0
2025-05-21 10:17:57,5000.0,5013.75,Call DEX 2,DEX,756.474,,7700.0
2025-05-21 10:17:57,5200.0,5214.25,Put DEX 4,DEX,-55.712,,7700.0
2025-05-21 10:17:57,5200.0,5214.25,Put GEX 4,GEX,-42376.464,,7700.0
2025-05-21 10:17:57,5300.0,5314.5,Put GEX 5,GEX,-27566.1,,7700.0
2025-05-21 10:17:57,5310.0,5324.5,Put DEX 3,DEX,-86.235,,7700.0
2025-05-21 10:17:57,5310.0,5324.5,Put GEX 3,GEX,-47246.583,,7700.0
2025-05-21 10:17:57,5700.0,5715.75,Call DEX 5,DEX,108.752,,7700.0
2025-05-21 10:17:57,5905.0,5921.25,Call DEX 3,DEX,134.735,,7700.0
2025-05-21 10:17:57,5905.0,5921.25,Call GEX 3,GEX,134265.332,,7700.0
2025-05-21 10:17:57,6000.0,6016.5,Call GEX 1,GEX,239919.524,,7700.0
2025-05-21 10:17:57,6050.0,6066.5,Call GEX 5,GEX,88763.145,,7700.0
2025-05-21 10:17:57,6100.0,6116.75,Call DEX 4,DEX,113.395,,7700.0
2025-05-21 10:17:57,6100.0,6116.75,Call GEX 2,GEX,199922.722,,7700.0
2025-05-21 10:17:57,6200.0,6217.0,Call GEX 4,GEX,105278.154,,7700.0
2025-05-21 10:17:57,9600.0,9626.25,Put CEX 5,CEX,0.0,,7700.0
2025-05-21 10:17:57,9600.0,9626.25,Put VEX 5,VEX,0.0,,7700.0
2025-05-21 10:17:57,10000.0,10027.5,Put CEX 4,CEX,0.0,,7700.0
2025-05-21 10:17:57,10000.0,10027.5,Put VEX 4,VEX,0.0,,7700.0
2025-05-21 10:17:57,10100.0,10127.75,Put CEX 3,CEX,0.0,,7700.0
2025-05-21 10:17:57,10100.0,10127.75,Put VEX 3,VEX,0.0,,7700.0
2025-05-21 10:17:57,10200.0,10228.0,Put CEX 2,CEX,0.0,,7700.0
2025-05-21 10:17:57,10200.0,10228.0,Put VEX 2,VEX,0.0,,7700.0
2025-05-21 10:17:57,10400.0,10428.5,Put CEX 1,CEX,0.0,,7700.0
2025-05-21 10:17:57,10400.0,10428.5,Put VEX 1,VEX,0.0,,7700.0
2025-05-21 10:17:57,12000.0,12033.0,Call CEX 1,CEX,0.0,,7700.0
2025-05-21 10:17:57,12000.0,12033.0,Call VEX 1,VEX,0.0,,7700.0
2025-05-21 10:19:19,200.0,200.5,Call CEX 2,CEX,0.0,,7700.0
2025-05-21 10:19:19,200.0,200.5,Call VEX 2,VEX,0.0,,7700.0
2025-05-21 10:19:19,400.0,401.25,Call CEX 3,CEX,0.0,,7700.0
2025-05-21 10:19:19,400.0,401.25,Call VEX 3,VEX,0.0,,7700.0
2025-05-21 10:19:19,600.0,601.75,Call CEX 4,CEX,0.0,,7700.0
2025-05-21 10:19:19,600.0,601.75,Call VEX 4,VEX,0.0,,7700.0
2025-05-21 10:19:19,800.0,802.5,Call CEX 5,CEX,0.0,,7700.0
2025-05-21 10:19:19,800.0,802.5,Call VEX 5,VEX,0.0,,7700.0
2025-05-21 10:19:19,4000.0,4012.0,Call DEX 1,DEX,887.066,,7700.0
2025-05-21 10:19:19,4750.0,4764.25,Put DEX 5,DEX,-47.268,,7700.0
2025-05-21 10:19:19,4800.0,4814.5,Put DEX 1,DEX,-261.226,,7700.0
2025-05-21 10:19:19,4800.0,4814.5,Put GEX 1,GEX,-77443.219,,7700.0
2025-05-21 10:19:19,4850.0,4864.5,Put DEX 2,DEX,-223.619,,7700.0
2025-05-21 10:19:19,4850.0,4864.5,Put GEX 2,GEX,-67458.752,,7700.0
2025-05-21 10:19:19,5000.0,5015.0,Call DEX 2,DEX,759.246,,7700.0
2025-05-21 10:19:19,5200.0,5215.5,Put DEX 4,DEX,-55.923,,7700.0
2025-05-21 10:19:19,5200.0,5215.5,Put GEX 4,GEX,-42557.55,,7700.0
2025-05-21 10:19:19,5300.0,5315.75,Put GEX 5,GEX,-27405.089,,7700.0
2025-05-21 10:19:19,5310.0,5326.0,Put DEX 3,DEX,-86.311,,7700.0
2025-05-21 10:19:19,5310.0,5326.0,Put GEX 3,GEX,-47353.85,,7700.0
2025-05-21 10:19:19,5700.0,5717.0,Call DEX 5,DEX,107.224,,7700.0
2025-05-21 10:19:19,5905.0,5922.75,Call DEX 3,DEX,133.81,,7700.0
2025-05-21 10:19:19,5905.0,5922.75,Call GEX 3,GEX,134547.637,,7700.0
2025-05-21 10:19:19,6000.0,6018.0,Call GEX 1,GEX,252078.73,,7700.0
2025-05-21 10:19:19,6050.0,6068.0,Call GEX 5,GEX,88492.47,,7700.0
2025-05-21 10:19:19,6100.0,6118.25,Call DEX 4,DEX,112.783,,7700.0
2025-05-21 10:19:19,6100.0,6118.25,Call GEX 2,GEX,198366.093,,7700.0
2025-05-21 10:19:19,6200.0,6218.5,Call GEX 4,GEX,104190.921,,7700.0
2025-05-21 10:19:19,9600.0,9628.75,Put CEX 5,CEX,0.0,,7700.0
2025-05-21 10:19:19,9600.0,9628.75,Put VEX 5,VEX,0.0,,7700.0
2025-05-21 10:19:19,10000.0,10030.0,Put CEX 4,CEX,0.0,,7700.0
2025-05-21 10:19:19,10000.0,10030.0,Put VEX 4,VEX,0.0,,7700.0
2025-05-21 10:19:19,10100.0,10130.25,Put CEX 3,CEX,0.0,,7700.0
2025-05-21 10:19:19,10100.0,10130.25,Put VEX 3,VEX,0.0,,7700.0
2025-05-21 10:19:19,10200.0,10230.5,Put CEX 2,CEX,0.0,,7700.0
2025-05-21 10:19:19,10200.0,10230.5,Put VEX 2,VEX,0.0,,7700.0
2025-05-21 10:19:19,10400.0,10431.25,Put CEX 1,CEX,0.0,,7700.0
2025-05-21 10:19:19,10400.0,10431.25,Put VEX 1,VEX,0.0,,7700.0
2025-05-21 10:19:19,12000.0,12036.0,Call CEX 1,CEX,0.0,,7700.0
2025-05-21 10:19:19,12000.0,12036.0,Call VEX 1,VEX,0.0,,7700.0
2025-05-21 10:20:40,200.0,200.5,Call CEX 2,CEX,0.0,,7700.0
2025-05-21 10:20:40,200.0,200.5,Call VEX 2,VEX,0.0,,7700.0
2025-05-21 10:20:40,400.0,401.0,Call CEX 3,CEX,0.0,,7700.0
2025-05-21 10:20:40,400.0,401.0,Call VEX 3,VEX,0.0,,7700.0
2025-05-21 10:20:40,600.0,601.5,Call CEX 4,CEX,0.0,,7700.0
2025-05-21 10:20:40,600.0,601.5,Call VEX 4,VEX,0.0,,7700.0
2025-05-21 10:20:40,800.0,802.25,Call CEX 5,CEX,0.0,,7700.0
2025-05-21 10:20:40,800.0,802.25,Call VEX 5,VEX,0.0,,7700.0
2025-05-21 10:20:40,4000.0,4010.75,Call DEX 1,DEX,882.623,,7700.0
2025-05-21 10:20:40,4800.0,4812.75,Put DEX 1,DEX,-261.364,,7700.0
2025-05-21 10:20:40,4800.0,4812.75,Put GEX 1,GEX,-78179.845,,7700.0
2025-05-21 10:20:40,4850.0,4863.0,Put DEX 2,DEX,-223.487,,7700.0
2025-05-21 10:20:40,4850.0,4863.0,Put GEX 2,GEX,-68052.38,,7700.0
2025-05-21 10:20:40,4900.0,4913.0,Put DEX 5,DEX,-49.547,,7700.0
2025-05-21 10:20:40,5000.0,5013.25,Call DEX 2,DEX,745.338,,7700.0
2025-05-21 10:20:40,5200.0,5214.0,Put DEX 4,DEX,-56.672,,7700.0
2025-05-21 10:20:40,5200.0,5214.0,Put GEX 4,GEX,-43539.085,,7700.0
2025-05-21 10:20:40,5300.0,5314.25,Put GEX 5,GEX,-28608.03,,7700.0
2025-05-21 10:20:40,5310.0,5324.25,Put DEX 3,DEX,-86.559,,7700.0
2025-05-21 10:20:40,5310.0,5324.25,Put GEX 3,GEX,-48191.129,,7700.0
2025-05-21 10:20:40,5700.0,5715.25,Call DEX 5,DEX,100.765,,7700.0
2025-05-21 10:20:40,5905.0,5920.75,Call DEX 3,DEX,131.471,,7700.0
2025-05-21 10:20:40,5905.0,5920.75,Call GEX 3,GEX,128085.848,,7700.0
2025-05-21 10:20:40,6000.0,6016.0,Call GEX 2,GEX,183746.998,,7700.0
2025-05-21 10:20:40,6050.0,6066.25,Call GEX 5,GEX,81489.654,,7700.0
2025-05-21 10:20:40,6100.0,6116.25,Call DEX 4,DEX,110.392,,7700.0
2025-05-21 10:20:40,6100.0,6116.25,Call GEX 1,GEX,185077.458,,7700.0
2025-05-21 10:20:40,6200.0,6216.5,Call GEX 4,GEX,99152.577,,7700.0
2025-05-21 10:20:40,9600.0,9625.75,Put CEX 5,CEX,0.0,,7700.0
2025-05-21 10:20:40,9600.0,9625.75,Put VEX 5,VEX,0.0,,7700.0
2025-05-21 10:20:40,10000.0,10026.75,Put CEX 4,CEX,0.0,,7700.0
2025-05-21 10:20:40,10000.0,10026.75,Put VEX 4,VEX,0.0,,7700.0
2025-05-21 10:20:40,10100.0,10127.0,Put CEX 3,CEX,0.0,,7700.0
2025-05-21 10:20:40,10100.0,10127.0,Put VEX 3,VEX,0.0,,7700.0
2025-05-21 10:20:40,10200.0,10227.25,Put CEX 2,CEX,0.0,,7700.0
2025-05-21 10:20:40,10200.0,10227.25,Put VEX 2,VEX,0.0,,7700.0
2025-05-21 10:20:40,10400.0,10427.75,Put CEX 1,CEX,0.0,,7700.0
2025-05-21 10:20:40,10400.0,10427.75,Put VEX 1,VEX,0.0,,7700.0
2025-05-21 10:20:40,12000.0,12032.0,Call CEX 1,CEX,0.0,,7700.0
2025-05-21 10:20:40,12000.0,12032.0,Call VEX 1,VEX,0.0,,7700.0
2025-05-21 10:22:02,200.0,200.5,Call CEX 2,CEX,0.0,,7700.0
2025-05-21 10:22:02,200.0,200.5,Call VEX 2,VEX,0.0,,7700.0
2025-05-21 10:22:02,400.0,401.0,Call CEX 3,CEX,0.0,,7700.0
2025-05-21 10:22:02,400.0,401.0,Call VEX 3,VEX,0.0,,7700.0
2025-05-21 10:22:02,600.0,601.5,Call CEX 4,CEX,0.0,,7700.0
2025-05-21 10:22:02,600.0,601.5,Call VEX 4,VEX,0.0,,7700.0
2025-05-21 10:22:02,800.0,802.0,Call CEX 5,CEX,0.0,,7700.0
2025-05-21 10:22:02,800.0,802.0,Call VEX 5,VEX,0.0,,7700.0
2025-05-21 10:22:02,4000.0,4010.0,Call DEX 1,DEX,884.676,,7700.0
2025-05-21 10:22:02,4800.0,4812.0,Put DEX 1,DEX,-261.312,,7700.0
2025-05-21 10:22:02,4800.0,4812.0,Put GEX 1,GEX,-78191.477,,7700.0
2025-05-21 10:22:02,4850.0,4862.25,Put DEX 2,DEX,-223.531,,7700.0
2025-05-21 10:22:02,4850.0,4862.25,Put GEX 2,GEX,-68078.292,,7700.0
2025-05-21 10:22:02,4900.0,4912.25,Put DEX 5,DEX,-49.445,,7700.0
2025-05-21 10:22:02,5000.0,5012.5,Call DEX 2,DEX,753.851,,7700.0
2025-05-21 10:22:02,5200.0,5213.0,Put DEX 4,DEX,-56.252,,7700.0
2025-05-21 10:22:02,5200.0,5213.0,Put GEX 4,GEX,-43066.131,,7700.0
2025-05-21 10:22:02,5300.0,5313.25,Put GEX 5,GEX,-27784.015,,7700.0
2025-05-21 10:22:02,5310.0,5323.25,Put DEX 3,DEX,-86.688,,7700.0
2025-05-21 10:22:02,5310.0,5323.25,Put GEX 3,GEX,-47983.908,,7700.0
2025-05-21 10:22:02,5700.0,5714.25,Call DEX 5,DEX,101.15,,7700.0
2025-05-21 10:22:02,5905.0,5919.75,Call DEX 3,DEX,131.131,,7700.0
2025-05-21 10:22:02,5905.0,5919.75,Call GEX 3,GEX,134601.471,,7700.0
2025-05-21 10:22:02,6000.0,6015.0,Call GEX 1,GEX,245999.749,,7700.0
2025-05-21 10:22:02,6050.0,6065.25,Call GEX 5,GEX,85559.981,,7700.0
2025-05-21 10:22:02,6100.0,6115.25,Call DEX 4,DEX,110.13,,7700.0
2025-05-21 10:22:02,6100.0,6115.25,Call GEX 2,GEX,190009.883,,7700.0
2025-05-21 10:22:02,6200.0,6215.5,Call GEX 4,GEX,100132.554,,7700.0
2025-05-21 10:22:02,9600.0,9624.25,Put CEX 5,CEX,0.0,,7700.0
2025-05-21 10:22:02,9600.0,9624.25,Put VEX 5,VEX,0.0,,7700.0
2025-05-21 10:22:02,10000.0,10025.25,Put CEX 4,CEX,0.0,,7700.0
2025-05-21 10:22:02,10000.0,10025.25,Put VEX 4,VEX,0.0,,7700.0
2025-05-21 10:22:02,10100.0,10125.5,Put CEX 3,CEX,0.0,,7700.0
2025-05-21 10:22:02,10100.0,10125.5,Put VEX 3,VEX,0.0,,7700.0
2025-05-21 10:22:02,10200.0,10225.75,Put CEX 2,CEX,0.0,,7700.0
2025-05-21 10:22:02,10200.0,10225.75,Put VEX 2,VEX,0.0,,7700.0
2025-05-21 10:22:02,10400.0,10426.25,Put CEX 1,CEX,0.0,,7700.0
2025-05-21 10:22:02,10400.0,10426.25,Put VEX 1,VEX,0.0,,7700.0
2025-05-21 10:22:02,12000.0,12030.25,Call CEX 1,CEX,0.0,,7700.0
2025-05-21 10:22:02,12000.0,12030.25,Call VEX 1,VEX,0.0,,7700.0
2025-05-21 10:23:22,200.0,200.5,Call CEX 2,CEX,0.0,,7700.0
2025-05-21 10:23:22,200.0,200.5,Call VEX 2,VEX,0.0,,7700.0
2025-05-21 10:23:22,400.0,401.25,Call CEX 3,CEX,0.0,,7700.0
2025-05-21 10:23:22,400.0,401.25,Call VEX 3,VEX,0.0,,7700.0
2025-05-21 10:23:22,600.0,601.75,Call CEX 4,CEX,0.0,,7700.0
2025-05-21 10:23:22,600.0,601.75,Call VEX 4,VEX,0.0,,7700.0
2025-05-21 10:23:22,800.0,802.25,Call CEX 5,CEX,0.0,,7700.0
2025-05-21 10:23:22,800.0,802.25,Call VEX 5,VEX,0.0,,7700.0
2025-05-21 10:23:22,4000.0,4011.75,Call DEX 1,DEX,884.233,,7700.0
2025-05-21 10:23:22,4800.0,4814.0,Put DEX 1,DEX,-261.301,,7700.0
2025-05-21 10:23:22,4800.0,4814.0,Put GEX 1,GEX,-78314.576,,7700.0
2025-05-21 10:23:22,4850.0,4864.0,Put DEX 2,DEX,-224.857,,7700.0
2025-05-21 10:23:22,4850.0,4864.0,Put GEX 2,GEX,-68615.209,,7700.0
2025-05-21 10:23:22,4900.0,4914.25,Put DEX 5,DEX,-49.418,,7700.0
2025-05-21 10:23:22,5000.0,5014.5,Call DEX 2,DEX,755.147,,7700.0
2025-05-21 10:23:22,5200.0,5215.0,Put DEX 4,DEX,-56.017,,7700.0
2025-05-21 10:23:22,5200.0,5215.0,Put GEX 4,GEX,-42943.48,,7700.0
2025-05-21 10:23:22,5300.0,5315.5,Put GEX 5,GEX,-27471.146,,7700.0
2025-05-21 10:23:22,5310.0,5325.5,Put DEX 3,DEX,-86.736,,7700.0
2025-05-21 10:23:22,5310.0,5325.5,Put GEX 3,GEX,-48048.614,,7700.0
2025-05-21 10:23:22,5700.0,5716.5,Call DEX 5,DEX,100.388,,7700.0
2025-05-21 10:23:22,5905.0,5922.25,Call DEX 3,DEX,130.555,,7700.0
2025-05-21 10:23:22,5905.0,5922.25,Call GEX 3,GEX,135597.936,,7700.0
2025-05-21 10:23:22,6000.0,6017.5,Call GEX 1,GEX,255699.603,,7700.0
2025-05-21 10:23:22,6050.0,6067.5,Call GEX 5,GEX,85651.178,,7700.0
2025-05-21 10:23:22,6100.0,6117.75,Call DEX 4,DEX,109.516,,7700.0
2025-05-21 10:23:22,6100.0,6117.75,Call GEX 2,GEX,189231.927,,7700.0
2025-05-21 10:23:22,6200.0,6218.0,Call GEX 4,GEX,99656.508,,7700.0
2025-05-21 10:23:22,9600.0,9628.0,Put CEX 5,CEX,0.0,,7700.0
2025-05-21 10:23:22,9600.0,9628.0,Put VEX 5,VEX,0.0,,7700.0
2025-05-21 10:23:22,10000.0,10029.0,Put CEX 4,CEX,0.0,,7700.0
2025-05-21 10:23:22,10000.0,10029.0,Put VEX 4,VEX,0.0,,7700.0
2025-05-21 10:23:22,10100.0,10129.25,Put CEX 3,CEX,0.0,,7700.0
2025-05-21 10:23:22,10100.0,10129.25,Put VEX 3,VEX,0.0,,7700.0
2025-05-21 10:23:22,10200.0,10229.75,Put CEX 2,CEX,0.0,,7700.0
2025-05-21 10:23:22,10200.0,10229.75,Put VEX 2,VEX,0.0,,7700.0
2025-05-21 10:23:22,10400.0,10430.25,Put CEX 1,CEX,0.0,,7700.0
2025-05-21 10:23:22,10400.0,10430.25,Put VEX 1,VEX,0.0,,7700.0
2025-05-21 10:23:22,12000.0,12035.0,Call CEX 1,CEX,0.0,,7700.0
2025-05-21 10:23:22,12000.0,12035.0,Call VEX 1,VEX,0.0,,7700.0
2025-05-21 10:24:48,200.0,200.5,Call CEX 2,CEX,0.0,,7700.0
2025-05-21 10:24:48,200.0,200.5,Call VEX 2,VEX,0.0,,7700.0
2025-05-21 10:24:48,400.0,401.25,Call CEX 3,CEX,0.0,,7700.0
2025-05-21 10:24:48,400.0,401.25,Call VEX 3,VEX,0.0,,7700.0
2025-05-21 10:24:48,600.0,601.75,Call CEX 4,CEX,0.0,,7700.0
2025-05-21 10:24:48,600.0,601.75,Call VEX 4,VEX,0.0,,7700.0
2025-05-21 10:24:48,800.0,802.25,Call CEX 5,CEX,0.0,,7700.0
2025-05-21 10:24:48,800.0,802.25,Call VEX 5,VEX,0.0,,7700.0
2025-05-21 10:24:48,4000.0,4011.75,Call DEX 1,DEX,881.481,,7700.0
2025-05-21 10:24:48,4800.0,4814.0,Put DEX 1,DEX,-261.275,,7700.0
2025-05-21 10:24:48,4800.0,4814.0,Put GEX 1,GEX,-78716.707,,7700.0
2025-05-21 10:24:48,4850.0,4864.25,Put DEX 2,DEX,-224.789,,7700.0
2025-05-21 10:24:48,4850.0,4864.25,Put GEX 2,GEX,-68967.678,,7700.0
2025-05-21 10:24:48,4900.0,4914.25,Put DEX 5,DEX,-49.51,,7700.0
2025-05-21 10:24:48,5000.0,5014.5,Call DEX 2,DEX,741.477,,7700.0
2025-05-21 10:24:48,5200.0,5215.25,Put DEX 4,DEX,-56.583,,7700.0
2025-05-21 10:24:48,5200.0,5215.25,Put GEX 4,GEX,-43614.151,,7700.0
2025-05-21 10:24:48,5300.0,5315.5,Put GEX 5,GEX,-28454.562,,7700.0
2025-05-21 10:24:48,5310.0,5325.5,Put DEX 3,DEX,-86.854,,7700.0
2025-05-21 10:24:48,5310.0,5325.5,Put GEX 3,GEX,-48542.662,,7700.0
2025-05-21 10:24:48,5905.0,5922.25,Call DEX 3,DEX,129.225,,7700.0
2025-05-21 10:24:48,5905.0,5922.25,Call GEX 3,GEX,131219.284,,7700.0
2025-05-21 10:24:48,6000.0,6017.5,Call GEX 1,GEX,216019.17,,7700.0
2025-05-21 10:24:48,6050.0,6067.75,Call GEX 5,GEX,81507.267,,7700.0
2025-05-21 10:24:48,6100.0,6117.75,Call DEX 4,DEX,108.006,,7700.0
2025-05-21 10:24:48,6100.0,6117.75,Call GEX 2,GEX,181130.128,,7700.0
2025-05-21 10:24:48,6200.0,6218.0,Call GEX 4,GEX,96609.274,,7700.0
2025-05-21 10:24:48,6400.0,6418.75,Call DEX 5,DEX,97.892,,7700.0
2025-05-21 10:24:48,9600.0,9628.0,Put CEX 5,CEX,0.0,,7700.0
2025-05-21 10:24:48,9600.0,9628.0,Put VEX 5,VEX,0.0,,7700.0
2025-05-21 10:24:48,10000.0,10029.25,Put CEX 4,CEX,0.0,,7700.0
2025-05-21 10:24:48,10000.0,10029.25,Put VEX 4,VEX,0.0,,7700.0
2025-05-21 10:24:48,10100.0,10129.5,Put CEX 3,CEX,0.0,,7700.0
2025-05-21 10:24:48,10100.0,10129.5,Put VEX 3,VEX,0.0,,7700.0
2025-05-21 10:24:48,10200.0,10229.75,Put CEX 2,CEX,0.0,,7700.0
2025-05-21 10:24:48,10200.0,10229.75,Put VEX 2,VEX,0.0,,7700.0
2025-05-21 10:24:48,10400.0,10430.25,Put CEX 1,CEX,0.0,,7700.0
2025-05-21 10:24:48,10400.0,10430.25,Put VEX 1,VEX,0.0,,7700.0
2025-05-21 10:24:48,12000.0,12035.0,Call CEX 1,CEX,0.0,,7700.0
2025-05-21 10:24:48,12000.0,12035.0,Call VEX 1,VEX,0.0,,7700.0
2025-05-21 10:26:09,200.0,200.5,Call CEX 2,CEX,0.0,,7700.0
2025-05-21 10:26:09,200.0,200.5,Call VEX 2,VEX,0.0,,7700.0
2025-05-21 10:26:09,400.0,401.25,Call CEX 3,CEX,0.0,,7700.0
2025-05-21 10:26:09,400.0,401.25,Call VEX 3,VEX,0.0,,7700.0
2025-05-21 10:26:09,600.0,601.75,Call CEX 4,CEX,0.0,,7700.0
2025-05-21 10:26:09,600.0,601.75,Call VEX 4,VEX,0.0,,7700.0
2025-05-21 10:26:09,800.0,802.25,Call CEX 5,CEX,0.0,,7700.0
2025-05-21 10:26:09,800.0,802.25,Call VEX 5,VEX,0.0,,7700.0
2025-05-21 10:26:09,4000.0,4011.5,Call DEX 1,DEX,880.71,,7700.0
2025-05-21 10:26:09,4800.0,4813.75,Put DEX 1,DEX,-261.276,,7700.0
2025-05-21 10:26:09,4800.0,4813.75,Put GEX 1,GEX,-78982.626,,7700.0
2025-05-21 10:26:09,4850.0,4864.0,Put DEX 2,DEX,-224.783,,7700.0
2025-05-21 10:26:09,4850.0,4864.0,Put GEX 2,GEX,-69203.94,,7700.0
2025-05-21 10:26:09,4900.0,4914.0,Put DEX 5,DEX,-49.546,,7700.0
2025-05-21 10:26:09,5000.0,5014.5,Call DEX 2,DEX,738.571,,7700.0
2025-05-21 10:26:09,5200.0,5215.0,Put DEX 4,DEX,-57.004,,7700.0
2025-05-21 10:26:09,5200.0,5215.0,Put GEX 4,GEX,-43933.081,,7700.0
2025-05-21 10:26:09,5300.0,5315.25,Put GEX 5,GEX,-28434.597,,7700.0
2025-05-21 10:26:09,5310.0,5325.25,Put DEX 3,DEX,-87.063,,7700.0
2025-05-21 10:26:09,5310.0,5325.25,Put GEX 3,GEX,-48718.668,,7700.0
2025-05-21 10:26:09,5905.0,5922.0,Call DEX 3,DEX,128.21,,7700.0
2025-05-21 10:26:09,5905.0,5922.0,Call GEX 3,GEX,131040.138,,7700.0
2025-05-21 10:26:09,6000.0,6017.25,Call GEX 1,GEX,218170.717,,7700.0
2025-05-21 10:26:09,6050.0,6067.5,Call GEX 5,GEX,80708.876,,7700.0
2025-05-21 10:26:09,6100.0,6117.5,Call DEX 4,DEX,107.338,,7700.0
2025-05-21 10:26:09,6100.0,6117.5,Call GEX 2,GEX,178553.479,,7700.0
2025-05-21 10:26:09,6200.0,6217.75,Call GEX 4,GEX,95489.403,,7700.0
2025-05-21 10:26:09,6400.0,6418.5,Call DEX 5,DEX,97.834,,7700.0
2025-05-21 10:26:09,9600.0,9627.75,Put CEX 5,CEX,0.0,,7700.0
2025-05-21 10:26:09,9600.0,9627.75,Put VEX 5,VEX,0.0,,7700.0
2025-05-21 10:26:09,10000.0,10028.75,Put CEX 4,CEX,0.0,,7700.0
2025-05-21 10:26:09,10000.0,10028.75,Put VEX 4,VEX,0.0,,7700.0
2025-05-21 10:26:09,10100.0,10129.0,Put CEX 3,CEX,0.0,,7700.0
2025-05-21 10:26:09,10100.0,10129.0,Put VEX 3,VEX,0.0,,7700.0
2025-05-21 10:26:09,10200.0,10229.5,Put CEX 2,CEX,0.0,,7700.0
2025-05-21 10:26:09,10200.0,10229.5,Put VEX 2,VEX,0.0,,7700.0
2025-05-21 10:26:09,10400.0,10430.0,Put CEX 1,CEX,0.0,,7700.0
2025-05-21 10:26:09,10400.0,10430.0,Put VEX 1,VEX,0.0,,7700.0
2025-05-21 10:26:09,12000.0,12034.5,Call CEX 1,CEX,0.0,,7700.0
2025-05-21 10:26:09,12000.0,12034.5,Call VEX 1,VEX,0.0,,7700.0
2025-05-21 10:27:30,200.0,200.5,Call CEX 2,CEX,0.0,,7700.0
2025-05-21 10:27:30,200.0,200.5,Call VEX 2,VEX,0.0,,7700.0
2025-05-21 10:27:30,400.0,401.25,Call CEX 3,CEX,0.0,,7700.0
2025-05-21 10:27:30,400.0,401.25,Call VEX 3,VEX,0.0,,7700.0
2025-05-21 10:27:30,600.0,601.75,Call CEX 4,CEX,0.0,,7700.0
2025-05-21 10:27:30,600.0,601.75,Call VEX 4,VEX,0.0,,7700.0
2025-05-21 10:27:30,800.0,802.5,Call CEX 5,CEX,0.0,,7700.0
2025-05-21 10:27:30,800.0,802.5,Call VEX 5,VEX,0.0,,7700.0
2025-05-21 10:27:30,4000.0,4012.0,Call DEX 1,DEX,880.98,,7700.0
2025-05-21 10:27:30,4800.0,4814.5,Put DEX 1,DEX,-261.254,,7700.0
2025-05-21 10:27:30,4800.0,4814.5,Put GEX 1,GEX,-79081.303,,7700.0
2025-05-21 10:27:30,4850.0,4864.75,Put DEX 2,DEX,-224.766,,7700.0
2025-05-21 10:27:30,4850.0,4864.75,Put GEX 2,GEX,-69300.75,,7700.0
2025-05-21 10:27:30,4900.0,4914.75,Put DEX 5,DEX,-49.575,,7700.0
2025-05-21 10:27:30,5000.0,5015.25,Call DEX 2,DEX,739.117,,7700.0
2025-05-21 10:27:30,5200.0,5215.75,Put DEX 4,DEX,-56.976,,7700.0
2025-05-21 10:27:30,5200.0,5215.75,Put GEX 4,GEX,-43959.832,,7700.0
2025-05-21 10:27:30,5300.0,5316.0,Put GEX 5,GEX,-28600.275,,7700.0
2025-05-21 10:27:30,5310.0,5326.0,Put DEX 3,DEX,-87.064,,7700.0
2025-05-21 10:27:30,5310.0,5326.0,Put GEX 3,GEX,-48814.491,,7700.0
2025-05-21 10:27:30,5905.0,5923.0,Call DEX 3,DEX,127.818,,7700.0
2025-05-21 10:27:30,5905.0,5923.0,Call GEX 3,GEX,130066.697,,7700.0
2025-05-21 10:27:30,6000.0,6018.25,Call GEX 1,GEX,209217.181,,7700.0
2025-05-21 10:27:30,6050.0,6068.25,Call GEX 5,GEX,79778.561,,7700.0
2025-05-21 10:27:30,6100.0,6118.5,Call DEX 4,DEX,107.19,,7700.0
2025-05-21 10:27:30,6100.0,6118.5,Call GEX 2,GEX,177620.814,,7700.0
2025-05-21 10:27:30,6200.0,6218.75,Call GEX 4,GEX,94848.228,,7700.0
2025-05-21 10:27:30,6400.0,6419.5,Call DEX 5,DEX,97.812,,7700.0
2025-05-21 10:27:30,9600.0,9629.0,Put CEX 5,CEX,0.0,,7700.0
2025-05-21 10:27:30,9600.0,9629.0,Put VEX 5,VEX,0.0,,7700.0
2025-05-21 10:27:30,10000.0,10030.25,Put CEX 4,CEX,0.0,,7700.0
2025-05-21 10:27:30,10000.0,10030.25,Put VEX 4,VEX,0.0,,7700.0
2025-05-21 10:27:30,10100.0,10130.5,Put CEX 3,CEX,0.0,,7700.0
2025-05-21 10:27:30,10100.0,10130.5,Put VEX 3,VEX,0.0,,7700.0
2025-05-21 10:27:30,10200.0,10231.0,Put CEX 2,CEX,0.0,,7700.0
2025-05-21 10:27:30,10200.0,10231.0,Put VEX 2,VEX,0.0,,7700.0
2025-05-21 10:27:30,10400.0,10431.5,Put CEX 1,CEX,0.0,,7700.0
2025-05-21 10:27:30,10400.0,10431.5,Put VEX 1,VEX,0.0,,7700.0
2025-05-21 10:27:30,12000.0,12036.25,Call CEX 1,CEX,0.0,,7700.0
2025-05-21 10:27:30,12000.0,12036.25,Call VEX 1,VEX,0.0,,7700.0
2025-05-21 10:28:50,200.0,200.5,Call CEX 2,CEX,0.0,,7700.0
2025-05-21 10:28:50,200.0,200.5,Call VEX 2,VEX,0.0,,7700.0
2025-05-21 10:28:50,400.0,401.0,Call CEX 3,CEX,0.0,,7700.0
2025-05-21 10:28:50,400.0,401.0,Call VEX 3,VEX,0.0,,7700.0
2025-05-21 10:28:50,600.0,601.75,Call CEX 4,CEX,0.0,,7700.0
2025-05-21 10:28:50,600.0,601.75,Call VEX 4,VEX,0.0,,7700.0
2025-05-21 10:28:50,800.0,802.25,Call CEX 5,CEX,0.0,,7700.0
2025-05-21 10:28:50,800.0,802.25,Call VEX 5,VEX,0.0,,7700.0
2025-05-21 10:28:50,4000.0,4011.0,Call DEX 1,DEX,878.555,,7700.0
2025-05-21 10:28:50,4800.0,4813.25,Put DEX 1,DEX,-261.231,,7700.0
2025-05-21 10:28:50,4800.0,4813.25,Put GEX 1,GEX,-79416.335,,7700.0
2025-05-21 10:28:50,4850.0,4863.25,Put DEX 2,DEX,-224.712,,7700.0
2025-05-21 10:28:50,4850.0,4863.25,Put GEX 2,GEX,-69593.776,,7700.0
2025-05-21 10:28:50,5000.0,5013.75,Call DEX 2,DEX,732.754,,7700.0
2025-05-21 10:28:50,5200.0,5214.25,Put DEX 4,DEX,-57.393,,7700.0
2025-05-21 10:28:50,5200.0,5214.25,Put GEX 4,GEX,-44510.126,,7700.0
2025-05-21 10:28:50,5300.0,5314.5,Put GEX 5,GEX,-29250.927,,7700.0
2025-05-21 10:28:50,5310.0,5324.5,Put DEX 3,DEX,-87.176,,7700.0
2025-05-21 10:28:50,5310.0,5324.5,Put GEX 3,GEX,-49263.498,,7700.0
2025-05-21 10:28:50,5905.0,5921.25,Call DEX 3,DEX,126.789,,7700.0
2025-05-21 10:28:50,5905.0,5921.25,Call GEX 3,GEX,126868.044,,7700.0
2025-05-21 10:28:50,6000.0,6016.5,Put DEX 5,DEX,-55.84,,7700.0
2025-05-21 10:28:50,6000.0,6016.5,Call GEX 1,GEX,181786.984,,7700.0
2025-05-21 10:28:50,6050.0,6066.5,Call GEX 5,GEX,76697.094,,7700.0
2025-05-21 10:28:50,6100.0,6116.75,Call DEX 4,DEX,106.291,,7700.0
2025-05-21 10:28:50,6100.0,6116.75,Call GEX 2,GEX,172254.688,,7700.0
2025-05-21 10:28:50,6200.0,6217.0,Call GEX 4,GEX,92736.752,,7700.0
2025-05-21 10:28:50,6400.0,6417.5,Call DEX 5,DEX,97.732,,7700.0
2025-05-21 10:28:50,9600.0,9626.25,Put CEX 5,CEX,0.0,,7700.0
2025-05-21 10:28:50,9600.0,9626.25,Put VEX 5,VEX,0.0,,7700.0
2025-05-21 10:28:50,10000.0,10027.5,Put CEX 4,CEX,0.0,,7700.0
2025-05-21 10:28:50,10000.0,10027.5,Put VEX 4,VEX,0.0,,7700.0
2025-05-21 10:28:50,10100.0,10127.75,Put CEX 3,CEX,0.0,,7700.0
2025-05-21 10:28:50,10100.0,10127.75,Put VEX 3,VEX,0.0,,7700.0
2025-05-21 10:28:50,10200.0,10228.0,Put CEX 2,CEX,0.0,,7700.0
2025-05-21 10:28:50,10200.0,10228.0,Put VEX 2,VEX,0.0,,7700.0
2025-05-21 10:28:50,10400.0,10428.5,Put CEX 1,CEX,0.0,,7700.0
2025-05-21 10:28:50,10400.0,10428.5,Put VEX 1,VEX,0.0,,7700.0
2025-05-21 10:28:50,12000.0,12033.0,Call CEX 1,CEX,0.0,,7700.0
2025-05-21 10:28:50,12000.0,12033.0,Call VEX 1,VEX,0.0,,7700.0
2025-05-21 10:30:12,200.0,200.5,Call CEX 2,CEX,0.0,,7700.0
2025-05-21 10:30:12,200.0,200.5,Call VEX 2,VEX,0.0,,7700.0
2025-05-21 10:30:12,400.0,401.0,Call CEX 3,CEX,0.0,,7700.0
2025-05-21 10:30:12,400.0,401.0,Call VEX 3,VEX,0.0,,7700.0
2025-05-21 10:30:12,600.0,601.5,Call CEX 4,CEX,0.0,,7700.0
2025-05-21 10:30:12,600.0,601.5,Call VEX 4,VEX,0.0,,7700.0
2025-05-21 10:30:12,800.0,802.0,Call CEX 5,CEX,0.0,,7700.0
2025-05-21 10:30:12,800.0,802.0,Call VEX 5,VEX,0.0,,7700.0
2025-05-21 10:30:12,4000.0,4010.25,Call DEX 1,DEX,879.789,,7700.0
2025-05-21 10:30:12,4800.0,4812.25,Put DEX 1,DEX,-261.195,,7700.0
2025-05-21 10:30:12,4800.0,4812.25,Put GEX 1,GEX,-79376.684,,7700.0
2025-05-21 10:30:12,4850.0,4862.5,Put DEX 2,DEX,-224.751,,7700.0
2025-05-21 10:30:12,4850.0,4862.5,Put GEX 2,GEX,-69573.77,,7700.0
2025-05-21 10:30:12,5000.0,5012.75,Call DEX 2,DEX,740.305,,7700.0
2025-05-21 10:30:12,5200.0,5213.25,Put DEX 4,DEX,-57.023,,7700.0
2025-05-21 10:30:12,5200.0,5213.25,Put GEX 4,GEX,-44058.368,,7700.0
2025-05-21 10:30:12,5300.0,5313.5,Put GEX 5,GEX,-28545.321,,7700.0
2025-05-21 10:30:12,5310.0,5323.5,Put DEX 3,DEX,-87.242,,7700.0
2025-05-21 10:30:12,5310.0,5323.5,Put GEX 3,GEX,-48993.158,,7700.0
2025-05-21 10:30:12,5905.0,5920.0,Call DEX 3,DEX,126.609,,7700.0
2025-05-21 10:30:12,5905.0,5920.0,Call GEX 3,GEX,131775.926,,7700.0
2025-05-21 10:30:12,6000.0,6015.25,Put DEX 5,DEX,-54.621,,7700.0
2025-05-21 10:30:12,6000.0,6015.25,Call GEX 1,GEX,225011.48,,7700.0
2025-05-21 10:30:12,6050.0,6065.5,Call GEX 5,GEX,79973.618,,7700.0
2025-05-21 10:30:12,6100.0,6115.5,Call DEX 4,DEX,106.419,,7700.0
2025-05-21 10:30:12,6100.0,6115.5,Call GEX 2,GEX,176275.062,,7700.0
2025-05-21 10:30:12,6200.0,6216.0,Call GEX 4,GEX,93699.863,,7700.0
2025-05-21 10:30:12,6400.0,6416.5,Call DEX 5,DEX,97.738,,7700.0
2025-05-21 10:30:12,9600.0,9624.5,Put CEX 5,CEX,0.0,,7700.0
2025-05-21 10:30:12,9600.0,9624.5,Put VEX 5,VEX,0.0,,7700.0
2025-05-21 10:30:12,10000.0,10025.5,Put CEX 4,CEX,0.0,,7700.0
2025-05-21 10:30:12,10000.0,10025.5,Put VEX 4,VEX,0.0,,7700.0
2025-05-21 10:30:12,10100.0,10125.75,Put CEX 3,CEX,0.0,,7700.0
2025-05-21 10:30:12,10100.0,10125.75,Put VEX 3,VEX,0.0,,7700.0
2025-05-21 10:30:12,10200.0,10226.0,Put CEX 2,CEX,0.0,,7700.0
2025-05-21 10:30:12,10200.0,10226.0,Put VEX 2,VEX,0.0,,7700.0
2025-05-21 10:30:12,10400.0,10426.75,Put CEX 1,CEX,0.0,,7700.0
2025-05-21 10:30:12,10400.0,10426.75,Put VEX 1,VEX,0.0,,7700.0
2025-05-21 10:30:12,12000.0,12030.75,Call CEX 1,CEX,0.0,,7700.0
2025-05-21 10:30:12,12000.0,12030.75,Call VEX 1,VEX,0.0,,7700.0
2025-05-21 10:31:34,200.0,200.5,Call CEX 2,CEX,0.0,,7700.0
2025-05-21 10:31:34,200.0,200.5,Call VEX 2,VEX,0.0,,7700.0
2025-05-21 10:31:34,400.0,401.25,Call CEX 3,CEX,0.0,,7700.0
2025-05-21 10:31:34,400.0,401.25,Call VEX 3,VEX,0.0,,7700.0
2025-05-21 10:31:34,600.0,601.75,Call CEX 4,CEX,0.0,,7700.0
2025-05-21 10:31:34,600.0,601.75,Call VEX 4,VEX,0.0,,7700.0
2025-05-21 10:31:34,800.0,802.25,Call CEX 5,CEX,0.0,,7700.0
2025-05-21 10:31:34,800.0,802.25,Call VEX 5,VEX,0.0,,7700.0
2025-05-21 10:31:34,4000.0,4011.75,Call DEX 1,DEX,877.952,,7700.0
2025-05-21 10:31:34,4800.0,4814.0,Put DEX 1,DEX,-261.189,,7700.0
2025-05-21 10:31:34,4800.0,4814.0,Put GEX 1,GEX,-79813.477,,7700.0
2025-05-21 10:31:34,4850.0,4864.25,Put DEX 2,DEX,-224.715,,7700.0
2025-05-21 10:31:34,4850.0,4864.25,Put GEX 2,GEX,-69964.071,,7700.0
2025-05-21 10:31:34,5000.0,5014.75,Call DEX 2,DEX,734.488,,7700.0
2025-05-21 10:31:34,5200.0,5215.25,Put DEX 5,DEX,-57.457,,7700.0
2025-05-21 10:31:34,5200.0,5215.25,Put GEX 4,GEX,-44537.637,,7700.0
2025-05-21 10:31:34,5300.0,5315.5,Put GEX 5,GEX,-28755.486,,7700.0
2025-05-21 10:31:34,5310.0,5325.5,Put DEX 3,DEX,-87.469,,7700.0
2025-05-21 10:31:34,5310.0,5325.5,Put GEX 3,GEX,-49405.335,,7700.0
2025-05-21 10:31:34,5905.0,5922.25,Call DEX 3,DEX,125.1,,7700.0
2025-05-21 10:31:34,5905.0,5922.25,Call GEX 3,GEX,130482.776,,7700.0
2025-05-21 10:31:34,6000.0,6017.5,Put DEX 4,DEX,-64.66,,7700.0
2025-05-21 10:31:34,6000.0,6017.5,Call GEX 1,GEX,201916.115,,7700.0
2025-05-21 10:31:34,6050.0,6067.75,Call GEX 5,GEX,76616.644,,7700.0
2025-05-21 10:31:34,6100.0,6118.0,Call DEX 4,DEX,105.266,,7700.0
2025-05-21 10:31:34,6100.0,6118.0,Call GEX 2,GEX,169638.16,,7700.0
2025-05-21 10:31:34,6200.0,6218.25,Call GEX 4,GEX,91176.39,,7700.0
2025-05-21 10:31:34,6400.0,6418.75,Call DEX 5,DEX,97.655,,7700.0
2025-05-21 10:31:34,9600.0,9628.25,Put CEX 5,CEX,0.0,,7700.0
2025-05-21 10:31:34,9600.0,9628.25,Put VEX 5,VEX,0.0,,7700.0
2025-05-21 10:31:34,10000.0,10029.25,Put CEX 4,CEX,0.0,,7700.0
2025-05-21 10:31:34,10000.0,10029.25,Put VEX 4,VEX,0.0,,7700.0
2025-05-21 10:31:34,10100.0,10129.75,Put CEX 3,CEX,0.0,,7700.0
2025-05-21 10:31:34,10100.0,10129.75,Put VEX 3,VEX,0.0,,7700.0
2025-05-21 10:31:34,10200.0,10230.0,Put CEX 2,CEX,0.0,,7700.0
2025-05-21 10:31:34,10200.0,10230.0,Put VEX 2,VEX,0.0,,7700.0
2025-05-21 10:31:34,10400.0,10430.5,Put CEX 1,CEX,0.0,,7700.0
2025-05-21 10:31:34,10400.0,10430.5,Put VEX 1,VEX,0.0,,7700.0
2025-05-21 10:31:34,12000.0,12035.25,Call CEX 1,CEX,0.0,,7700.0
2025-05-21 10:31:34,12000.0,12035.25,Call VEX 1,VEX,0.0,,7700.0
2025-05-21 10:32:55,200.0,200.5,Call CEX 2,CEX,0.0,,7700.0
2025-05-21 10:32:55,200.0,200.5,Call VEX 2,VEX,0.0,,7700.0
2025-05-21 10:32:55,400.0,401.25,Call CEX 3,CEX,0.0,,7700.0
2025-05-21 10:32:55,400.0,401.25,Call VEX 3,VEX,0.0,,7700.0
2025-05-21 10:32:55,600.0,601.75,Call CEX 4,CEX,0.0,,7700.0
2025-05-21 10:32:55,600.0,601.75,Call VEX 4,VEX,0.0,,7700.0
2025-05-21 10:32:55,800.0,802.25,Call CEX 5,CEX,0.0,,7700.0
2025-05-21 10:32:55,800.0,802.25,Call VEX 5,VEX,0.0,,7700.0
2025-05-21 10:32:55,4000.0,4011.75,Call DEX 1,DEX,874.623,,7700.0
2025-05-21 10:32:55,4800.0,4814.0,Put DEX 1,DEX,-261.125,,7700.0
2025-05-21 10:32:55,4800.0,4814.0,Put GEX 1,GEX,-80154.087,,7700.0
2025-05-21 10:32:55,4850.0,4864.0,Put DEX 2,DEX,-224.529,,7700.0
2025-05-21 10:32:55,4850.0,4864.0,Put GEX 2,GEX,-70237.358,,7700.0
2025-05-21 10:32:55,5000.0,5014.5,Call DEX 2,DEX,718.68,,7700.0
2025-05-21 10:32:55,5200.0,5215.25,Put DEX 5,DEX,-58.247,,7700.0
2025-05-21 10:32:55,5200.0,5215.25,Put GEX 4,GEX,-45809.068,,7700.0
2025-05-21 10:32:55,5300.0,5315.5,Put GEX 5,GEX,-30977.143,,7700.0
2025-05-21 10:32:55,5310.0,5325.5,Put DEX 3,DEX,-87.333,,7700.0
2025-05-21 10:32:55,5310.0,5325.5,Put GEX 3,GEX,-50305.375,,7700.0
2025-05-21 10:32:55,5905.0,5922.25,Call DEX 3,DEX,124.823,,7700.0
2025-05-21 10:32:55,5905.0,5922.25,Call GEX 2,GEX,119651.264,,7700.0
2025-05-21 10:32:55,6000.0,6017.5,Put DEX 4,DEX,-76.38,,7700.0
2025-05-21 10:32:55,6000.0,6017.5,Call GEX 3,GEX,97179.388,,7700.0
2025-05-21 10:32:55,6100.0,6117.75,Call DEX 4,DEX,103.76,,7700.0
2025-05-21 10:32:55,6100.0,6117.75,Call GEX 1,GEX,160992.374,,7700.0
2025-05-21 10:32:55,6200.0,6218.0,Call GEX 4,GEX,88630.047,,7700.0
2025-05-21 10:32:55,6400.0,6418.75,Call DEX 5,DEX,97.557,,7700.0
2025-05-21 10:32:55,6400.0,6418.75,Call GEX 5,GEX,72494.101,,7700.0
2025-05-21 10:32:55,9600.0,9628.0,Put CEX 5,CEX,0.0,,7700.0
2025-05-21 10:32:55,9600.0,9628.0,Put VEX 5,VEX,0.0,,7700.0
2025-05-21 10:32:55,10000.0,10029.0,Put CEX 4,CEX,0.0,,7700.0
2025-05-21 10:32:55,10000.0,10029.0,Put VEX 4,VEX,0.0,,7700.0
2025-05-21 10:32:55,10100.0,10129.5,Put CEX 3,CEX,0.0,,7700.0
2025-05-21 10:32:55,10100.0,10129.5,Put VEX 3,VEX,0.0,,7700.0
2025-05-21 10:32:55,10200.0,10229.75,Put CEX 2,CEX,0.0,,7700.0
2025-05-21 10:32:55,10200.0,10229.75,Put VEX 2,VEX,0.0,,7700.0
2025-05-21 10:32:55,10400.0,10430.25,Put CEX 1,CEX,0.0,,7700.0
2025-05-21 10:32:55,10400.0,10430.25,Put VEX 1,VEX,0.0,,7700.0
2025-05-21 10:32:55,12000.0,12035.0,Call CEX 1,CEX,0.0,,7700.0
2025-05-21 10:32:55,12000.0,12035.0,Call VEX 1,VEX,0.0,,7700.0
2025-05-21 10:34:16,200.0,200.5,Call CEX 2,CEX,0.0,,7700.0
2025-05-21 10:34:16,200.0,200.5,Call VEX 2,VEX,0.0,,7700.0
2025-05-21 10:34:16,400.0,401.0,Call CEX 3,CEX,0.0,,7700.0
2025-05-21 10:34:16,400.0,401.0,Call VEX 3,VEX,0.0,,7700.0
2025-05-21 10:34:16,600.0,601.75,Call CEX 4,CEX,0.0,,7700.0
2025-05-21 10:34:16,600.0,601.75,Call VEX 4,VEX,0.0,,7700.0
2025-05-21 10:34:16,800.0,802.25,Call CEX 5,CEX,0.0,,7700.0
2025-05-21 10:34:16,800.0,802.25,Call VEX 5,VEX,0.0,,7700.0
2025-05-21 10:34:16,4000.0,4011.25,Call DEX 1,DEX,879.714,,7700.0
2025-05-21 10:34:16,4800.0,4813.5,Put DEX 1,DEX,-261.182,,7700.0
2025-05-21 10:34:16,4800.0,4813.5,Put GEX 1,GEX,-79182.157,,7700.0
2025-05-21 10:34:16,4850.0,4863.75,Put DEX 2,DEX,-224.673,,7700.0
2025-05-21 10:34:16,4850.0,4863.75,Put GEX 2,GEX,-69384.969,,7700.0
2025-05-21 10:34:16,5000.0,5014.0,Call DEX 2,DEX,735.699,,7700.0
2025-05-21 10:34:16,5200.0,5214.5,Put DEX 4,DEX,-57.075,,7700.0
2025-05-21 10:34:16,5200.0,5214.5,Put GEX 4,GEX,-44292.682,,7700.0
2025-05-21 10:34:16,5300.0,5315.0,Put GEX 5,GEX,-28899.07,,7700.0
2025-05-21 10:34:16,5310.0,5325.0,Put DEX 3,DEX,-86.916,,7700.0
2025-05-21 10:34:16,5310.0,5325.0,Put GEX 3,GEX,-49114.584,,7700.0
2025-05-21 10:34:16,5905.0,5921.5,Call DEX 3,DEX,127.717,,7700.0
2025-05-21 10:34:16,5905.0,5921.5,Call GEX 3,GEX,129291.886,,7700.0
2025-05-21 10:34:16,6000.0,6016.75,Put DEX 5,DEX,-51.302,,7700.0
2025-05-21 10:34:16,6000.0,6016.75,Call GEX 1,GEX,186731.211,,7700.0
2025-05-21 10:34:16,6050.0,6067.0,Call GEX 5,GEX,78633.059,,7700.0
2025-05-21 10:34:16,6100.0,6117.25,Call DEX 4,DEX,106.377,,7700.0
2025-05-21 10:34:16,6100.0,6117.25,Call GEX 2,GEX,175783.214,,7700.0
2025-05-21 10:34:16,6200.0,6217.5,Call GEX 4,GEX,94284.915,,7700.0
2025-05-21 10:34:16,6400.0,6418.0,Call DEX 5,DEX,97.724,,7700.0
2025-05-21 10:34:16,9600.0,9627.0,Put CEX 5,CEX,0.0,,7700.0
2025-05-21 10:34:16,9600.0,9627.0,Put VEX 5,VEX,0.0,,7700.0
2025-05-21 10:34:16,10000.0,10028.0,Put CEX 4,CEX,0.0,,7700.0
2025-05-21 10:34:16,10000.0,10028.0,Put VEX 4,VEX,0.0,,7700.0
2025-05-21 10:34:16,10100.0,10128.5,Put CEX 3,CEX,0.0,,7700.0
2025-05-21 10:34:16,10100.0,10128.5,Put VEX 3,VEX,0.0,,7700.0
2025-05-21 10:34:16,10200.0,10228.75,Put CEX 2,CEX,0.0,,7700.0
2025-05-21 10:34:16,10200.0,10228.75,Put VEX 2,VEX,0.0,,7700.0
2025-05-21 10:34:16,10400.0,10429.25,Put CEX 1,CEX,0.0,,7700.0
2025-05-21 10:34:16,10400.0,10429.25,Put VEX 1,VEX,0.0,,7700.0
2025-05-21 10:34:16,12000.0,12033.75,Call CEX 1,CEX,0.0,,7700.0
2025-05-21 10:34:16,12000.0,12033.75,Call VEX 1,VEX,0.0,,7700.0
2025-05-21 10:35:36,200.0,200.5,Call CEX 2,CEX,0.0,,7700.0
2025-05-21 10:35:36,200.0,200.5,Call VEX 2,VEX,0.0,,7700.0
2025-05-21 10:35:36,400.0,401.25,Call CEX 3,CEX,0.0,,7700.0
2025-05-21 10:35:36,400.0,401.25,Call VEX 3,VEX,0.0,,7700.0
2025-05-21 10:35:36,600.0,601.75,Call CEX 4,CEX,0.0,,7700.0
2025-05-21 10:35:36,600.0,601.75,Call VEX 4,VEX,0.0,,7700.0
2025-05-21 10:35:36,800.0,802.25,Call CEX 5,CEX,0.0,,7700.0
2025-05-21 10:35:36,800.0,802.25,Call VEX 5,VEX,0.0,,7700.0
2025-05-21 10:35:36,4000.0,4011.5,Call DEX 1,DEX,881.296,,7700.0
2025-05-21 10:35:36,4800.0,4813.75,Put DEX 1,DEX,-261.191,,7700.0
2025-05-21 10:35:36,4800.0,4813.75,Put GEX 1,GEX,-78894.914,,7700.0
2025-05-21 10:35:36,4850.0,4864.0,Put DEX 2,DEX,-224.703,,7700.0
2025-05-21 10:35:36,4850.0,4864.0,Put GEX 2,GEX,-69143.438,,7700.0
2025-05-21 10:35:36,4900.0,4914.0,Put DEX 5,DEX,-49.487,,7700.0
2025-05-21 10:35:36,5000.0,5014.25,Call DEX 2,DEX,741.754,,7700.0
2025-05-21 10:35:36,5200.0,5215.0,Put DEX 4,DEX,-56.639,,7700.0
2025-05-21 10:35:36,5200.0,5215.0,Put GEX 4,GEX,-43836.97,,7700.0
2025-05-21 10:35:36,5300.0,5315.25,Put GEX 5,GEX,-28524.324,,7700.0
2025-05-21 10:35:36,5310.0,5325.25,Put DEX 3,DEX,-86.745,,7700.0
2025-05-21 10:35:36,5310.0,5325.25,Put GEX 3,GEX,-48768.282,,7700.0
2025-05-21 10:35:36,5905.0,5922.0,Call DEX 3,DEX,128.614,,7700.0
2025-05-21 10:35:36,5905.0,5922.0,Call GEX 3,GEX,132208.496,,7700.0
2025-05-21 10:35:36,6000.0,6017.25,Call GEX 1,GEX,211625.26,,7700.0
2025-05-21 10:35:36,6050.0,6067.25,Call GEX 5,GEX,81239.733,,7700.0
2025-05-21 10:35:36,6100.0,6117.5,Call DEX 4,DEX,107.163,,7700.0
2025-05-21 10:35:36,6100.0,6117.5,Call GEX 2,GEX,180913.508,,7700.0
2025-05-21 10:35:36,6200.0,6217.75,Call GEX 4,GEX,96190.038,,7700.0
2025-05-21 10:35:36,6400.0,6418.5,Call DEX 5,DEX,97.793,,7700.0
2025-05-21 10:35:36,9600.0,9627.5,Put CEX 5,CEX,0.0,,7700.0
2025-05-21 10:35:36,9600.0,9627.5,Put VEX 5,VEX,0.0,,7700.0
2025-05-21 10:35:36,10000.0,10028.75,Put CEX 4,CEX,0.0,,7700.0
2025-05-21 10:35:36,10000.0,10028.75,Put VEX 4,VEX,0.0,,7700.0
2025-05-21 10:35:36,10100.0,10129.0,Put CEX 3,CEX,0.0,,7700.0
2025-05-21 10:35:36,10100.0,10129.0,Put VEX 3,VEX,0.0,,7700.0
2025-05-21 10:35:36,10200.0,10229.25,Put CEX 2,CEX,0.0,,7700.0
2025-05-21 10:35:36,10200.0,10229.25,Put VEX 2,VEX,0.0,,7700.0
2025-05-21 10:35:36,10400.0,10429.75,Put CEX 1,CEX,0.0,,7700.0
2025-05-21 10:35:36,10400.0,10429.75,Put VEX 1,VEX,0.0,,7700.0
2025-05-21 10:35:36,12000.0,12034.5,Call CEX 1,CEX,0.0,,7700.0
2025-05-21 10:35:36,12000.0,12034.5,Call VEX 1,VEX,0.0,,7700.0
2025-05-21 10:36:56,200.0,200.5,Call CEX 2,CEX,0.0,,7700.0
2025-05-21 10:36:56,200.0,200.5,Call VEX 2,VEX,0.0,,7700.0
2025-05-21 10:36:56,400.0,401.25,Call CEX 3,CEX,0.0,,7700.0
2025-05-21 10:36:56,400.0,401.25,Call VEX 3,VEX,0.0,,7700.0
2025-05-21 10:36:56,600.0,601.75,Call CEX 4,CEX,0.0,,7700.0
2025-05-21 10:36:56,600.0,601.75,Call VEX 4,VEX,0.0,,7700.0
2025-05-21 10:36:56,800.0,802.5,Call CEX 5,CEX,0.0,,7700.0
2025-05-21 10:36:56,800.0,802.5,Call VEX 5,VEX,0.0,,7700.0
2025-05-21 10:36:56,4000.0,4012.5,Call DEX 1,DEX,880.355,,7700.0
2025-05-21 10:36:56,4800.0,4815.0,Put DEX 1,DEX,-261.161,,7700.0
2025-05-21 10:36:56,4800.0,4815.0,Put GEX 1,GEX,-79109.374,,7700.0
2025-05-21 10:36:56,4850.0,4865.25,Put DEX 2,DEX,-224.688,,7700.0
2025-05-21 10:36:56,4850.0,4865.25,Put GEX 2,GEX,-69335.675,,7700.0
2025-05-21 10:36:56,5000.0,5015.5,Call DEX 2,DEX,741.25,,7700.0
2025-05-21 10:36:56,5200.0,5216.25,Put DEX 4,DEX,-56.769,,7700.0
2025-05-21 10:36:56,5200.0,5216.25,Put GEX 4,GEX,-43975.989,,7700.0
2025-05-21 10:36:56,5300.0,5316.5,Put GEX 5,GEX,-28511.896,,7700.0
2025-05-21 10:36:56,5310.0,5326.5,Put DEX 3,DEX,-86.908,,7700.0
2025-05-21 10:36:56,5310.0,5326.5,Put GEX 3,GEX,-48879.41,,7700.0
2025-05-21 10:36:56,5905.0,5923.5,Call DEX 3,DEX,127.786,,7700.0
2025-05-21 10:36:56,5905.0,5923.5,Call GEX 3,GEX,132732.9,,7700.0
2025-05-21 10:36:56,6000.0,6018.75,Put DEX 5,DEX,-49.544,,7700.0
2025-05-21 10:36:56,6000.0,6018.75,Call GEX 1,GEX,217506.486,,7700.0
2025-05-21 10:36:56,6050.0,6068.75,Call GEX 5,GEX,80479.166,,7700.0
2025-05-21 10:36:56,6100.0,6119.0,Call DEX 4,DEX,106.512,,7700.0
2025-05-21 10:36:56,6100.0,6119.0,Call GEX 2,GEX,178628.078,,7700.0
2025-05-21 10:36:56,6200.0,6219.25,Call GEX 4,GEX,95231.77,,7700.0
2025-05-21 10:36:56,6400.0,6420.0,Call DEX 5,DEX,97.743,,7700.0
2025-05-21 10:36:56,9600.0,9630.0,Put CEX 5,CEX,0.0,,7700.0
2025-05-21 10:36:56,9600.0,9630.0,Put VEX 5,VEX,0.0,,7700.0
2025-05-21 10:36:56,10000.0,10031.25,Put CEX 4,CEX,0.0,,7700.0
2025-05-21 10:36:56,10000.0,10031.25,Put VEX 4,VEX,0.0,,7700.0
2025-05-21 10:36:56,10100.0,10131.5,Put CEX 3,CEX,0.0,,7700.0
2025-05-21 10:36:56,10100.0,10131.5,Put VEX 3,VEX,0.0,,7700.0
2025-05-21 10:36:56,10200.0,10231.75,Put CEX 2,CEX,0.0,,7700.0
2025-05-21 10:36:56,10200.0,10231.75,Put VEX 2,VEX,0.0,,7700.0
2025-05-21 10:36:56,10400.0,10432.5,Put CEX 1,CEX,0.0,,7700.0
2025-05-21 10:36:56,10400.0,10432.5,Put VEX 1,VEX,0.0,,7700.0
2025-05-21 10:36:56,12000.0,12037.5,Call CEX 1,CEX,0.0,,7700.0
2025-05-21 10:36:56,12000.0,12037.5,Call VEX 1,VEX,0.0,,7700.0
2025-05-21 10:38:20,200.0,200.75,Call CEX 2,CEX,0.0,,7700.0
2025-05-21 10:38:20,200.0,200.75,Call VEX 2,VEX,0.0,,7700.0
2025-05-21 10:38:20,400.0,401.25,Call CEX 3,CEX,0.0,,7700.0
2025-05-21 10:38:20,400.0,401.25,Call VEX 3,VEX,0.0,,7700.0
2025-05-21 10:38:20,600.0,602.0,Call CEX 4,CEX,0.0,,7700.0
2025-05-21 10:38:20,600.0,602.0,Call VEX 4,VEX,0.0,,7700.0
2025-05-21 10:38:20,800.0,802.5,Call CEX 5,CEX,0.0,,7700.0
2025-05-21 10:38:20,800.0,802.5,Call VEX 5,VEX,0.0,,7700.0
2025-05-21 10:38:20,4000.0,4012.5,Call DEX 1,DEX,880.282,,7700.0
2025-05-21 10:38:20,4800.0,4815.25,Put DEX 1,DEX,-261.207,,7700.0
2025-05-21 10:38:20,4800.0,4815.25,Put GEX 1,GEX,-78987.994,,7700.0
2025-05-21 10:38:20,4850.0,4865.25,Put DEX 2,DEX,-224.691,,7700.0
2025-05-21 10:38:20,4850.0,4865.25,Put GEX 2,GEX,-69212.152,,7700.0
2025-05-21 10:38:20,4900.0,4915.5,Put DEX 5,DEX,-49.542,,7700.0
2025-05-21 10:38:20,5000.0,5015.75,Call DEX 2,DEX,737.347,,7700.0
2025-05-21 10:38:20,5200.0,5216.5,Put DEX 4,DEX,-56.91,,7700.0
2025-05-21 10:38:20,5200.0,5216.5,Put GEX 4,GEX,-44105.905,,7700.0
2025-05-21 10:38:20,5300.0,5316.75,Put GEX 5,GEX,-28909.784,,7700.0
2025-05-21 10:38:20,5310.0,5326.75,Put DEX 3,DEX,-86.806,,7700.0
2025-05-21 10:38:20,5310.0,5326.75,Put GEX 3,GEX,-48923.837,,7700.0
2025-05-21 10:38:20,5905.0,5923.75,Call DEX 3,DEX,128.421,,7700.0
2025-05-21 10:38:20,5905.0,5923.75,Call GEX 3,GEX,129600.326,,7700.0
2025-05-21 10:38:20,6000.0,6019.0,Call GEX 1,GEX,189884.936,,7700.0
2025-05-21 10:38:20,6050.0,6069.0,Call GEX 5,GEX,79606.116,,7700.0
2025-05-21 10:38:20,6100.0,6119.25,Call DEX 4,DEX,106.947,,7700.0
2025-05-21 10:38:20,6100.0,6119.25,Call GEX 2,GEX,178465.95,,7700.0
2025-05-21 10:38:20,6200.0,6219.5,Call GEX 4,GEX,95435.458,,7700.0
2025-05-21 10:38:20,6400.0,6420.25,Call DEX 5,DEX,97.773,,7700.0
2025-05-21 10:38:20,9600.0,9630.25,Put CEX 5,CEX,0.0,,7700.0
2025-05-21 10:38:20,9600.0,9630.25,Put VEX 5,VEX,0.0,,7700.0
2025-05-21 10:38:20,10000.0,10031.5,Put CEX 4,CEX,0.0,,7700.0
2025-05-21 10:38:20,10000.0,10031.5,Put VEX 4,VEX,0.0,,7700.0
2025-05-21 10:38:20,10100.0,10131.75,Put CEX 3,CEX,0.0,,7700.0
2025-05-21 10:38:20,10100.0,10131.75,Put VEX 3,VEX,0.0,,7700.0
2025-05-21 10:38:20,10200.0,10232.25,Put CEX 2,CEX,0.0,,7700.0
2025-05-21 10:38:20,10200.0,10232.25,Put VEX 2,VEX,0.0,,7700.0
2025-05-21 10:38:20,10400.0,10432.75,Put CEX 1,CEX,0.0,,7700.0
2025-05-21 10:38:20,10400.0,10432.75,Put VEX 1,VEX,0.0,,7700.0
2025-05-21 10:38:20,12000.0,12037.75,Call CEX 1,CEX,0.0,,7700.0
2025-05-21 10:38:20,12000.0,12037.75,Call VEX 1,VEX,0.0,,7700.0
2025-05-21 10:39:41,200.0,200.5,Call CEX 2,CEX,0.0,,7700.0
2025-05-21 10:39:41,200.0,200.5,Call VEX 2,VEX,0.0,,7700.0
2025-05-21 10:39:41,400.0,401.25,Call CEX 3,CEX,0.0,,7700.0
2025-05-21 10:39:41,400.0,401.25,Call VEX 3,VEX,0.0,,7700.0
2025-05-21 10:39:41,600.0,601.75,Call CEX 4,CEX,0.0,,7700.0
2025-05-21 10:39:41,600.0,601.75,Call VEX 4,VEX,0.0,,7700.0
2025-05-21 10:39:41,800.0,802.5,Call CEX 5,CEX,0.0,,7700.0
2025-05-21 10:39:41,800.0,802.5,Call VEX 5,VEX,0.0,,7700.0
2025-05-21 10:39:41,4000.0,4012.0,Call DEX 1,DEX,880.386,,7700.0
2025-05-21 10:39:41,4800.0,4814.5,Put DEX 1,DEX,-261.242,,7700.0
2025-05-21 10:39:41,4800.0,4814.5,Put GEX 1,GEX,-78842.865,,7700.0
2025-05-21 10:39:41,4850.0,4864.5,Put DEX 2,DEX,-224.682,,7700.0
2025-05-21 10:39:41,4850.0,4864.5,Put GEX 2,GEX,-69066.372,,7700.0
2025-05-21 10:39:41,4900.0,4914.75,Put DEX 5,DEX,-49.598,,7700.0
2025-05-21 10:39:41,5000.0,5015.0,Call DEX 2,DEX,733.1,,7700.0
2025-05-21 10:39:41,5200.0,5215.75,Put DEX 4,DEX,-57.208,,7700.0
2025-05-21 10:39:41,5200.0,5215.75,Put GEX 4,GEX,-44395.294,,7700.0
2025-05-21 10:39:41,5300.0,5316.0,Put GEX 5,GEX,-29368.673,,7700.0
2025-05-21 10:39:41,5310.0,5326.0,Put DEX 3,DEX,-86.692,,7700.0
2025-05-21 10:39:41,5310.0,5326.0,Put GEX 3,GEX,-48994.67,,7700.0
2025-05-21 10:39:41,5905.0,5922.75,Call DEX 3,DEX,129.19,,7700.0
2025-05-21 10:39:41,5905.0,5922.75,Call GEX 3,GEX,126041.93,,7700.0
2025-05-21 10:39:41,6000.0,6018.0,Call GEX 2,GEX,152451.008,,7700.0
2025-05-21 10:39:41,6050.0,6068.25,Call GEX 5,GEX,78231.137,,7700.0
2025-05-21 10:39:41,6100.0,6118.25,Call DEX 4,DEX,107.618,,7700.0
2025-05-21 10:39:41,6100.0,6118.25,Call GEX 1,GEX,177998.52,,7700.0
2025-05-21 10:39:41,6200.0,6218.75,Call GEX 4,GEX,95538.153,,7700.0
2025-05-21 10:39:41,6400.0,6419.25,Call DEX 5,DEX,97.819,,7700.0
2025-05-21 10:39:41,9600.0,9629.0,Put CEX 5,CEX,0.0,,7700.0
2025-05-21 10:39:41,9600.0,9629.0,Put VEX 5,VEX,0.0,,7700.0
2025-05-21 10:39:41,10000.0,10030.0,Put CEX 4,CEX,0.0,,7700.0
2025-05-21 10:39:41,10000.0,10030.0,Put VEX 4,VEX,0.0,,7700.0
2025-05-21 10:39:41,10100.0,10130.5,Put CEX 3,CEX,0.0,,7700.0
2025-05-21 10:39:41,10100.0,10130.5,Put VEX 3,VEX,0.0,,7700.0
2025-05-21 10:39:41,10200.0,10230.75,Put CEX 2,CEX,0.0,,7700.0
2025-05-21 10:39:41,10200.0,10230.75,Put VEX 2,VEX,0.0,,7700.0
2025-05-21 10:39:41,10400.0,10431.25,Put CEX 1,CEX,0.0,,7700.0
2025-05-21 10:39:41,10400.0,10431.25,Put VEX 1,VEX,0.0,,7700.0
2025-05-21 10:39:41,12000.0,12036.0,Call CEX 1,CEX,0.0,,7700.0
2025-05-21 10:39:41,12000.0,12036.0,Call VEX 1,VEX,0.0,,7700.0
2025-05-21 10:41:02,200.0,200.5,Call CEX 2,CEX,0.0,,7700.0
2025-05-21 10:41:02,200.0,200.5,Call VEX 2,VEX,0.0,,7700.0
2025-05-21 10:41:02,400.0,401.25,Call CEX 3,CEX,0.0,,7700.0
2025-05-21 10:41:02,400.0,401.25,Call VEX 3,VEX,0.0,,7700.0
2025-05-21 10:41:02,600.0,601.75,Call CEX 4,CEX,0.0,,7700.0
2025-05-21 10:41:02,600.0,601.75,Call VEX 4,VEX,0.0,,7700.0
2025-05-21 10:41:02,800.0,802.25,Call CEX 5,CEX,0.0,,7700.0
2025-05-21 10:41:02,800.0,802.25,Call VEX 5,VEX,0.0,,7700.0
2025-05-21 10:41:02,4000.0,4011.5,Call DEX 1,DEX,883.669,,7700.0
2025-05-21 10:41:02,4800.0,4814.0,Put DEX 1,DEX,-261.27,,7700.0
2025-05-21 10:41:02,4800.0,4814.0,Put GEX 1,GEX,-78209.039,,7700.0
2025-05-21 10:41:02,4850.0,4864.0,Put DEX 2,DEX,-223.456,,7700.0
2025-05-21 10:41:02,4850.0,4864.0,Put GEX 2,GEX,-68104.286,,7700.0
2025-05-21 10:41:02,4900.0,4914.25,Put DEX 5,DEX,-49.446,,7700.0
2025-05-21 10:41:02,5000.0,5014.5,Call DEX 2,DEX,752.658,,7700.0
2025-05-21 10:41:02,5200.0,5215.0,Put DEX 4,DEX,-56.336,,7700.0
2025-05-21 10:41:02,5200.0,5215.0,Put GEX 4,GEX,-43321.52,,7700.0
2025-05-21 10:41:02,5300.0,5315.25,Put GEX 5,GEX,-28024.9,,7700.0
2025-05-21 10:41:02,5310.0,5325.25,Put DEX 3,DEX,-86.463,,7700.0
2025-05-21 10:41:02,5310.0,5325.25,Put GEX 3,GEX,-48162.752,,7700.0
2025-05-21 10:41:02,5700.0,5716.5,Call DEX 5,DEX,102.284,,7700.0
2025-05-21 10:41:02,5905.0,5922.0,Call DEX 3,DEX,131.231,,7700.0
2025-05-21 10:41:02,5905.0,5922.0,Call GEX 3,GEX,133950.717,,7700.0
2025-05-21 10:41:02,6000.0,6017.25,Call GEX 1,GEX,231697.713,,7700.0
2025-05-21 10:41:02,6050.0,6067.5,Call GEX 5,GEX,85206.108,,7700.0
2025-05-21 10:41:02,6100.0,6117.75,Call DEX 4,DEX,109.426,,7700.0
2025-05-21 10:41:02,6100.0,6117.75,Call GEX 2,GEX,189886.564,,7700.0
2025-05-21 10:41:02,6200.0,6218.0,Call GEX 4,GEX,100487.304,,7700.0
2025-05-21 10:41:02,9600.0,9627.75,Put CEX 5,CEX,0.0,,7700.0
2025-05-21 10:41:02,9600.0,9627.75,Put VEX 5,VEX,0.0,,7700.0
2025-05-21 10:41:02,10000.0,10029.0,Put CEX 4,CEX,0.0,,7700.0
2025-05-21 10:41:02,10000.0,10029.0,Put VEX 4,VEX,0.0,,7700.0
2025-05-21 10:41:02,10100.0,10129.25,Put CEX 3,CEX,0.0,,7700.0
2025-05-21 10:41:02,10100.0,10129.25,Put VEX 3,VEX,0.0,,7700.0
2025-05-21 10:41:02,10200.0,10229.5,Put CEX 2,CEX,0.0,,7700.0
2025-05-21 10:41:02,10200.0,10229.5,Put VEX 2,VEX,0.0,,7700.0
2025-05-21 10:41:02,10400.0,10430.0,Put CEX 1,CEX,0.0,,7700.0
2025-05-21 10:41:02,10400.0,10430.0,Put VEX 1,VEX,0.0,,7700.0
2025-05-21 10:41:02,12000.0,12034.75,Call CEX 1,CEX,0.0,,7700.0
2025-05-21 10:41:02,12000.0,12034.75,Call VEX 1,VEX,0.0,,7700.0
2025-05-21 10:42:21,200.0,200.5,Call CEX 2,CEX,0.0,,7700.0
2025-05-21 10:42:21,200.0,200.5,Call VEX 2,VEX,0.0,,7700.0
2025-05-21 10:42:21,400.0,401.0,Call CEX 3,CEX,0.0,,7700.0
2025-05-21 10:42:21,400.0,401.0,Call VEX 3,VEX,0.0,,7700.0
2025-05-21 10:42:21,600.0,601.75,Call CEX 4,CEX,0.0,,7700.0
2025-05-21 10:42:21,600.0,601.75,Call VEX 4,VEX,0.0,,7700.0
2025-05-21 10:42:21,800.0,802.25,Call CEX 5,CEX,0.0,,7700.0
2025-05-21 10:42:21,800.0,802.25,Call VEX 5,VEX,0.0,,7700.0
2025-05-21 10:42:21,4000.0,4011.25,Call DEX 1,DEX,882.632,,7700.0
2025-05-21 10:42:21,4800.0,4813.5,Put DEX 1,DEX,-261.253,,7700.0
2025-05-21 10:42:21,4800.0,4813.5,Put GEX 1,GEX,-78441.251,,7700.0
2025-05-21 10:42:21,4850.0,4863.5,Put DEX 2,DEX,-224.76,,7700.0
2025-05-21 10:42:21,4850.0,4863.5,Put GEX 2,GEX,-68719.627,,7700.0
2025-05-21 10:42:21,4900.0,4913.75,Put DEX 5,DEX,-49.481,,7700.0
2025-05-21 10:42:21,5000.0,5014.0,Call DEX 2,DEX,749.42,,7700.0
2025-05-21 10:42:21,5200.0,5214.5,Put DEX 4,DEX,-56.375,,7700.0
2025-05-21 10:42:21,5200.0,5214.5,Put GEX 4,GEX,-43462.657,,7700.0
2025-05-21 10:42:21,5300.0,5314.75,Put GEX 5,GEX,-28259.926,,7700.0
2025-05-21 10:42:21,5310.0,5325.0,Put DEX 3,DEX,-86.543,,7700.0
2025-05-21 10:42:21,5310.0,5325.0,Put GEX 3,GEX,-48362.492,,7700.0
2025-05-21 10:42:21,5700.0,5716.0,Call DEX 5,DEX,100.322,,7700.0
2025-05-21 10:42:21,5905.0,5921.5,Call DEX 3,DEX,130.393,,7700.0
2025-05-21 10:42:21,5905.0,5921.5,Call GEX 3,GEX,133101.412,,7700.0
2025-05-21 10:42:21,6000.0,6016.75,Call GEX 1,GEX,222852.089,,7700.0
2025-05-21 10:42:21,6050.0,6067.0,Call GEX 5,GEX,83863.88,,7700.0
2025-05-21 10:42:21,6100.0,6117.0,Call DEX 4,DEX,108.637,,7700.0
2025-05-21 10:42:21,6100.0,6117.0,Call GEX 2,GEX,186996.859,,7700.0
2025-05-21 10:42:21,6200.0,6217.5,Call GEX 4,GEX,98927.157,,7700.0
2025-05-21 10:42:21,9600.0,9627.0,Put CEX 5,CEX,0.0,,7700.0
2025-05-21 10:42:21,9600.0,9627.0,Put VEX 5,VEX,0.0,,7700.0
2025-05-21 10:42:21,10000.0,10028.0,Put CEX 4,CEX,0.0,,7700.0
2025-05-21 10:42:21,10000.0,10028.0,Put VEX 4,VEX,0.0,,7700.0
2025-05-21 10:42:21,10100.0,10128.25,Put CEX 3,CEX,0.0,,7700.0
2025-05-21 10:42:21,10100.0,10128.25,Put VEX 3,VEX,0.0,,7700.0
2025-05-21 10:42:21,10200.0,10228.5,Put CEX 2,CEX,0.0,,7700.0
2025-05-21 10:42:21,10200.0,10228.5,Put VEX 2,VEX,0.0,,7700.0
2025-05-21 10:42:21,10400.0,10429.25,Put CEX 1,CEX,0.0,,7700.0
2025-05-21 10:42:21,10400.0,10429.25,Put VEX 1,VEX,0.0,,7700.0
2025-05-21 10:42:21,12000.0,12033.75,Call CEX 1,CEX,0.0,,7700.0
2025-05-21 10:42:21,12000.0,12033.75,Call VEX 1,VEX,0.0,,7700.0
2025-05-21 10:43:40,200.0,200.5,Call CEX 2,CEX,0.0,,7700.0
2025-05-21 10:43:40,200.0,200.5,Call VEX 2,VEX,0.0,,7700.0
2025-05-21 10:43:40,400.0,401.0,Call CEX 3,CEX,0.0,,7700.0
2025-05-21 10:43:40,400.0,401.0,Call VEX 3,VEX,0.0,,7700.0
2025-05-21 10:43:40,600.0,601.75,Call CEX 4,CEX,0.0,,7700.0
2025-05-21 10:43:40,600.0,601.75,Call VEX 4,VEX,0.0,,7700.0
2025-05-21 10:43:40,800.0,802.25,Call CEX 5,CEX,0.0,,7700.0
2025-05-21 10:43:40,800.0,802.25,Call VEX 5,VEX,0.0,,7700.0
2025-05-21 10:43:40,4000.0,4011.0,Call DEX 1,DEX,882.081,,7700.0
2025-05-21 10:43:40,4800.0,4813.25,Put DEX 1,DEX,-261.258,,7700.0
2025-05-21 10:43:40,4800.0,4813.25,Put GEX 1,GEX,-78502.742,,7700.0
2025-05-21 10:43:40,4850.0,4863.5,Put DEX 2,DEX,-224.746,,7700.0
2025-05-21 10:43:40,4850.0,4863.5,Put GEX 2,GEX,-68769.573,,7700.0
2025-05-21 10:43:40,4900.0,4913.5,Put DEX 5,DEX,-49.513,,7700.0
2025-05-21 10:43:40,5000.0,5013.75,Call DEX 2,DEX,746.598,,7700.0
2025-05-21 10:43:40,5200.0,5214.5,Put DEX 4,DEX,-56.633,,7700.0
2025-05-21 10:43:40,5200.0,5214.5,Put GEX 4,GEX,-43694.605,,7700.0
2025-05-21 10:43:40,5300.0,5314.75,Put GEX 5,GEX,-28587.591,,7700.0
2025-05-21 10:43:40,5310.0,5324.75,Put DEX 3,DEX,-86.601,,7700.0
2025-05-21 10:43:40,5310.0,5324.75,Put GEX 3,GEX,-48488.592,,7700.0
2025-05-21 10:43:40,5700.0,5715.75,Call DEX 5,DEX,100.005,,7700.0
2025-05-21 10:43:40,5905.0,5921.25,Call DEX 3,DEX,130.245,,7700.0
2025-05-21 10:43:40,5905.0,5921.25,Call GEX 3,GEX,131824.581,,7700.0
2025-05-21 10:43:40,6000.0,6016.75,Call GEX 1,GEX,209869.266,,7700.0
2025-05-21 10:43:40,6050.0,6066.75,Call GEX 5,GEX,82789.422,,7700.0
2025-05-21 10:43:40,6100.0,6117.0,Call DEX 4,DEX,108.531,,7700.0
2025-05-21 10:43:40,6100.0,6117.0,Call GEX 2,GEX,185191.294,,7700.0
2025-05-21 10:43:40,6200.0,6217.25,Call GEX 4,GEX,98346.917,,7700.0
2025-05-21 10:43:40,9600.0,9626.5,Put CEX 5,CEX,0.0,,7700.0
2025-05-21 10:43:40,9600.0,9626.5,Put VEX 5,VEX,0.0,,7700.0
2025-05-21 10:43:40,10000.0,10027.75,Put CEX 4,CEX,0.0,,7700.0
2025-05-21 10:43:40,10000.0,10027.75,Put VEX 4,VEX,0.0,,7700.0
2025-05-21 10:43:40,10100.0,10128.0,Put CEX 3,CEX,0.0,,7700.0
2025-05-21 10:43:40,10100.0,10128.0,Put VEX 3,VEX,0.0,,7700.0
2025-05-21 10:43:40,10200.0,10228.25,Put CEX 2,CEX,0.0,,7700.0
2025-05-21 10:43:40,10200.0,10228.25,Put VEX 2,VEX,0.0,,7700.0
2025-05-21 10:43:40,10400.0,10428.75,Put CEX 1,CEX,0.0,,7700.0
2025-05-21 10:43:40,10400.0,10428.75,Put VEX 1,VEX,0.0,,7700.0
2025-05-21 10:43:40,12000.0,12033.25,Call CEX 1,CEX,0.0,,7700.0
2025-05-21 10:43:40,12000.0,12033.25,Call VEX 1,VEX,0.0,,7700.0
2025-05-21 10:45:01,200.0,200.5,Call CEX 2,CEX,0.0,,7700.0
2025-05-21 10:45:01,200.0,200.5,Call VEX 2,VEX,0.0,,7700.0
2025-05-21 10:45:01,400.0,401.25,Call CEX 3,CEX,0.0,,7700.0
2025-05-21 10:45:01,400.0,401.25,Call VEX 3,VEX,0.0,,7700.0
2025-05-21 10:45:01,600.0,601.75,Call CEX 4,CEX,0.0,,7700.0
2025-05-21 10:45:01,600.0,601.75,Call VEX 4,VEX,0.0,,7700.0
2025-05-21 10:45:01,800.0,802.5,Call CEX 5,CEX,0.0,,7700.0
2025-05-21 10:45:01,800.0,802.5,Call VEX 5,VEX,0.0,,7700.0
2025-05-21 10:45:01,4000.0,4012.0,Call DEX 1,DEX,883.21,,7700.0
2025-05-21 10:45:01,4800.0,4814.25,Put DEX 1,DEX,-261.237,,7700.0
2025-05-21 10:45:01,4800.0,4814.25,Put GEX 1,GEX,-78483.115,,7700.0
2025-05-21 10:45:01,4850.0,4864.5,Put DEX 2,DEX,-224.768,,7700.0
2025-05-21 10:45:01,4850.0,4864.5,Put GEX 2,GEX,-68771.89,,7700.0
2025-05-21 10:45:01,4900.0,4914.5,Put DEX 5,DEX,-49.445,,7700.0
2025-05-21 10:45:01,5000.0,5015.0,Call DEX 2,DEX,747.07,,7700.0
2025-05-21 10:45:01,5200.0,5215.5,Put DEX 4,DEX,-56.249,,7700.0
2025-05-21 10:45:01,5200.0,5215.5,Put GEX 4,GEX,-43345.767,,7700.0
2025-05-21 10:45:01,5300.0,5315.75,Put GEX 5,GEX,-27975.628,,7700.0
2025-05-21 10:45:01,5310.0,5325.75,Put DEX 3,DEX,-86.594,,7700.0
2025-05-21 10:45:01,5310.0,5325.75,Put GEX 3,GEX,-48296.54,,7700.0
2025-05-21 10:45:01,5700.0,5717.0,Call DEX 5,DEX,99.896,,7700.0
2025-05-21 10:45:01,5905.0,5922.5,Call DEX 3,DEX,130.084,,7700.0
2025-05-21 10:45:01,5905.0,5922.5,Call GEX 3,GEX,136334.023,,7700.0
2025-05-21 10:45:01,6000.0,6018.0,Call GEX 1,GEX,249778.403,,7700.0
2025-05-21 10:45:01,6050.0,6068.0,Call GEX 5,GEX,85393.965,,7700.0
2025-05-21 10:45:01,6100.0,6118.25,Call DEX 4,DEX,108.406,,7700.0
2025-05-21 10:45:01,6100.0,6118.25,Call GEX 2,GEX,188597.05,,7700.0
2025-05-21 10:45:01,6200.0,6218.5,Call GEX 4,GEX,99048.578,,7700.0
2025-05-21 10:45:01,9600.0,9628.5,Put CEX 5,CEX,0.0,,7700.0
2025-05-21 10:45:01,9600.0,9628.5,Put VEX 5,VEX,0.0,,7700.0
2025-05-21 10:45:01,10000.0,10029.75,Put CEX 4,CEX,0.0,,7700.0
2025-05-21 10:45:01,10000.0,10029.75,Put VEX 4,VEX,0.0,,7700.0
2025-05-21 10:45:01,10100.0,10130.0,Put CEX 3,CEX,0.0,,7700.0
2025-05-21 10:45:01,10100.0,10130.0,Put VEX 3,VEX,0.0,,7700.0
2025-05-21 10:45:01,10200.0,10230.5,Put CEX 2,CEX,0.0,,7700.0
2025-05-21 10:45:01,10200.0,10230.5,Put VEX 2,VEX,0.0,,7700.0
2025-05-21 10:45:01,10400.0,10431.0,Put CEX 1,CEX,0.0,,7700.0
2025-05-21 10:45:01,10400.0,10431.0,Put VEX 1,VEX,0.0,,7700.0
2025-05-21 10:45:01,12000.0,12035.75,Call CEX 1,CEX,0.0,,7700.0
2025-05-21 10:45:01,12000.0,12035.75,Call VEX 1,VEX,0.0,,7700.0
2025-05-21 10:46:22,200.0,200.5,Call CEX 2,CEX,0.0,,7700.0
2025-05-21 10:46:22,200.0,200.5,Call VEX 2,VEX,0.0,,7700.0
2025-05-21 10:46:22,400.0,401.0,Call CEX 3,CEX,0.0,,7700.0
2025-05-21 10:46:22,400.0,401.0,Call VEX 3,VEX,0.0,,7700.0
2025-05-21 10:46:22,600.0,601.75,Call CEX 4,CEX,0.0,,7700.0
2025-05-21 10:46:22,600.0,601.75,Call VEX 4,VEX,0.0,,7700.0
2025-05-21 10:46:22,800.0,802.25,Call CEX 5,CEX,0.0,,7700.0
2025-05-21 10:46:22,800.0,802.25,Call VEX 5,VEX,0.0,,7700.0
2025-05-21 10:46:22,4000.0,4011.0,Call DEX 1,DEX,881.598,,7700.0
2025-05-21 10:46:22,4800.0,4813.25,Put DEX 1,DEX,-261.204,,7700.0
2025-05-21 10:46:22,4800.0,4813.25,Put GEX 1,GEX,-78784.599,,7700.0
2025-05-21 10:46:22,4850.0,4863.25,Put DEX 2,DEX,-224.719,,7700.0
2025-05-21 10:46:22,4850.0,4863.25,Put GEX 2,GEX,-69035.489,,7700.0
2025-05-21 10:46:22,4900.0,4913.5,Put DEX 5,DEX,-49.491,,7700.0
2025-05-21 10:46:22,5000.0,5013.75,Call DEX 2,DEX,741.973,,7700.0
2025-05-21 10:46:22,5200.0,5214.25,Put DEX 4,DEX,-56.65,,7700.0
2025-05-21 10:46:22,5200.0,5214.25,Put GEX 4,GEX,-43780.136,,7700.0
2025-05-21 10:46:22,5300.0,5314.5,Put GEX 5,GEX,-28770.422,,7700.0
2025-05-21 10:46:22,5310.0,5324.5,Put DEX 3,DEX,-86.744,,7700.0
2025-05-21 10:46:22,5310.0,5324.5,Put GEX 3,GEX,-48639.462,,7700.0
2025-05-21 10:46:22,5905.0,5921.25,Call DEX 3,DEX,129.074,,7700.0
2025-05-21 10:46:22,5905.0,5921.25,Call GEX 3,GEX,132261.054,,7700.0
2025-05-21 10:46:22,6000.0,6016.5,Call GEX 1,GEX,217790.922,,7700.0
2025-05-21 10:46:22,6050.0,6066.5,Call GEX 5,GEX,82024.78,,7700.0
2025-05-21 10:46:22,6100.0,6116.75,Call DEX 4,DEX,107.622,,7700.0
2025-05-21 10:46:22,6100.0,6116.75,Call GEX 2,GEX,182879.116,,7700.0
2025-05-21 10:46:22,6200.0,6217.0,Call GEX 4,GEX,96659.168,,7700.0
2025-05-21 10:46:22,6400.0,6417.5,Call DEX 5,DEX,97.83,,7700.0
2025-05-21 10:46:22,9600.0,9626.25,Put CEX 5,CEX,0.0,,7700.0
2025-05-21 10:46:22,9600.0,9626.25,Put VEX 5,VEX,0.0,,7700.0
2025-05-21 10:46:22,10000.0,10027.25,Put CEX 4,CEX,0.0,,7700.0
2025-05-21 10:46:22,10000.0,10027.25,Put VEX 4,VEX,0.0,,7700.0
2025-05-21 10:46:22,10100.0,10127.75,Put CEX 3,CEX,0.0,,7700.0
2025-05-21 10:46:22,10100.0,10127.75,Put VEX 3,VEX,0.0,,7700.0
2025-05-21 10:46:22,10200.0,10228.0,Put CEX 2,CEX,0.0,,7700.0
2025-05-21 10:46:22,10200.0,10228.0,Put VEX 2,VEX,0.0,,7700.0
2025-05-21 10:46:22,10400.0,10428.5,Put CEX 1,CEX,0.0,,7700.0
2025-05-21 10:46:22,10400.0,10428.5,Put VEX 1,VEX,0.0,,7700.0
2025-05-21 10:46:22,12000.0,12032.75,Call CEX 1,CEX,0.0,,7700.0
2025-05-21 10:46:22,12000.0,12032.75,Call VEX 1,VEX,0.0,,7700.0
2025-05-21 10:47:43,200.0,200.5,Call CEX 2,CEX,0.0,,7700.0
2025-05-21 10:47:43,200.0,200.5,Call VEX 2,VEX,0.0,,7700.0
2025-05-21 10:47:43,400.0,401.0,Call CEX 3,CEX,0.0,,7700.0
2025-05-21 10:47:43,400.0,401.0,Call VEX 3,VEX,0.0,,7700.0
2025-05-21 10:47:43,600.0,601.75,Call CEX 4,CEX,0.0,,7700.0
2025-05-21 10:47:43,600.0,601.75,Call VEX 4,VEX,0.0,,7700.0
2025-05-21 10:47:43,800.0,802.25,Call CEX 5,CEX,0.0,,7700.0
2025-05-21 10:47:43,800.0,802.25,Call VEX 5,VEX,0.0,,7700.0
2025-05-21 10:47:43,4000.0,4011.0,Call DEX 1,DEX,879.195,,7700.0
2025-05-21 10:47:43,4800.0,4813.25,Put DEX 1,DEX,-261.234,,7700.0
2025-05-21 10:47:43,4800.0,4813.25,Put GEX 1,GEX,-79061.188,,7700.0
2025-05-21 10:47:43,4850.0,4863.5,Put DEX 2,DEX,-224.654,,7700.0
2025-05-21 10:47:43,4850.0,4863.5,Put GEX 2,GEX,-69252.178,,7700.0
2025-05-21 10:47:43,4900.0,4913.5,Put DEX 5,DEX,-49.64,,7700.0
2025-05-21 10:47:43,5000.0,5013.75,Call DEX 2,DEX,728.897,,7700.0
2025-05-21 10:47:43,5200.0,5214.25,Put DEX 4,DEX,-57.373,,7700.0
2025-05-21 10:47:43,5200.0,5214.25,Put GEX 4,GEX,-44601.059,,7700.0
2025-05-21 10:47:43,5300.0,5314.5,Put GEX 5,GEX,-29724.219,,7700.0
2025-05-21 10:47:43,5310.0,5324.75,Put DEX 3,DEX,-86.829,,7700.0
2025-05-21 10:47:43,5310.0,5324.75,Put GEX 3,GEX,-49216.223,,7700.0
2025-05-21 10:47:43,5905.0,5921.25,Call DEX 3,DEX,128.512,,7700.0
2025-05-21 10:47:43,5905.0,5921.25,Call GEX 3,GEX,123657.301,,7700.0
2025-05-21 10:47:43,6000.0,6016.5,Call GEX 2,GEX,138637.45,,7700.0
2025-05-21 10:47:43,6050.0,6066.75,Call GEX 5,GEX,76180.495,,7700.0
2025-05-21 10:47:43,6100.0,6116.75,Call DEX 4,DEX,107.14,,7700.0
2025-05-21 10:47:43,6100.0,6116.75,Call GEX 1,GEX,174198.627,,7700.0
2025-05-21 10:47:43,6200.0,6217.0,Call GEX 4,GEX,94389.192,,7700.0
2025-05-21 10:47:43,6400.0,6417.75,Call DEX 5,DEX,97.775,,7700.0
2025-05-21 10:47:43,9600.0,9626.5,Put CEX 5,CEX,0.0,,7700.0
2025-05-21 10:47:43,9600.0,9626.5,Put VEX 5,VEX,0.0,,7700.0
2025-05-21 10:47:43,10000.0,10027.5,Put CEX 4,CEX,0.0,,7700.0
2025-05-21 10:47:43,10000.0,10027.5,Put VEX 4,VEX,0.0,,7700.0
2025-05-21 10:47:43,10100.0,10127.75,Put CEX 3,CEX,0.0,,7700.0
2025-05-21 10:47:43,10100.0,10127.75,Put VEX 3,VEX,0.0,,7700.0
2025-05-21 10:47:43,10200.0,10228.25,Put CEX 2,CEX,0.0,,7700.0
2025-05-21 10:47:43,10200.0,10228.25,Put VEX 2,VEX,0.0,,7700.0
2025-05-21 10:47:43,10400.0,10428.75,Put CEX 1,CEX,0.0,,7700.0
2025-05-21 10:47:43,10400.0,10428.75,Put VEX 1,VEX,0.0,,7700.0
2025-05-21 10:47:43,12000.0,12033.0,Call CEX 1,CEX,0.0,,7700.0
2025-05-21 10:47:43,12000.0,12033.0,Call VEX 1,VEX,0.0,,7700.0
2025-05-21 10:49:03,200.0,200.5,Call CEX 2,CEX,0.0,,7700.0
2025-05-21 10:49:03,200.0,200.5,Call VEX 2,VEX,0.0,,7700.0
2025-05-21 10:49:03,400.0,401.25,Call CEX 3,CEX,0.0,,7700.0
2025-05-21 10:49:03,400.0,401.25,Call VEX 3,VEX,0.0,,7700.0
2025-05-21 10:49:03,600.0,601.75,Call CEX 4,CEX,0.0,,7700.0
2025-05-21 10:49:03,600.0,601.75,Call VEX 4,VEX,0.0,,7700.0
2025-05-21 10:49:03,800.0,802.25,Call CEX 5,CEX,0.0,,7700.0
2025-05-21 10:49:03,800.0,802.25,Call VEX 5,VEX,0.0,,7700.0
2025-05-21 10:49:03,4000.0,4011.25,Call DEX 1,DEX,881.22,,7700.0
2025-05-21 10:49:03,4800.0,4813.5,Put DEX 1,DEX,-261.3,,7700.0
2025-05-21 10:49:03,4800.0,4813.5,Put GEX 1,GEX,-78707.361,,7700.0
2025-05-21 10:49:03,4850.0,4863.75,Put DEX 2,DEX,-224.748,,7700.0
2025-05-21 10:49:03,4850.0,4863.75,Put GEX 2,GEX,-68941.783,,7700.0
2025-05-21 10:49:03,4900.0,4914.0,Put DEX 5,DEX,-49.582,,7700.0
2025-05-21 10:49:03,5000.0,5014.25,Call DEX 2,DEX,734.592,,7700.0
2025-05-21 10:49:03,5200.0,5214.75,Put DEX 4,DEX,-57.028,,7700.0
2025-05-21 10:49:03,5200.0,5214.75,Put GEX 4,GEX,-44040.026,,7700.0
2025-05-21 10:49:03,5300.0,5315.0,Put GEX 5,GEX,-28867.369,,7700.0
2025-05-21 10:49:03,5310.0,5325.0,Put DEX 3,DEX,-86.752,,7700.0
2025-05-21 10:49:03,5310.0,5325.0,Put GEX 3,GEX,-48647.78,,7700.0
2025-05-21 10:49:03,5905.0,5921.75,Call DEX 3,DEX,129.548,,7700.0
2025-05-21 10:49:03,5905.0,5921.75,Call GEX 3,GEX,129224.238,,7700.0
2025-05-21 10:49:03,6000.0,6017.0,Call GEX 1,GEX,193099.848,,7700.0
2025-05-21 10:49:03,6050.0,6067.25,Call GEX 5,GEX,80653.909,,7700.0
2025-05-21 10:49:03,6100.0,6117.25,Call DEX 4,DEX,107.967,,7700.0
2025-05-21 10:49:03,6100.0,6117.25,Call GEX 2,GEX,180811.512,,7700.0
2025-05-21 10:49:03,6200.0,6217.5,Call GEX 4,GEX,96893.588,,7700.0
2025-05-21 10:49:03,6400.0,6418.25,Call DEX 5,DEX,97.853,,7700.0
2025-05-21 10:49:03,9600.0,9627.25,Put CEX 5,CEX,0.0,,7700.0
2025-05-21 10:49:03,9600.0,9627.25,Put VEX 5,VEX,0.0,,7700.0
2025-05-21 10:49:03,10000.0,10028.25,Put CEX 4,CEX,0.0,,7700.0
2025-05-21 10:49:03,10000.0,10028.25,Put VEX 4,VEX,0.0,,7700.0
2025-05-21 10:49:03,10100.0,10128.75,Put CEX 3,CEX,0.0,,7700.0
2025-05-21 10:49:03,10100.0,10128.75,Put VEX 3,VEX,0.0,,7700.0
2025-05-21 10:49:03,10200.0,10229.0,Put CEX 2,CEX,0.0,,7700.0
2025-05-21 10:49:03,10200.0,10229.0,Put VEX 2,VEX,0.0,,7700.0
2025-05-21 10:49:03,10400.0,10429.5,Put CEX 1,CEX,0.0,,7700.0
2025-05-21 10:49:03,10400.0,10429.5,Put VEX 1,VEX,0.0,,7700.0
2025-05-21 10:49:03,12000.0,12034.0,Call CEX 1,CEX,0.0,,7700.0
2025-05-21 10:49:03,12000.0,12034.0,Call VEX 1,VEX,0.0,,7700.0
2025-05-21 10:50:23,200.0,200.5,Call CEX 2,CEX,0.0,,7700.0
2025-05-21 10:50:23,200.0,200.5,Call VEX 2,VEX,0.0,,7700.0
2025-05-21 10:50:23,400.0,401.0,Call CEX 3,CEX,0.0,,7700.0
2025-05-21 10:50:23,400.0,401.0,Call VEX 3,VEX,0.0,,7700.0
2025-05-21 10:50:23,600.0,601.75,Call CEX 4,CEX,0.0,,7700.0
2025-05-21 10:50:23,600.0,601.75,Call VEX 4,VEX,0.0,,7700.0
2025-05-21 10:50:23,800.0,802.25,Call CEX 5,CEX,0.0,,7700.0
2025-05-21 10:50:23,800.0,802.25,Call VEX 5,VEX,0.0,,7700.0
2025-05-21 10:50:23,4000.0,4011.25,Call DEX 1,DEX,881.733,,7700.0
2025-05-21 10:50:23,4800.0,4813.5,Put DEX 1,DEX,-261.261,,7700.0
2025-05-21 10:50:23,4800.0,4813.5,Put GEX 1,GEX,-78694.18,,7700.0
2025-05-21 10:50:23,4850.0,4863.75,Put DEX 2,DEX,-224.75,,7700.0
2025-05-21 10:50:23,4850.0,4863.75,Put GEX 2,GEX,-68943.299,,7700.0
2025-05-21 10:50:23,4900.0,4913.75,Put DEX 5,DEX,-49.53,,7700.0
2025-05-21 10:50:23,5000.0,5014.0,Call DEX 2,DEX,739.797,,7700.0
2025-05-21 10:50:23,5200.0,5214.5,Put DEX 4,DEX,-56.753,,7700.0
2025-05-21 10:50:23,5200.0,5214.5,Put GEX 4,GEX,-43798.4,,7700.0
2025-05-21 10:50:23,5300.0,5315.0,Put GEX 5,GEX,-28585.618,,7700.0
2025-05-21 10:50:23,5310.0,5325.0,Put DEX 3,DEX,-86.691,,7700.0
2025-05-21 10:50:23,5310.0,5325.0,Put GEX 3,GEX,-48554.491,,7700.0
2025-05-21 10:50:23,5905.0,5921.5,Call DEX 3,DEX,129.457,,7700.0
2025-05-21 10:50:23,5905.0,5921.5,Call GEX 3,GEX,130381.552,,7700.0
2025-05-21 10:50:23,6000.0,6016.75,Call GEX 1,GEX,203298.233,,7700.0
2025-05-21 10:50:23,6050.0,6067.0,Call GEX 5,GEX,81368.14,,7700.0
2025-05-21 10:50:23,6100.0,6117.25,Call DEX 4,DEX,108.055,,7700.0
2025-05-21 10:50:23,6100.0,6117.25,Call GEX 2,GEX,181681.879,,7700.0
2025-05-21 10:50:23,6200.0,6217.5,Call GEX 4,GEX,97182.979,,7700.0
2025-05-21 10:50:23,6400.0,6418.0,Call DEX 5,DEX,97.85,,7700.0
2025-05-21 10:50:23,9600.0,9627.0,Put CEX 5,CEX,0.0,,7700.0
2025-05-21 10:50:23,9600.0,9627.0,Put VEX 5,VEX,0.0,,7700.0
2025-05-21 10:50:23,10000.0,10028.0,Put CEX 4,CEX,0.0,,7700.0
2025-05-21 10:50:23,10000.0,10028.0,Put VEX 4,VEX,0.0,,7700.0
2025-05-21 10:50:23,10100.0,10128.5,Put CEX 3,CEX,0.0,,7700.0
2025-05-21 10:50:23,10100.0,10128.5,Put VEX 3,VEX,0.0,,7700.0
2025-05-21 10:50:23,10200.0,10228.75,Put CEX 2,CEX,0.0,,7700.0
2025-05-21 10:50:23,10200.0,10228.75,Put VEX 2,VEX,0.0,,7700.0
2025-05-21 10:50:23,10400.0,10429.25,Put CEX 1,CEX,0.0,,7700.0
2025-05-21 10:50:23,10400.0,10429.25,Put VEX 1,VEX,0.0,,7700.0
2025-05-21 10:50:23,12000.0,12033.75,Call CEX 1,CEX,0.0,,7700.0
2025-05-21 10:50:23,12000.0,12033.75,Call VEX 1,VEX,0.0,,7700.0
2025-05-21 10:51:42,200.0,200.5,Call CEX 2,CEX,0.0,,7700.0
2025-05-21 10:51:42,200.0,200.5,Call VEX 2,VEX,0.0,,7700.0
2025-05-21 10:51:42,400.0,401.25,Call CEX 3,CEX,0.0,,7700.0
2025-05-21 10:51:42,400.0,401.25,Call VEX 3,VEX,0.0,,7700.0
2025-05-21 10:51:42,600.0,601.75,Call CEX 4,CEX,0.0,,7700.0
2025-05-21 10:51:42,600.0,601.75,Call VEX 4,VEX,0.0,,7700.0
2025-05-21 10:51:42,800.0,802.25,Call CEX 5,CEX,0.0,,7700.0
2025-05-21 10:51:42,800.0,802.25,Call VEX 5,VEX,0.0,,7700.0
2025-05-21 10:51:42,4000.0,4011.5,Call DEX 1,DEX,880.235,,7700.0
2025-05-21 10:51:42,4800.0,4813.75,Put DEX 1,DEX,-261.26,,7700.0
2025-05-21 10:51:42,4800.0,4813.75,Put GEX 1,GEX,-78862.205,,7700.0
2025-05-21 10:51:42,4850.0,4864.0,Put DEX 2,DEX,-224.717,,7700.0
2025-05-21 10:51:42,4850.0,4864.0,Put GEX 2,GEX,-69083.84,,7700.0
2025-05-21 10:51:42,4900.0,4914.0,Put DEX 5,DEX,-49.591,,7700.0
2025-05-21 10:51:42,5000.0,5014.25,Call DEX 2,DEX,734.481,,7700.0
2025-05-21 10:51:42,5200.0,5215.0,Put DEX 4,DEX,-57.067,,7700.0
2025-05-21 10:51:42,5200.0,5215.0,Put GEX 4,GEX,-44150.66,,7700.0
2025-05-21 10:51:42,5300.0,5315.25,Put GEX 5,GEX,-29165.948,,7700.0
2025-05-21 10:51:42,5310.0,5325.25,Put DEX 3,DEX,-86.839,,7700.0
2025-05-21 10:51:42,5310.0,5325.25,Put GEX 3,GEX,-48870.938,,7700.0
2025-05-21 10:51:42,5905.0,5922.0,Call DEX 3,DEX,129.0,,7700.0
2025-05-21 10:51:42,5905.0,5922.0,Call GEX 3,GEX,127115.131,,7700.0
2025-05-21 10:51:42,6000.0,6017.25,Call GEX 2,GEX,172556.205,,7700.0
2025-05-21 10:51:42,6050.0,6067.25,Call GEX 5,GEX,78897.013,,7700.0
2025-05-21 10:51:42,6100.0,6117.5,Call DEX 4,DEX,107.799,,7700.0
2025-05-21 10:51:42,6100.0,6117.5,Call GEX 1,GEX,178293.393,,7700.0
2025-05-21 10:51:42,6200.0,6217.75,Call GEX 4,GEX,95799.577,,7700.0
2025-05-21 10:51:42,6400.0,6418.25,Call DEX 5,DEX,97.817,,7700.0
2025-05-21 10:51:42,9600.0,9627.5,Put CEX 5,CEX,0.0,,7700.0
2025-05-21 10:51:42,9600.0,9627.5,Put VEX 5,VEX,0.0,,7700.0
2025-05-21 10:51:42,10000.0,10028.75,Put CEX 4,CEX,0.0,,7700.0
2025-05-21 10:51:42,10000.0,10028.75,Put VEX 4,VEX,0.0,,7700.0
2025-05-21 10:51:42,10100.0,10129.0,Put CEX 3,CEX,0.0,,7700.0
2025-05-21 10:51:42,10100.0,10129.0,Put VEX 3,VEX,0.0,,7700.0
2025-05-21 10:51:42,10200.0,10229.25,Put CEX 2,CEX,0.0,,7700.0
2025-05-21 10:51:42,10200.0,10229.25,Put VEX 2,VEX,0.0,,7700.0
2025-05-21 10:51:42,10400.0,10429.75,Put CEX 1,CEX,0.0,,7700.0
2025-05-21 10:51:42,10400.0,10429.75,Put VEX 1,VEX,0.0,,7700.0
2025-05-21 10:51:42,12000.0,12034.5,Call CEX 1,CEX,0.0,,7700.0
2025-05-21 10:51:42,12000.0,12034.5,Call VEX 1,VEX,0.0,,7700.0
2025-05-21 10:53:01,200.0,200.5,Call CEX 2,CEX,0.0,,7700.0
2025-05-21 10:53:01,200.0,200.5,Call VEX 2,VEX,0.0,,7700.0
2025-05-21 10:53:01,400.0,401.0,Call CEX 3,CEX,0.0,,7700.0
2025-05-21 10:53:01,400.0,401.0,Call VEX 3,VEX,0.0,,7700.0
2025-05-21 10:53:01,600.0,601.75,Call CEX 4,CEX,0.0,,7700.0
2025-05-21 10:53:01,600.0,601.75,Call VEX 4,VEX,0.0,,7700.0
2025-05-21 10:53:01,800.0,802.25,Call CEX 5,CEX,0.0,,7700.0
2025-05-21 10:53:01,800.0,802.25,Call VEX 5,VEX,0.0,,7700.0
2025-05-21 10:53:01,4000.0,4011.0,Call DEX 1,DEX,882.338,,7700.0
2025-05-21 10:53:01,4800.0,4813.25,Put DEX 1,DEX,-261.269,,7700.0
2025-05-21 10:53:01,4800.0,4813.25,Put GEX 1,GEX,-78584.604,,7700.0
2025-05-21 10:53:01,4850.0,4863.5,Put DEX 2,DEX,-224.777,,7700.0
2025-05-21 10:53:01,4850.0,4863.5,Put GEX 2,GEX,-68849.83,,7700.0
2025-05-21 10:53:01,4900.0,4913.5,Put DEX 5,DEX,-49.504,,7700.0
2025-05-21 10:53:01,5000.0,5013.75,Call DEX 2,DEX,742.558,,7700.0
2025-05-21 10:53:01,5200.0,5214.25,Put DEX 4,DEX,-56.443,,7700.0
2025-05-21 10:53:01,5200.0,5214.25,Put GEX 4,GEX,-43465.816,,7700.0
2025-05-21 10:53:01,5300.0,5314.75,Put GEX 5,GEX,-28379.049,,7700.0
2025-05-21 10:53:01,5310.0,5324.75,Put DEX 3,DEX,-86.762,,7700.0
2025-05-21 10:53:01,5310.0,5324.75,Put GEX 3,GEX,-48392.02,,7700.0
2025-05-21 10:53:01,5700.0,5715.75,Call DEX 5,DEX,98.244,,7700.0
2025-05-21 10:53:01,5905.0,5921.25,Call DEX 3,DEX,129.765,,7700.0
2025-05-21 10:53:01,5905.0,5921.25,Call GEX 3,GEX,133655.521,,7700.0
2025-05-21 10:53:01,6000.0,6016.5,Call GEX 1,GEX,231984.442,,7700.0
2025-05-21 10:53:01,6050.0,6066.75,Call GEX 5,GEX,83511.638,,7700.0
2025-05-21 10:53:01,6100.0,6116.75,Call DEX 4,DEX,108.272,,7700.0
2025-05-21 10:53:01,6100.0,6116.75,Call GEX 2,GEX,185138.088,,7700.0
2025-05-21 10:53:01,6200.0,6217.0,Call GEX 4,GEX,97976.419,,7700.0
2025-05-21 10:53:01,9600.0,9626.5,Put CEX 5,CEX,0.0,,7700.0
2025-05-21 10:53:01,9600.0,9626.5,Put VEX 5,VEX,0.0,,7700.0
2025-05-21 10:53:01,10000.0,10027.5,Put CEX 4,CEX,0.0,,7700.0
2025-05-21 10:53:01,10000.0,10027.5,Put VEX 4,VEX,0.0,,7700.0
2025-05-21 10:53:01,10100.0,10128.0,Put CEX 3,CEX,0.0,,7700.0
2025-05-21 10:53:01,10100.0,10128.0,Put VEX 3,VEX,0.0,,7700.0
2025-05-21 10:53:01,10200.0,10228.25,Put CEX 2,CEX,0.0,,7700.0
2025-05-21 10:53:01,10200.0,10228.25,Put VEX 2,VEX,0.0,,7700.0
2025-05-21 10:53:01,10400.0,10428.75,Put CEX 1,CEX,0.0,,7700.0
2025-05-21 10:53:01,10400.0,10428.75,Put VEX 1,VEX,0.0,,7700.0
2025-05-21 10:53:01,12000.0,12033.25,Call CEX 1,CEX,0.0,,7700.0
2025-05-21 10:53:01,12000.0,12033.25,Call VEX 1,VEX,0.0,,7700.0
2025-05-21 10:54:22,200.0,200.5,Call CEX 2,CEX,0.0,,7700.0
2025-05-21 10:54:22,200.0,200.5,Call VEX 2,VEX,0.0,,7700.0
2025-05-21 10:54:22,400.0,401.25,Call CEX 3,CEX,0.0,,7700.0
2025-05-21 10:54:22,400.0,401.25,Call VEX 3,VEX,0.0,,7700.0
2025-05-21 10:54:22,600.0,601.75,Call CEX 4,CEX,0.0,,7700.0
2025-05-21 10:54:22,600.0,601.75,Call VEX 4,VEX,0.0,,7700.0
2025-05-21 10:54:22,800.0,802.25,Call CEX 5,CEX,0.0,,7700.0
2025-05-21 10:54:22,800.0,802.25,Call VEX 5,VEX,0.0,,7700.0
2025-05-21 10:54:22,4000.0,4011.75,Call DEX 1,DEX,880.103,,7700.0
2025-05-21 10:54:22,4800.0,4814.0,Put DEX 1,DEX,-261.23,,7700.0
2025-05-21 10:54:22,4800.0,4814.0,Put GEX 1,GEX,-79029.547,,7700.0
2025-05-21 10:54:22,4850.0,4864.0,Put DEX 2,DEX,-224.693,,7700.0
2025-05-21 10:54:22,4850.0,4864.0,Put GEX 2,GEX,-69241.217,,7700.0
2025-05-21 10:54:22,4900.0,4914.25,Put DEX 5,DEX,-49.587,,7700.0
2025-05-21 10:54:22,5000.0,5014.5,Call DEX 2,DEX,734.045,,7700.0
2025-05-21 10:54:22,5200.0,5215.25,Put DEX 4,DEX,-57.154,,7700.0
2025-05-21 10:54:22,5200.0,5215.25,Put GEX 4,GEX,-44273.812,,7700.0
2025-05-21 10:54:22,5300.0,5315.5,Put GEX 5,GEX,-29177.914,,7700.0
2025-05-21 10:54:22,5310.0,5325.5,Put DEX 3,DEX,-86.911,,7700.0
2025-05-21 10:54:22,5310.0,5325.5,Put GEX 3,GEX,-48988.128,,7700.0
2025-05-21 10:54:22,5905.0,5922.25,Call DEX 3,DEX,128.371,,7700.0
2025-05-21 10:54:22,5905.0,5922.25,Call GEX 3,GEX,126619.788,,7700.0
2025-05-21 10:54:22,6000.0,6017.5,Call GEX 2,GEX,173050.766,,7700.0
2025-05-21 10:54:22,6050.0,6067.5,Call GEX 5,GEX,78293.498,,7700.0
2025-05-21 10:54:22,6100.0,6117.75,Call DEX 4,DEX,107.303,,7700.0
2025-05-21 10:54:22,6100.0,6117.75,Call GEX 1,GEX,176714.372,,7700.0
2025-05-21 10:54:22,6200.0,6218.0,Call GEX 4,GEX,95181.539,,7700.0
2025-05-21 10:54:22,6400.0,6418.75,Call DEX 5,DEX,97.785,,7700.0
2025-05-21 10:54:22,9600.0,9628.0,Put CEX 5,CEX,0.0,,7700.0
2025-05-21 10:54:22,9600.0,9628.0,Put VEX 5,VEX,0.0,,7700.0
2025-05-21 10:54:22,10000.0,10029.0,Put CEX 4,CEX,0.0,,7700.0
2025-05-21 10:54:22,10000.0,10029.0,Put VEX 4,VEX,0.0,,7700.0
2025-05-21 10:54:22,10100.0,10129.5,Put CEX 3,CEX,0.0,,7700.0
2025-05-21 10:54:22,10100.0,10129.5,Put VEX 3,VEX,0.0,,7700.0
2025-05-21 10:54:22,10200.0,10229.75,Put CEX 2,CEX,0.0,,7700.0
2025-05-21 10:54:22,10200.0,10229.75,Put VEX 2,VEX,0.0,,7700.0
2025-05-21 10:54:22,10400.0,10430.25,Put CEX 1,CEX,0.0,,7700.0
2025-05-21 10:54:22,10400.0,10430.25,Put VEX 1,VEX,0.0,,7700.0
2025-05-21 10:54:22,12000.0,12035.0,Call CEX 1,CEX,0.0,,7700.0
2025-05-21 10:54:22,12000.0,12035.0,Call VEX 1,VEX,0.0,,7700.0
2025-05-21 10:55:41,200.0,200.5,Call CEX 2,CEX,0.0,,7700.0
2025-05-21 10:55:41,200.0,200.5,Call VEX 2,VEX,0.0,,7700.0
2025-05-21 10:55:41,400.0,401.25,Call CEX 3,CEX,0.0,,7700.0
2025-05-21 10:55:41,400.0,401.25,Call VEX 3,VEX,0.0,,7700.0
2025-05-21 10:55:41,600.0,601.75,Call CEX 4,CEX,0.0,,7700.0
2025-05-21 10:55:41,600.0,601.75,Call VEX 4,VEX,0.0,,7700.0
2025-05-21 10:55:41,800.0,802.5,Call CEX 5,CEX,0.0,,7700.0
2025-05-21 10:55:41,800.0,802.5,Call VEX 5,VEX,0.0,,7700.0
2025-05-21 10:55:41,4000.0,4012.0,Call DEX 1,DEX,882.014,,7700.0
2025-05-21 10:55:41,4800.0,4814.25,Put DEX 1,DEX,-261.222,,7700.0
2025-05-21 10:55:41,4800.0,4814.25,Put GEX 1,GEX,-78795.227,,7700.0
2025-05-21 10:55:41,4850.0,4864.5,Put DEX 2,DEX,-224.753,,7700.0
2025-05-21 10:55:41,4850.0,4864.5,Put GEX 2,GEX,-69040.907,,7700.0
2025-05-21 10:55:41,4900.0,4914.5,Put DEX 5,DEX,-49.492,,7700.0
2025-05-21 10:55:41,5000.0,5015.0,Call DEX 2,DEX,742.335,,7700.0
2025-05-21 10:55:41,5200.0,5215.5,Put DEX 4,DEX,-56.653,,7700.0
2025-05-21 10:55:41,5200.0,5215.5,Put GEX 4,GEX,-43692.591,,7700.0
2025-05-21 10:55:41,5300.0,5315.75,Put GEX 5,GEX,-28348.213,,7700.0
2025-05-21 10:55:41,5310.0,5325.75,Put DEX 3,DEX,-86.832,,7700.0
2025-05-21 10:55:41,5310.0,5325.75,Put GEX 3,GEX,-48572.766,,7700.0
2025-05-21 10:55:41,5905.0,5922.5,Call DEX 3,DEX,128.957,,7700.0
2025-05-21 10:55:41,5905.0,5922.5,Call GEX 3,GEX,132449.359,,7700.0
2025-05-21 10:55:41,6000.0,6017.75,Call GEX 1,GEX,224020.349,,7700.0
2025-05-21 10:55:41,6050.0,6068.0,Call GEX 5,GEX,82284.716,,7700.0
2025-05-21 10:55:41,6100.0,6118.25,Call DEX 4,DEX,107.864,,7700.0
2025-05-21 10:55:41,6100.0,6118.25,Call GEX 2,GEX,182563.037,,7700.0
2025-05-21 10:55:41,6200.0,6218.5,Call GEX 4,GEX,96873.755,,7700.0
2025-05-21 10:55:41,6400.0,6419.0,Call DEX 5,DEX,97.833,,7700.0
2025-05-21 10:55:41,9600.0,9628.5,Put CEX 5,CEX,0.0,,7700.0
2025-05-21 10:55:41,9600.0,9628.5,Put VEX 5,VEX,0.0,,7700.0
2025-05-21 10:55:41,10000.0,10029.75,Put CEX 4,CEX,0.0,,7700.0
2025-05-21 10:55:41,10000.0,10029.75,Put VEX 4,VEX,0.0,,7700.0
2025-05-21 10:55:41,10100.0,10130.0,Put CEX 3,CEX,0.0,,7700.0
2025-05-21 10:55:41,10100.0,10130.0,Put VEX 3,VEX,0.0,,7700.0
2025-05-21 10:55:41,10200.0,10230.25,Put CEX 2,CEX,0.0,,7700.0
2025-05-21 10:55:41,10200.0,10230.25,Put VEX 2,VEX,0.0,,7700.0
2025-05-21 10:55:41,10400.0,10431.0,Put CEX 1,CEX,0.0,,7700.0
2025-05-21 10:55:41,10400.0,10431.0,Put VEX 1,VEX,0.0,,7700.0
2025-05-21 10:55:41,12000.0,12035.75,Call CEX 1,CEX,0.0,,7700.0
2025-05-21 10:55:41,12000.0,12035.75,Call VEX 1,VEX,0.0,,7700.0
2025-05-21 10:57:00,200.0,200.5,Call CEX 2,CEX,0.0,,7700.0
2025-05-21 10:57:00,200.0,200.5,Call VEX 2,VEX,0.0,,7700.0
2025-05-21 10:57:00,400.0,401.0,Call CEX 3,CEX,0.0,,7700.0
2025-05-21 10:57:00,400.0,401.0,Call VEX 3,VEX,0.0,,7700.0
2025-05-21 10:57:00,600.0,601.75,Call CEX 4,CEX,0.0,,7700.0
2025-05-21 10:57:00,600.0,601.75,Call VEX 4,VEX,0.0,,7700.0
2025-05-21 10:57:00,800.0,802.25,Call CEX 5,CEX,0.0,,7700.0
2025-05-21 10:57:00,800.0,802.25,Call VEX 5,VEX,0.0,,7700.0
2025-05-21 10:57:00,4000.0,4011.25,Call DEX 1,DEX,879.977,,7700.0
2025-05-21 10:57:00,4800.0,4813.5,Put DEX 1,DEX,-261.205,,7700.0
2025-05-21 10:57:00,4800.0,4813.5,Put GEX 1,GEX,-79122.66,,7700.0
2025-05-21 10:57:00,4850.0,4863.5,Put DEX 2,DEX,-224.685,,7700.0
2025-05-21 10:57:00,4850.0,4863.5,Put GEX 2,GEX,-69330.096,,7700.0
2025-05-21 10:57:00,4900.0,4913.75,Put DEX 5,DEX,-49.601,,7700.0
2025-05-21 10:57:00,5000.0,5014.0,Call DEX 2,DEX,735.423,,7700.0
2025-05-21 10:57:00,5200.0,5214.5,Put DEX 4,DEX,-57.085,,7700.0
2025-05-21 10:57:00,5200.0,5214.5,Put GEX 4,GEX,-44238.394,,7700.0
2025-05-21 10:57:00,5300.0,5314.75,Put GEX 5,GEX,-28987.632,,7700.0
2025-05-21 10:57:00,5310.0,5324.75,Put DEX 3,DEX,-86.965,,7700.0
2025-05-21 10:57:00,5310.0,5324.75,Put GEX 3,GEX,-49019.572,,7700.0
2025-05-21 10:57:00,5905.0,5921.5,Call DEX 3,DEX,127.962,,7700.0
2025-05-21 10:57:00,5905.0,5921.5,Call GEX 3,GEX,127632.563,,7700.0
2025-05-21 10:57:00,6000.0,6016.75,Call GEX 1,GEX,181141.109,,7700.0
2025-05-21 10:57:00,6050.0,6067.0,Call GEX 5,GEX,78634.362,,7700.0
2025-05-21 10:57:00,6100.0,6117.0,Call DEX 4,DEX,107.03,,7700.0
2025-05-21 10:57:00,6100.0,6117.0,Call GEX 2,GEX,176614.051,,7700.0
2025-05-21 10:57:00,6200.0,6217.25,Call GEX 4,GEX,94569.57,,7700.0
2025-05-21 10:57:00,6400.0,6418.0,Call DEX 5,DEX,97.765,,7700.0
2025-05-21 10:57:00,9600.0,9626.75,Put CEX 5,CEX,0.0,,7700.0
2025-05-21 10:57:00,9600.0,9626.75,Put VEX 5,VEX,0.0,,7700.0
2025-05-21 10:57:00,10000.0,10028.0,Put CEX 4,CEX,0.0,,7700.0
2025-05-21 10:57:00,10000.0,10028.0,Put VEX 4,VEX,0.0,,7700.0
2025-05-21 10:57:00,10100.0,10128.25,Put CEX 3,CEX,0.0,,7700.0
2025-05-21 10:57:00,10100.0,10128.25,Put VEX 3,VEX,0.0,,7700.0
2025-05-21 10:57:00,10200.0,10228.5,Put CEX 2,CEX,0.0,,7700.0
2025-05-21 10:57:00,10200.0,10228.5,Put VEX 2,VEX,0.0,,7700.0
2025-05-21 10:57:00,10400.0,10429.0,Put CEX 1,CEX,0.0,,7700.0
2025-05-21 10:57:00,10400.0,10429.0,Put VEX 1,VEX,0.0,,7700.0
2025-05-21 10:57:00,12000.0,12033.5,Call CEX 1,CEX,0.0,,7700.0
2025-05-21 10:57:00,12000.0,12033.5,Call VEX 1,VEX,0.0,,7700.0
2025-05-21 10:58:18,200.0,200.5,Call CEX 2,CEX,0.0,,7700.0
2025-05-21 10:58:18,200.0,200.5,Call VEX 2,VEX,0.0,,7700.0
2025-05-21 10:58:18,400.0,401.0,Call CEX 3,CEX,0.0,,7700.0
2025-05-21 10:58:18,400.0,401.0,Call VEX 3,VEX,0.0,,7700.0
2025-05-21 10:58:18,600.0,601.75,Call CEX 4,CEX,0.0,,7700.0
2025-05-21 10:58:18,600.0,601.75,Call VEX 4,VEX,0.0,,7700.0
2025-05-21 10:58:18,800.0,802.25,Call CEX 5,CEX,0.0,,7700.0
2025-05-21 10:58:18,800.0,802.25,Call VEX 5,VEX,0.0,,7700.0
2025-05-21 10:58:18,4000.0,4011.0,Call DEX 1,DEX,880.046,,7700.0
2025-05-21 10:58:18,4800.0,4813.25,Put DEX 1,DEX,-261.196,,7700.0
2025-05-21 10:58:18,4800.0,4813.25,Put GEX 1,GEX,-79103.293,,7700.0
2025-05-21 10:58:18,4850.0,4863.25,Put DEX 2,DEX,-224.706,,7700.0
2025-05-21 10:58:18,4850.0,4863.25,Put GEX 2,GEX,-69317.64,,7700.0
2025-05-21 10:58:18,4900.0,4913.5,Put DEX 5,DEX,-49.571,,7700.0
2025-05-21 10:58:18,5000.0,5013.75,Call DEX 2,DEX,738.23,,7700.0
2025-05-21 10:58:18,5200.0,5214.25,Put DEX 4,DEX,-56.961,,7700.0
2025-05-21 10:58:18,5200.0,5214.25,Put GEX 4,GEX,-44064.138,,7700.0
2025-05-21 10:58:18,5300.0,5314.5,Put GEX 5,GEX,-28746.259,,7700.0
2025-05-21 10:58:18,5310.0,5324.5,Put DEX 3,DEX,-86.991,,7700.0
2025-05-21 10:58:18,5310.0,5324.5,Put GEX 3,GEX,-48889.403,,7700.0
2025-05-21 10:58:18,5905.0,5921.25,Call DEX 3,DEX,127.9,,7700.0
2025-05-21 10:58:18,5905.0,5921.25,Call GEX 3,GEX,130524.821,,7700.0
2025-05-21 10:58:18,6000.0,6016.5,Call GEX 1,GEX,205240.263,,7700.0
2025-05-21 10:58:18,6050.0,6066.5,Call GEX 5,GEX,79883.321,,7700.0
2025-05-21 10:58:18,6100.0,6116.75,Call DEX 4,DEX,106.881,,7700.0
2025-05-21 10:58:18,6100.0,6116.75,Call GEX 2,GEX,178031.465,,7700.0
2025-05-21 10:58:18,6200.0,6217.0,Call GEX 4,GEX,94708.447,,7700.0
2025-05-21 10:58:18,6400.0,6417.5,Call DEX 5,DEX,97.767,,7700.0
2025-05-21 10:58:18,9600.0,9626.25,Put CEX 5,CEX,0.0,,7700.0
2025-05-21 10:58:18,9600.0,9626.25,Put VEX 5,VEX,0.0,,7700.0
2025-05-21 10:58:18,10000.0,10027.5,Put CEX 4,CEX,0.0,,7700.0
2025-05-21 10:58:18,10000.0,10027.5,Put VEX 4,VEX,0.0,,7700.0
2025-05-21 10:58:18,10100.0,10127.75,Put CEX 3,CEX,0.0,,7700.0
2025-05-21 10:58:18,10100.0,10127.75,Put VEX 3,VEX,0.0,,7700.0
2025-05-21 10:58:18,10200.0,10228.0,Put CEX 2,CEX,0.0,,7700.0
2025-05-21 10:58:18,10200.0,10228.0,Put VEX 2,VEX,0.0,,7700.0
2025-05-21 10:58:18,10400.0,10428.5,Put CEX 1,CEX,0.0,,7700.0
2025-05-21 10:58:18,10400.0,10428.5,Put VEX 1,VEX,0.0,,7700.0
2025-05-21 10:58:18,12000.0,12033.0,Call CEX 1,CEX,0.0,,7700.0
2025-05-21 10:58:18,12000.0,12033.0,Call VEX 1,VEX,0.0,,7700.0
2025-05-21 10:59:37,200.0,200.5,Call CEX 2,CEX,0.0,,7700.0
2025-05-21 10:59:37,200.0,200.5,Call VEX 2,VEX,0.0,,7700.0
2025-05-21 10:59:37,400.0,401.25,Call CEX 3,CEX,0.0,,7700.0
2025-05-21 10:59:37,400.0,401.25,Call VEX 3,VEX,0.0,,7700.0
2025-05-21 10:59:37,600.0,601.75,Call CEX 4,CEX,0.0,,7700.0
2025-05-21 10:59:37,600.0,601.75,Call VEX 4,VEX,0.0,,7700.0
2025-05-21 10:59:37,800.0,802.25,Call CEX 5,CEX,0.0,,7700.0
2025-05-21 10:59:37,800.0,802.25,Call VEX 5,VEX,0.0,,7700.0
2025-05-21 10:59:37,4000.0,4011.75,Call DEX 1,DEX,879.415,,7700.0
2025-05-21 10:59:37,4800.0,4814.25,Put DEX 1,DEX,-261.241,,7700.0
2025-05-21 10:59:37,4800.0,4814.25,Put GEX 1,GEX,-79221.502,,7700.0
2025-05-21 10:59:37,4850.0,4864.25,Put DEX 2,DEX,-224.714,,7700.0
2025-05-21 10:59:37,4850.0,4864.25,Put GEX 2,GEX,-69414.661,,7700.0
2025-05-21 10:59:37,5000.0,5014.75,Call DEX 2,DEX,733.54,,7700.0
2025-05-21 10:59:37,5200.0,5215.25,Put DEX 4,DEX,-57.289,,7700.0
2025-05-21 10:59:37,5200.0,5215.25,Put GEX 4,GEX,-44343.503,,7700.0
2025-05-21 10:59:37,5300.0,5315.75,Put GEX 5,GEX,-29172.229,,7700.0
2025-05-21 10:59:37,5310.0,5325.75,Put DEX 3,DEX,-87.102,,7700.0
2025-05-21 10:59:37,5310.0,5325.75,Put GEX 3,GEX,-49073.588,,7700.0
2025-05-21 10:59:37,5905.0,5922.5,Call DEX 3,DEX,127.557,,7700.0
2025-05-21 10:59:37,5905.0,5922.5,Call GEX 3,GEX,126956.346,,7700.0
2025-05-21 10:59:37,6000.0,6017.75,Put DEX 5,DEX,-50.902,,7700.0
2025-05-21 10:59:37,6000.0,6017.75,Call GEX 1,GEX,179794.633,,7700.0
2025-05-21 10:59:37,6050.0,6067.75,Call GEX 5,GEX,77895.67,,7700.0
2025-05-21 10:59:37,6100.0,6118.0,Call DEX 4,DEX,106.833,,7700.0
2025-05-21 10:59:37,6100.0,6118.0,Call GEX 2,GEX,175537.017,,7700.0
2025-05-21 10:59:37,6200.0,6218.25,Call GEX 4,GEX,93954.716,,7700.0
2025-05-21 10:59:37,6400.0,6419.0,Call DEX 5,DEX,97.749,,7700.0
2025-05-21 10:59:37,9600.0,9628.25,Put CEX 5,CEX,0.0,,7700.0
2025-05-21 10:59:37,9600.0,9628.25,Put VEX 5,VEX,0.0,,7700.0
2025-05-21 10:59:37,10000.0,10029.5,Put CEX 4,CEX,0.0,,7700.0
2025-05-21 10:59:37,10000.0,10029.5,Put VEX 4,VEX,0.0,,7700.0
2025-05-21 10:59:37,10100.0,10129.75,Put CEX 3,CEX,0.0,,7700.0
2025-05-21 10:59:37,10100.0,10129.75,Put VEX 3,VEX,0.0,,7700.0
2025-05-21 10:59:37,10200.0,10230.25,Put CEX 2,CEX,0.0,,7700.0
2025-05-21 10:59:37,10200.0,10230.25,Put VEX 2,VEX,0.0,,7700.0
2025-05-21 10:59:37,10400.0,10430.75,Put CEX 1,CEX,0.0,,7700.0
2025-05-21 10:59:37,10400.0,10430.75,Put VEX 1,VEX,0.0,,7700.0
2025-05-21 10:59:37,12000.0,12035.5,Call CEX 1,CEX,0.0,,7700.0
2025-05-21 10:59:37,12000.0,12035.5,Call VEX 1,VEX,0.0,,7700.0
2025-05-21 11:00:55,200.0,200.5,Call CEX 2,CEX,0.0,,7700.0
2025-05-21 11:00:55,200.0,200.5,Call VEX 2,VEX,0.0,,7700.0
2025-05-21 11:00:55,400.0,401.0,Call CEX 3,CEX,0.0,,7700.0
2025-05-21 11:00:55,400.0,401.0,Call VEX 3,VEX,0.0,,7700.0
2025-05-21 11:00:55,600.0,601.75,Call CEX 4,CEX,0.0,,7700.0
2025-05-21 11:00:55,600.0,601.75,Call VEX 4,VEX,0.0,,7700.0
2025-05-21 11:00:55,800.0,802.25,Call CEX 5,CEX,0.0,,7700.0
2025-05-21 11:00:55,800.0,802.25,Call VEX 5,VEX,0.0,,7700.0
2025-05-21 11:00:55,4000.0,4011.0,Call DEX 1,DEX,880.481,,7700.0
2025-05-21 11:00:55,4800.0,4813.25,Put DEX 1,DEX,-261.26,,7700.0
2025-05-21 11:00:55,4800.0,4813.25,Put GEX 1,GEX,-79025.721,,7700.0
2025-05-21 11:00:55,4850.0,4863.5,Put DEX 2,DEX,-224.759,,7700.0
2025-05-21 11:00:55,4850.0,4863.5,Put GEX 2,GEX,-69250.607,,7700.0
2025-05-21 11:00:55,4900.0,4913.5,Put DEX 5,DEX,-49.539,,7700.0
2025-05-21 11:00:55,5000.0,5013.75,Call DEX 2,DEX,738.583,,7700.0
2025-05-21 11:00:55,5200.0,5214.25,Put DEX 4,DEX,-56.756,,7700.0
2025-05-21 11:00:55,5200.0,5214.25,Put GEX 4,GEX,-43793.601,,7700.0
2025-05-21 11:00:55,5300.0,5314.75,Put GEX 5,GEX,-28653.119,,7700.0
2025-05-21 11:00:55,5310.0,5324.75,Put DEX 3,DEX,-87.027,,7700.0
2025-05-21 11:00:55,5310.0,5324.75,Put GEX 3,GEX,-48795.808,,7700.0
2025-05-21 11:00:55,5905.0,5921.25,Call DEX 3,DEX,128.074,,7700.0
2025-05-21 11:00:55,5905.0,5921.25,Call GEX 3,GEX,129934.332,,7700.0
2025-05-21 11:00:55,6000.0,6016.5,Call GEX 1,GEX,209947.953,,7700.0
2025-05-21 11:00:55,6050.0,6066.75,Call GEX 5,GEX,80215.061,,7700.0
2025-05-21 11:00:55,6100.0,6116.75,Call DEX 4,DEX,107.149,,7700.0
2025-05-21 11:00:55,6100.0,6116.75,Call GEX 2,GEX,179284.099,,7700.0
2025-05-21 11:00:55,6200.0,6217.0,Call GEX 4,GEX,95554.987,,7700.0
2025-05-21 11:00:55,6400.0,6417.75,Call DEX 5,DEX,97.782,,7700.0
2025-05-21 11:00:55,9600.0,9626.5,Put CEX 5,CEX,0.0,,7700.0
2025-05-21 11:00:55,9600.0,9626.5,Put VEX 5,VEX,0.0,,7700.0
2025-05-21 11:00:55,10000.0,10027.5,Put CEX 4,CEX,0.0,,7700.0
2025-05-21 11:00:55,10000.0,10027.5,Put VEX 4,VEX,0.0,,7700.0
2025-05-21 11:00:55,10100.0,10128.0,Put CEX 3,CEX,0.0,,7700.0
2025-05-21 11:00:55,10100.0,10128.0,Put VEX 3,VEX,0.0,,7700.0
2025-05-21 11:00:55,10200.0,10228.25,Put CEX 2,CEX,0.0,,7700.0
2025-05-21 11:00:55,10200.0,10228.25,Put VEX 2,VEX,0.0,,7700.0
2025-05-21 11:00:55,10400.0,10428.75,Put CEX 1,CEX,0.0,,7700.0
2025-05-21 11:00:55,10400.0,10428.75,Put VEX 1,VEX,0.0,,7700.0
2025-05-21 11:00:55,12000.0,12033.0,Call CEX 1,CEX,0.0,,7700.0
2025-05-21 11:00:55,12000.0,12033.0,Call VEX 1,VEX,0.0,,7700.0
2025-05-21 11:02:15,200.0,200.5,Call CEX 2,CEX,0.0,,7700.0
2025-05-21 11:02:15,200.0,200.5,Call VEX 2,VEX,0.0,,7700.0
2025-05-21 11:02:15,400.0,401.25,Call CEX 3,CEX,0.0,,7700.0
2025-05-21 11:02:15,400.0,401.25,Call VEX 3,VEX,0.0,,7700.0
2025-05-21 11:02:15,600.0,601.75,Call CEX 4,CEX,0.0,,7700.0
2025-05-21 11:02:15,600.0,601.75,Call VEX 4,VEX,0.0,,7700.0
2025-05-21 11:02:15,800.0,802.25,Call CEX 5,CEX,0.0,,7700.0
2025-05-21 11:02:15,800.0,802.25,Call VEX 5,VEX,0.0,,7700.0
2025-05-21 11:02:15,4000.0,4011.75,Call DEX 1,DEX,879.493,,7700.0
2025-05-21 11:02:15,4800.0,4814.25,Put DEX 1,DEX,-261.242,,7700.0
2025-05-21 11:02:15,4800.0,4814.25,Put GEX 1,GEX,-79200.349,,7700.0
2025-05-21 11:02:15,4850.0,4864.5,Put DEX 2,DEX,-224.738,,7700.0
2025-05-21 11:02:15,4850.0,4864.5,Put GEX 2,GEX,-69406.383,,7700.0
2025-05-21 11:02:15,5000.0,5014.75,Call DEX 2,DEX,736.818,,7700.0
2025-05-21 11:02:15,5200.0,5215.5,Put DEX 4,DEX,-57.188,,7700.0
2025-05-21 11:02:15,5200.0,5215.5,Put GEX 4,GEX,-44193.105,,7700.0
2025-05-21 11:02:15,5300.0,5315.75,Put GEX 5,GEX,-28857.32,,7700.0
2025-05-21 11:02:15,5310.0,5325.75,Put DEX 3,DEX,-87.141,,7700.0
2025-05-21 11:02:15,5310.0,5325.75,Put GEX 3,GEX,-48937.89,,7700.0
2025-05-21 11:02:15,5905.0,5922.5,Call DEX 3,DEX,127.457,,7700.0
2025-05-21 11:02:15,5905.0,5922.5,Call GEX 3,GEX,129563.662,,7700.0
2025-05-21 11:02:15,6000.0,6017.75,Put DEX 5,DEX,-50.625,,7700.0
2025-05-21 11:02:15,6000.0,6017.75,Call GEX 1,GEX,201207.333,,7700.0
2025-05-21 11:02:15,6050.0,6068.0,Call GEX 5,GEX,78937.333,,7700.0
2025-05-21 11:02:15,6100.0,6118.0,Call DEX 4,DEX,106.522,,7700.0
2025-05-21 11:02:15,6100.0,6118.0,Call GEX 2,GEX,176124.569,,7700.0
2025-05-21 11:02:15,6200.0,6218.5,Call GEX 4,GEX,94205.193,,7700.0
2025-05-21 11:02:15,6400.0,6419.0,Call DEX 5,DEX,97.756,,7700.0
2025-05-21 11:02:15,9600.0,9628.5,Put CEX 5,CEX,0.0,,7700.0
2025-05-21 11:02:15,9600.0,9628.5,Put VEX 5,VEX,0.0,,7700.0
2025-05-21 11:02:15,10000.0,10029.75,Put CEX 4,CEX,0.0,,7700.0
2025-05-21 11:02:15,10000.0,10029.75,Put VEX 4,VEX,0.0,,7700.0
2025-05-21 11:02:15,10100.0,10130.0,Put CEX 3,CEX,0.0,,7700.0
2025-05-21 11:02:15,10100.0,10130.0,Put VEX 3,VEX,0.0,,7700.0
2025-05-21 11:02:15,10200.0,10230.25,Put CEX 2,CEX,0.0,,7700.0
2025-05-21 11:02:15,10200.0,10230.25,Put VEX 2,VEX,0.0,,7700.0
2025-05-21 11:02:15,10400.0,10430.75,Put CEX 1,CEX,0.0,,7700.0
2025-05-21 11:02:15,10400.0,10430.75,Put VEX 1,VEX,0.0,,7700.0
2025-05-21 11:02:15,12000.0,12035.5,Call CEX 1,CEX,0.0,,7700.0
2025-05-21 11:02:15,12000.0,12035.5,Call VEX 1,VEX,0.0,,7700.0
2025-05-21 11:03:35,200.0,200.5,Call CEX 2,CEX,0.0,,7700.0
2025-05-21 11:03:35,200.0,200.5,Call VEX 2,VEX,0.0,,7700.0
2025-05-21 11:03:35,400.0,401.25,Call CEX 3,CEX,0.0,,7700.0
2025-05-21 11:03:35,400.0,401.25,Call VEX 3,VEX,0.0,,7700.0
2025-05-21 11:03:35,600.0,601.75,Call CEX 4,CEX,0.0,,7700.0
2025-05-21 11:03:35,600.0,601.75,Call VEX 4,VEX,0.0,,7700.0
2025-05-21 11:03:35,800.0,802.25,Call CEX 5,CEX,0.0,,7700.0
2025-05-21 11:03:35,800.0,802.25,Call VEX 5,VEX,0.0,,7700.0
2025-05-21 11:03:35,4000.0,4011.75,Call DEX 1,DEX,879.271,,7700.0
2025-05-21 11:03:35,4800.0,4814.0,Put DEX 1,DEX,-261.221,,7700.0
2025-05-21 11:03:35,4800.0,4814.0,Put GEX 1,GEX,-79312.338,,7700.0
2025-05-21 11:03:35,4850.0,4864.25,Put DEX 2,DEX,-224.727,,7700.0
2025-05-21 11:03:35,4850.0,4864.25,Put GEX 2,GEX,-69510.925,,7700.0
2025-05-21 11:03:35,5000.0,5014.75,Call DEX 2,DEX,737.023,,7700.0
2025-05-21 11:03:35,5200.0,5215.25,Put DEX 4,DEX,-57.172,,7700.0
2025-05-21 11:03:35,5200.0,5215.25,Put GEX 4,GEX,-44213.493,,7700.0
2025-05-21 11:03:35,5300.0,5315.5,Put GEX 5,GEX,-28777.226,,7700.0
2025-05-21 11:03:35,5310.0,5325.5,Put DEX 3,DEX,-87.176,,7700.0
2025-05-21 11:03:35,5310.0,5325.5,Put GEX 3,GEX,-48979.015,,7700.0
2025-05-21 11:03:35,5905.0,5922.25,Call DEX 3,DEX,127.015,,7700.0
2025-05-21 11:03:35,5905.0,5922.25,Call GEX 3,GEX,129933.624,,7700.0
2025-05-21 11:03:35,6000.0,6017.5,Put DEX 5,DEX,-53.597,,7700.0
2025-05-21 11:03:35,6000.0,6017.5,Call GEX 1,GEX,205979.13,,7700.0
2025-05-21 11:03:35,6050.0,6067.75,Call GEX 5,GEX,79009.782,,7700.0
2025-05-21 11:03:35,6100.0,6117.75,Call DEX 4,DEX,106.277,,7700.0
2025-05-21 11:03:35,6100.0,6117.75,Call GEX 2,GEX,175700.584,,7700.0
2025-05-21 11:03:35,6200.0,6218.25,Call GEX 4,GEX,93761.36,,7700.0
2025-05-21 11:03:35,6400.0,6418.75,Call DEX 5,DEX,97.724,,7700.0
2025-05-21 11:03:35,9600.0,9628.0,Put CEX 5,CEX,0.0,,7700.0
2025-05-21 11:03:35,9600.0,9628.0,Put VEX 5,VEX,0.0,,7700.0
2025-05-21 11:03:35,10000.0,10029.25,Put CEX 4,CEX,0.0,,7700.0
2025-05-21 11:03:35,10000.0,10029.25,Put VEX 4,VEX,0.0,,7700.0
2025-05-21 11:03:35,10100.0,10129.5,Put CEX 3,CEX,0.0,,7700.0
2025-05-21 11:03:35,10100.0,10129.5,Put VEX 3,VEX,0.0,,7700.0
2025-05-21 11:03:35,10200.0,10230.0,Put CEX 2,CEX,0.0,,7700.0
2025-05-21 11:03:35,10200.0,10230.0,Put VEX 2,VEX,0.0,,7700.0
2025-05-21 11:03:35,10400.0,10430.5,Put CEX 1,CEX,0.0,,7700.0
2025-05-21 11:03:35,10400.0,10430.5,Put VEX 1,VEX,0.0,,7700.0
2025-05-21 11:03:35,12000.0,12035.25,Call CEX 1,CEX,0.0,,7700.0
2025-05-21 11:03:35,12000.0,12035.25,Call VEX 1,VEX,0.0,,7700.0
2025-05-21 11:04:57,200.0,200.5,Call CEX 2,CEX,0.0,,7700.0
2025-05-21 11:04:57,200.0,200.5,Call VEX 2,VEX,0.0,,7700.0
2025-05-21 11:04:57,400.0,401.25,Call CEX 3,CEX,0.0,,7700.0
2025-05-21 11:04:57,400.0,401.25,Call VEX 3,VEX,0.0,,7700.0
2025-05-21 11:04:57,600.0,601.75,Call CEX 4,CEX,0.0,,7700.0
2025-05-21 11:04:57,600.0,601.75,Call VEX 4,VEX,0.0,,7700.0
2025-05-21 11:04:57,800.0,802.25,Call CEX 5,CEX,0.0,,7700.0
2025-05-21 11:04:57,800.0,802.25,Call VEX 5,VEX,0.0,,7700.0
2025-05-21 11:04:57,4000.0,4011.75,Call DEX 1,DEX,879.074,,7700.0
2025-05-21 11:04:57,4800.0,4814.25,Put DEX 1,DEX,-261.188,,7700.0
2025-05-21 11:04:57,4800.0,4814.25,Put GEX 1,GEX,-79439.499,,7700.0
2025-05-21 11:04:57,4850.0,4864.25,Put DEX 2,DEX,-224.717,,7700.0
2025-05-21 11:04:57,4850.0,4864.25,Put GEX 2,GEX,-69619.935,,7700.0
2025-05-21 11:04:57,5000.0,5014.75,Call DEX 2,DEX,737.056,,7700.0
2025-05-21 11:04:57,5200.0,5215.5,Put DEX 4,DEX,-57.208,,7700.0
2025-05-21 11:04:57,5200.0,5215.5,Put GEX 4,GEX,-44257.795,,7700.0
2025-05-21 11:04:57,5300.0,5315.75,Put GEX 5,GEX,-28834.276,,7700.0
2025-05-21 11:04:57,5310.0,5325.75,Put DEX 3,DEX,-87.264,,7700.0
2025-05-21 11:04:57,5310.0,5325.75,Put GEX 3,GEX,-49068.802,,7700.0
2025-05-21 11:04:57,5905.0,5922.5,Call DEX 3,DEX,126.571,,7700.0
2025-05-21 11:04:57,5905.0,5922.5,Call GEX 3,GEX,129419.681,,7700.0
2025-05-21 11:04:57,6000.0,6017.75,Put DEX 5,DEX,-56.472,,7700.0
2025-05-21 11:04:57,6000.0,6017.75,Call GEX 1,GEX,202370.663,,7700.0
2025-05-21 11:04:57,6050.0,6068.0,Call GEX 5,GEX,78261.503,,7700.0
2025-05-21 11:04:57,6100.0,6118.0,Call DEX 4,DEX,105.82,,7700.0
2025-05-21 11:04:57,6100.0,6118.0,Call GEX 2,GEX,174237.516,,7700.0
2025-05-21 11:04:57,6200.0,6218.25,Call GEX 4,GEX,93199.928,,7700.0
2025-05-21 11:04:57,6400.0,6419.0,Call DEX 5,DEX,97.679,,7700.0
2025-05-21 11:04:57,9600.0,9628.5,Put CEX 5,CEX,0.0,,7700.0
2025-05-21 11:04:57,9600.0,9628.5,Put VEX 5,VEX,0.0,,7700.0
2025-05-21 11:04:57,10000.0,10029.75,Put CEX 4,CEX,0.0,,7700.0
2025-05-21 11:04:57,10000.0,10029.75,Put VEX 4,VEX,0.0,,7700.0
2025-05-21 11:04:57,10100.0,10130.0,Put CEX 3,CEX,0.0,,7700.0
2025-05-21 11:04:57,10100.0,10130.0,Put VEX 3,VEX,0.0,,7700.0
2025-05-21 11:04:57,10200.0,10230.25,Put CEX 2,CEX,0.0,,7700.0
2025-05-21 11:04:57,10200.0,10230.25,Put VEX 2,VEX,0.0,,7700.0
2025-05-21 11:04:57,10400.0,10430.75,Put CEX 1,CEX,0.0,,7700.0
2025-05-21 11:04:57,10400.0,10430.75,Put VEX 1,VEX,0.0,,7700.0
2025-05-21 11:04:57,12000.0,12035.5,Call CEX 1,CEX,0.0,,7700.0
2025-05-21 11:04:57,12000.0,12035.5,Call VEX 1,VEX,0.0,,7700.0
2025-05-21 11:06:23,200.0,200.5,Call CEX 2,CEX,0.0,,7700.0
2025-05-21 11:06:23,200.0,200.5,Call VEX 2,VEX,0.0,,7700.0
2025-05-21 11:06:23,400.0,401.25,Call CEX 3,CEX,0.0,,7700.0
2025-05-21 11:06:23,400.0,401.25,Call VEX 3,VEX,0.0,,7700.0
2025-05-21 11:06:23,600.0,601.75,Call CEX 4,CEX,0.0,,7700.0
2025-05-21 11:06:23,600.0,601.75,Call VEX 4,VEX,0.0,,7700.0
2025-05-21 11:06:23,800.0,802.25,Call CEX 5,CEX,0.0,,7700.0
2025-05-21 11:06:23,800.0,802.25,Call VEX 5,VEX,0.0,,7700.0
2025-05-21 11:06:23,4000.0,4011.75,Call DEX 1,DEX,878.344,,7700.0
2025-05-21 11:06:23,4800.0,4814.0,Put DEX 1,DEX,-261.215,,7700.0
2025-05-21 11:06:23,4800.0,4814.0,Put GEX 1,GEX,-79555.762,,7700.0
2025-05-21 11:06:23,4850.0,4864.25,Put DEX 2,DEX,-224.711,,7700.0
2025-05-21 11:06:23,4850.0,4864.25,Put GEX 2,GEX,-69724.806,,7700.0
2025-05-21 11:06:23,5000.0,5014.5,Call DEX 2,DEX,733.213,,7700.0
2025-05-21 11:06:23,5200.0,5215.25,Put DEX 5,DEX,-57.452,,7700.0
2025-05-21 11:06:23,5200.0,5215.25,Put GEX 4,GEX,-44463.628,,7700.0
2025-05-21 11:06:23,5300.0,5315.5,Put GEX 5,GEX,-29084.197,,7700.0
2025-05-21 11:06:23,5310.0,5325.5,Put DEX 3,DEX,-87.366,,7700.0
2025-05-21 11:06:23,5310.0,5325.5,Put GEX 3,GEX,-49232.531,,7700.0
2025-05-21 11:06:23,5905.0,5922.25,Call DEX 3,DEX,126.219,,7700.0
2025-05-21 11:06:23,5905.0,5922.25,Call GEX 3,GEX,127496.891,,7700.0
2025-05-21 11:06:23,6000.0,6017.5,Put DEX 4,DEX,-59.597,,7700.0
2025-05-21 11:06:23,6000.0,6017.5,Call GEX 1,GEX,186389.109,,7700.0
2025-05-21 11:06:23,6050.0,6067.75,Call GEX 5,GEX,77081.198,,7700.0
2025-05-21 11:06:23,6100.0,6117.75,Call DEX 4,DEX,105.521,,7700.0
2025-05-21 11:06:23,6100.0,6117.75,Call GEX 2,GEX,172155.704,,7700.0
2025-05-21 11:06:23,6200.0,6218.0,Call GEX 4,GEX,92324.437,,7700.0
2025-05-21 11:06:23,6400.0,6418.75,Call DEX 5,DEX,97.66,,7700.0
2025-05-21 11:06:23,9600.0,9628.0,Put CEX 5,CEX,0.0,,7700.0
2025-05-21 11:06:23,9600.0,9628.0,Put VEX 5,VEX,0.0,,7700.0
2025-05-21 11:06:23,10000.0,10029.25,Put CEX 4,CEX,0.0,,7700.0
2025-05-21 11:06:23,10000.0,10029.25,Put VEX 4,VEX,0.0,,7700.0
2025-05-21 11:06:23,10100.0,10129.5,Put CEX 3,CEX,0.0,,7700.0
2025-05-21 11:06:23,10100.0,10129.5,Put VEX 3,VEX,0.0,,7700.0
2025-05-21 11:06:23,10200.0,10229.75,Put CEX 2,CEX,0.0,,7700.0
2025-05-21 11:06:23,10200.0,10229.75,Put VEX 2,VEX,0.0,,7700.0
2025-05-21 11:06:23,10400.0,10430.25,Put CEX 1,CEX,0.0,,7700.0
2025-05-21 11:06:23,10400.0,10430.25,Put VEX 1,VEX,0.0,,7700.0
2025-05-21 11:06:23,12000.0,12035.0,Call CEX 1,CEX,0.0,,7700.0
2025-05-21 11:06:23,12000.0,12035.0,Call VEX 1,VEX,0.0,,7700.0
2025-05-21 11:07:42,200.0,200.5,Call CEX 2,CEX,0.0,,7700.0
2025-05-21 11:07:42,200.0,200.5,Call VEX 2,VEX,0.0,,7700.0
2025-05-21 11:07:42,400.0,401.0,Call CEX 3,CEX,0.0,,7700.0
2025-05-21 11:07:42,400.0,401.0,Call VEX 3,VEX,0.0,,7700.0
2025-05-21 11:07:42,600.0,601.5,Call CEX 4,CEX,0.0,,7700.0
2025-05-21 11:07:42,600.0,601.5,Call VEX 4,VEX,0.0,,7700.0
2025-05-21 11:07:42,800.0,802.0,Call CEX 5,CEX,0.0,,7700.0
2025-05-21 11:07:42,800.0,802.0,Call VEX 5,VEX,0.0,,7700.0
2025-05-21 11:07:42,4000.0,4010.25,Call DEX 1,DEX,876.293,,7700.0
2025-05-21 11:07:42,4800.0,4812.25,Put DEX 1,DEX,-261.249,,7700.0
2025-05-21 11:07:42,4800.0,4812.25,Put GEX 1,GEX,-79668.129,,7700.0
2025-05-21 11:07:42,4850.0,4862.5,Put DEX 2,DEX,-224.649,,7700.0
2025-05-21 11:07:42,4850.0,4862.5,Put GEX 2,GEX,-69798.029,,7700.0
2025-05-21 11:07:42,5000.0,5012.75,Call DEX 2,DEX,722.174,,7700.0
2025-05-21 11:07:42,5200.0,5213.25,Put DEX 5,DEX,-58.001,,7700.0
2025-05-21 11:07:42,5200.0,5213.25,Put GEX 4,GEX,-45182.016,,7700.0
2025-05-21 11:07:42,5300.0,5313.5,Put GEX 5,GEX,-30256.788,,7700.0
2025-05-21 11:07:42,5310.0,5323.5,Put DEX 3,DEX,-87.321,,7700.0
2025-05-21 11:07:42,5310.0,5323.5,Put GEX 3,GEX,-49694.552,,7700.0
2025-05-21 11:07:42,5905.0,5920.0,Call DEX 3,DEX,126.328,,7700.0
2025-05-21 11:07:42,5905.0,5920.0,Call GEX 2,GEX,120436.263,,7700.0
2025-05-21 11:07:42,6000.0,6015.25,Put DEX 4,DEX,-63.317,,7700.0
2025-05-21 11:07:42,6000.0,6015.25,Call GEX 3,GEX,114956.213,,7700.0
2025-05-21 11:07:42,6100.0,6115.5,Call DEX 4,DEX,105.294,,7700.0
2025-05-21 11:07:42,6100.0,6115.5,Call GEX 1,GEX,166846.545,,7700.0
2025-05-21 11:07:42,6200.0,6215.75,Call GEX 4,GEX,91097.512,,7700.0
2025-05-21 11:07:42,6400.0,6416.5,Call DEX 5,DEX,97.639,,7700.0
2025-05-21 11:07:42,6400.0,6416.5,Call GEX 5,GEX,73739.05,,7700.0
2025-05-21 11:07:42,9600.0,9624.5,Put CEX 5,CEX,0.0,,7700.0
2025-05-21 11:07:42,9600.0,9624.5,Put VEX 5,VEX,0.0,,7700.0
2025-05-21 11:07:42,10000.0,10025.5,Put CEX 4,CEX,0.0,,7700.0
2025-05-21 11:07:42,10000.0,10025.5,Put VEX 4,VEX,0.0,,7700.0
2025-05-21 11:07:42,10100.0,10125.75,Put CEX 3,CEX,0.0,,7700.0
2025-05-21 11:07:42,10100.0,10125.75,Put VEX 3,VEX,0.0,,7700.0
2025-05-21 11:07:42,10200.0,10226.0,Put CEX 2,CEX,0.0,,7700.0
2025-05-21 11:07:42,10200.0,10226.0,Put VEX 2,VEX,0.0,,7700.0
2025-05-21 11:07:42,10400.0,10426.5,Put CEX 1,CEX,0.0,,7700.0
2025-05-21 11:07:42,10400.0,10426.5,Put VEX 1,VEX,0.0,,7700.0
2025-05-21 11:07:42,12000.0,12030.75,Call CEX 1,CEX,0.0,,7700.0
2025-05-21 11:07:42,12000.0,12030.75,Call VEX 1,VEX,0.0,,7700.0
2025-05-21 11:09:00,200.0,200.5,Call CEX 2,CEX,0.0,,7700.0
2025-05-21 11:09:00,200.0,200.5,Call VEX 2,VEX,0.0,,7700.0
2025-05-21 11:09:00,400.0,401.25,Call CEX 3,CEX,0.0,,7700.0
2025-05-21 11:09:00,400.0,401.25,Call VEX 3,VEX,0.0,,7700.0
2025-05-21 11:09:00,600.0,601.75,Call CEX 4,CEX,0.0,,7700.0
2025-05-21 11:09:00,600.0,601.75,Call VEX 4,VEX,0.0,,7700.0
2025-05-21 11:09:00,800.0,802.25,Call CEX 5,CEX,0.0,,7700.0
2025-05-21 11:09:00,800.0,802.25,Call VEX 5,VEX,0.0,,7700.0
2025-05-21 11:09:00,4000.0,4011.5,Call DEX 1,DEX,880.502,,7700.0
2025-05-21 11:09:00,4800.0,4813.75,Put DEX 1,DEX,-261.277,,7700.0
2025-05-21 11:09:00,4800.0,4813.75,Put GEX 1,GEX,-78985.942,,7700.0
2025-05-21 11:09:00,4850.0,4864.0,Put DEX 2,DEX,-224.787,,7700.0
2025-05-21 11:09:00,4850.0,4864.0,Put GEX 2,GEX,-69216.787,,7700.0
2025-05-21 11:09:00,4900.0,4914.0,Put DEX 5,DEX,-49.533,,7700.0
2025-05-21 11:09:00,5000.0,5014.25,Call DEX 2,DEX,739.778,,7700.0
2025-05-21 11:09:00,5200.0,5215.0,Put DEX 4,DEX,-56.965,,7700.0
2025-05-21 11:09:00,5200.0,5215.0,Put GEX 4,GEX,-43850.465,,7700.0
2025-05-21 11:09:00,5300.0,5315.25,Put GEX 5,GEX,-28496.268,,7700.0
2025-05-21 11:09:00,5310.0,5325.25,Put DEX 3,DEX,-87.066,,7700.0
2025-05-21 11:09:00,5310.0,5325.25,Put GEX 3,GEX,-48677.212,,7700.0
2025-05-21 11:09:00,5905.0,5922.0,Call DEX 3,DEX,128.137,,7700.0
2025-05-21 11:09:00,5905.0,5922.0,Call GEX 3,GEX,129755.902,,7700.0
2025-05-21 11:09:00,6000.0,6017.25,Call GEX 1,GEX,209129.288,,7700.0
2025-05-21 11:09:00,6050.0,6067.25,Call GEX 5,GEX,80516.402,,7700.0
2025-05-21 11:09:00,6100.0,6117.5,Call DEX 4,DEX,107.051,,7700.0
2025-05-21 11:09:00,6100.0,6117.5,Call GEX 2,GEX,179503.929,,7700.0
2025-05-21 11:09:00,6200.0,6217.75,Call GEX 4,GEX,95542.732,,7700.0
2025-05-21 11:09:00,6400.0,6418.25,Call DEX 5,DEX,97.772,,7700.0
2025-05-21 11:09:00,9600.0,9627.5,Put CEX 5,CEX,0.0,,7700.0
2025-05-21 11:09:00,9600.0,9627.5,Put VEX 5,VEX,0.0,,7700.0
2025-05-21 11:09:00,10000.0,10028.75,Put CEX 4,CEX,0.0,,7700.0
2025-05-21 11:09:00,10000.0,10028.75,Put VEX 4,VEX,0.0,,7700.0
2025-05-21 11:09:00,10100.0,10129.0,Put CEX 3,CEX,0.0,,7700.0
2025-05-21 11:09:00,10100.0,10129.0,Put VEX 3,VEX,0.0,,7700.0
2025-05-21 11:09:00,10200.0,10229.25,Put CEX 2,CEX,0.0,,7700.0
2025-05-21 11:09:00,10200.0,10229.25,Put VEX 2,VEX,0.0,,7700.0
2025-05-21 11:09:00,10400.0,10429.75,Put CEX 1,CEX,0.0,,7700.0
2025-05-21 11:09:00,10400.0,10429.75,Put VEX 1,VEX,0.0,,7700.0
2025-05-21 11:09:00,12000.0,12034.25,Call CEX 1,CEX,0.0,,7700.0
2025-05-21 11:09:00,12000.0,12034.25,Call VEX 1,VEX,0.0,,7700.0
2025-05-21 11:10:19,200.0,200.5,Call CEX 2,CEX,0.0,,7700.0
2025-05-21 11:10:19,200.0,200.5,Call VEX 2,VEX,0.0,,7700.0
2025-05-21 11:10:19,400.0,401.25,Call CEX 3,CEX,0.0,,7700.0
2025-05-21 11:10:19,400.0,401.25,Call VEX 3,VEX,0.0,,7700.0
2025-05-21 11:10:19,600.0,601.75,Call CEX 4,CEX,0.0,,7700.0
2025-05-21 11:10:19,600.0,601.75,Call VEX 4,VEX,0.0,,7700.0
2025-05-21 11:10:19,800.0,802.25,Call CEX 5,CEX,0.0,,7700.0
2025-05-21 11:10:19,800.0,802.25,Call VEX 5,VEX,0.0,,7700.0
2025-05-21 11:10:19,4000.0,4011.5,Call DEX 1,DEX,879.796,,7700.0
2025-05-21 11:10:19,4800.0,4813.75,Put DEX 1,DEX,-261.262,,7700.0
2025-05-21 11:10:19,4800.0,4813.75,Put GEX 1,GEX,-79134.549,,7700.0
2025-05-21 11:10:19,4850.0,4863.75,Put DEX 2,DEX,-224.749,,7700.0
2025-05-21 11:10:19,4850.0,4863.75,Put GEX 2,GEX,-69340.679,,7700.0
2025-05-21 11:10:19,5000.0,5014.25,Call DEX 2,DEX,735.819,,7700.0
2025-05-21 11:10:19,5200.0,5214.75,Put DEX 4,DEX,-57.226,,7700.0
2025-05-21 11:10:19,5200.0,5214.75,Put GEX 4,GEX,-44174.105,,7700.0
2025-05-21 11:10:19,5300.0,5315.0,Put GEX 5,GEX,-28872.757,,7700.0
2025-05-21 11:10:19,5310.0,5325.0,Put DEX 3,DEX,-87.118,,7700.0
2025-05-21 11:10:19,5310.0,5325.0,Put GEX 3,GEX,-48919.884,,7700.0
2025-05-21 11:10:19,5905.0,5921.75,Call DEX 3,DEX,127.748,,7700.0
2025-05-21 11:10:19,5905.0,5921.75,Call GEX 3,GEX,127863.81,,7700.0
2025-05-21 11:10:19,6000.0,6017.0,Put DEX 5,DEX,-49.889,,7700.0
2025-05-21 11:10:19,6000.0,6017.0,Call GEX 1,GEX,188900.796,,7700.0
2025-05-21 11:10:19,6050.0,6067.25,Call GEX 5,GEX,78873.726,,7700.0
2025-05-21 11:10:19,6100.0,6117.25,Call DEX 4,DEX,106.595,,7700.0
2025-05-21 11:10:19,6100.0,6117.25,Call GEX 2,GEX,176689.897,,7700.0
2025-05-21 11:10:19,6200.0,6217.75,Call GEX 4,GEX,94472.364,,7700.0
2025-05-21 11:10:19,6400.0,6418.25,Call DEX 5,DEX,97.746,,7700.0
2025-05-21 11:10:19,9600.0,9627.25,Put CEX 5,CEX,0.0,,7700.0
2025-05-21 11:10:19,9600.0,9627.25,Put VEX 5,VEX,0.0,,7700.0
2025-05-21 11:10:19,10000.0,10028.5,Put CEX 4,CEX,0.0,,7700.0
2025-05-21 11:10:19,10000.0,10028.5,Put VEX 4,VEX,0.0,,7700.0
2025-05-21 11:10:19,10100.0,10128.75,Put CEX 3,CEX,0.0,,7700.0
2025-05-21 11:10:19,10100.0,10128.75,Put VEX 3,VEX,0.0,,7700.0
2025-05-21 11:10:19,10200.0,10229.0,Put CEX 2,CEX,0.0,,7700.0
2025-05-21 11:10:19,10200.0,10229.0,Put VEX 2,VEX,0.0,,7700.0
2025-05-21 11:10:19,10400.0,10429.5,Put CEX 1,CEX,0.0,,7700.0
2025-05-21 11:10:19,10400.0,10429.5,Put VEX 1,VEX,0.0,,7700.0
2025-05-21 11:10:19,12000.0,12034.25,Call CEX 1,CEX,0.0,,7700.0
2025-05-21 11:10:19,12000.0,12034.25,Call VEX 1,VEX,0.0,,7700.0
2025-05-21 11:11:40,200.0,200.5,Call CEX 2,CEX,0.0,,7700.0
2025-05-21 11:11:40,200.0,200.5,Call VEX 2,VEX,0.0,,7700.0
2025-05-21 11:11:40,400.0,401.0,Call CEX 3,CEX,0.0,,7700.0
2025-05-21 11:11:40,400.0,401.0,Call VEX 3,VEX,0.0,,7700.0
2025-05-21 11:11:40,600.0,601.75,Call CEX 4,CEX,0.0,,7700.0
2025-05-21 11:11:40,600.0,601.75,Call VEX 4,VEX,0.0,,7700.0
2025-05-21 11:11:40,800.0,802.25,Call CEX 5,CEX,0.0,,7700.0
2025-05-21 11:11:40,800.0,802.25,Call VEX 5,VEX,0.0,,7700.0
2025-05-21 11:11:40,4000.0,4011.25,Call DEX 1,DEX,881.428,,7700.0
2025-05-21 11:11:40,4800.0,4813.25,Put DEX 1,DEX,-261.251,,7700.0
2025-05-21 11:11:40,4800.0,4813.25,Put GEX 1,GEX,-78926.268,,7700.0
2025-05-21 11:11:40,4850.0,4863.5,Put DEX 2,DEX,-224.818,,7700.0
2025-05-21 11:11:40,4850.0,4863.5,Put GEX 2,GEX,-69167.939,,7700.0
2025-05-21 11:11:40,4900.0,4913.75,Put DEX 5,DEX,-49.474,,7700.0
2025-05-21 11:11:40,5000.0,5014.0,Call DEX 2,DEX,744.962,,7700.0
2025-05-21 11:11:40,5200.0,5214.5,Put DEX 4,DEX,-56.668,,7700.0
2025-05-21 11:11:40,5200.0,5214.5,Put GEX 4,GEX,-43529.24,,7700.0
2025-05-21 11:11:40,5300.0,5314.75,Put GEX 5,GEX,-27985.752,,7700.0
2025-05-21 11:11:40,5310.0,5324.75,Put DEX 3,DEX,-87.099,,7700.0
2025-05-21 11:11:40,5310.0,5324.75,Put GEX 3,GEX,-48463.213,,7700.0
2025-05-21 11:11:40,5905.0,5921.5,Call DEX 3,DEX,128.17,,7700.0
2025-05-21 11:11:40,5905.0,5921.5,Call GEX 3,GEX,134005.208,,7700.0
2025-05-21 11:11:40,6000.0,6016.75,Call GEX 1,GEX,244720.31,,7700.0
2025-05-21 11:11:40,6050.0,6066.75,Call GEX 5,GEX,82645.943,,7700.0
2025-05-21 11:11:40,6100.0,6117.0,Call DEX 4,DEX,106.963,,7700.0
2025-05-21 11:11:40,6100.0,6117.0,Call GEX 2,GEX,182214.801,,7700.0
2025-05-21 11:11:40,6200.0,6217.25,Call GEX 4,GEX,96364.965,,7700.0
2025-05-21 11:11:40,6400.0,6417.75,Call DEX 5,DEX,97.789,,7700.0
2025-05-21 11:11:40,9600.0,9626.75,Put CEX 5,CEX,0.0,,7700.0
2025-05-21 11:11:40,9600.0,9626.75,Put VEX 5,VEX,0.0,,7700.0
2025-05-21 11:11:40,10000.0,10027.75,Put CEX 4,CEX,0.0,,7700.0
2025-05-21 11:11:40,10000.0,10027.75,Put VEX 4,VEX,0.0,,7700.0
2025-05-21 11:11:40,10100.0,10128.25,Put CEX 3,CEX,0.0,,7700.0
2025-05-21 11:11:40,10100.0,10128.25,Put VEX 3,VEX,0.0,,7700.0
2025-05-21 11:11:40,10200.0,10228.5,Put CEX 2,CEX,0.0,,7700.0
2025-05-21 11:11:40,10200.0,10228.5,Put VEX 2,VEX,0.0,,7700.0
2025-05-21 11:11:40,10400.0,10429.0,Put CEX 1,CEX,0.0,,7700.0
2025-05-21 11:11:40,10400.0,10429.0,Put VEX 1,VEX,0.0,,7700.0
2025-05-21 11:11:40,12000.0,12033.5,Call CEX 1,CEX,0.0,,7700.0
2025-05-21 11:11:40,12000.0,12033.5,Call VEX 1,VEX,0.0,,7700.0
2025-05-21 11:13:01,200.0,200.5,Call CEX 2,CEX,0.0,,7700.0
2025-05-21 11:13:01,200.0,200.5,Call VEX 2,VEX,0.0,,7700.0
2025-05-21 11:13:01,400.0,401.25,Call CEX 3,CEX,0.0,,7700.0
2025-05-21 11:13:01,400.0,401.25,Call VEX 3,VEX,0.0,,7700.0
2025-05-21 11:13:01,600.0,601.75,Call CEX 4,CEX,0.0,,7700.0
2025-05-21 11:13:01,600.0,601.75,Call VEX 4,VEX,0.0,,7700.0
2025-05-21 11:13:01,800.0,802.5,Call CEX 5,CEX,0.0,,7700.0
2025-05-21 11:13:01,800.0,802.5,Call VEX 5,VEX,0.0,,7700.0
2025-05-21 11:13:01,4000.0,4012.0,Call DEX 1,DEX,878.997,,7700.0
2025-05-21 11:13:01,4800.0,4814.5,Put DEX 1,DEX,-261.21,,7700.0
2025-05-21 11:13:01,4800.0,4814.5,Put GEX 1,GEX,-79483.794,,7700.0
2025-05-21 11:13:01,4850.0,4864.5,Put DEX 2,DEX,-224.735,,7700.0
2025-05-21 11:13:01,4850.0,4864.5,Put GEX 2,GEX,-69657.233,,7700.0
2025-05-21 11:13:01,5000.0,5015.0,Call DEX 2,DEX,735.36,,7700.0
2025-05-21 11:13:01,5200.0,5215.75,Put DEX 5,DEX,-57.364,,7700.0
2025-05-21 11:13:01,5200.0,5215.75,Put GEX 4,GEX,-44314.44,,7700.0
2025-05-21 11:13:01,5300.0,5316.0,Put GEX 5,GEX,-29105.638,,7700.0
2025-05-21 11:13:01,5310.0,5326.0,Put DEX 3,DEX,-87.4,,7700.0
2025-05-21 11:13:01,5310.0,5326.0,Put GEX 3,GEX,-49145.283,,7700.0
2025-05-21 11:13:01,5905.0,5922.75,Call DEX 3,DEX,126.396,,7700.0
2025-05-21 11:13:01,5905.0,5922.75,Call GEX 3,GEX,128886.355,,7700.0
2025-05-21 11:13:01,6000.0,6018.0,Put DEX 4,DEX,-58.298,,7700.0
2025-05-21 11:13:01,6000.0,6018.0,Call GEX 1,GEX,202916.523,,7700.0
2025-05-21 11:13:01,6050.0,6068.25,Call GEX 5,GEX,78221.975,,7700.0
2025-05-21 11:13:01,6100.0,6118.25,Call DEX 4,DEX,105.465,,7700.0
2025-05-21 11:13:01,6100.0,6118.25,Call GEX 2,GEX,173998.437,,7700.0
2025-05-21 11:13:01,6200.0,6218.75,Call GEX 4,GEX,93004.414,,7700.0
2025-05-21 11:13:01,6400.0,6419.25,Call DEX 5,DEX,97.676,,7700.0
2025-05-21 11:13:01,9600.0,9628.75,Put CEX 5,CEX,0.0,,7700.0
2025-05-21 11:13:01,9600.0,9628.75,Put VEX 5,VEX,0.0,,7700.0
2025-05-21 11:13:01,10000.0,10030.0,Put CEX 4,CEX,0.0,,7700.0
2025-05-21 11:13:01,10000.0,10030.0,Put VEX 4,VEX,0.0,,7700.0
2025-05-21 11:13:01,10100.0,10130.25,Put CEX 3,CEX,0.0,,7700.0
2025-05-21 11:13:01,10100.0,10130.25,Put VEX 3,VEX,0.0,,7700.0
2025-05-21 11:13:01,10200.0,10230.75,Put CEX 2,CEX,0.0,,7700.0
2025-05-21 11:13:01,10200.0,10230.75,Put VEX 2,VEX,0.0,,7700.0
2025-05-21 11:13:01,10400.0,10431.25,Put CEX 1,CEX,0.0,,7700.0
2025-05-21 11:13:01,10400.0,10431.25,Put VEX 1,VEX,0.0,,7700.0
2025-05-21 11:13:01,12000.0,12036.0,Call CEX 1,CEX,0.0,,7700.0
2025-05-21 11:13:01,12000.0,12036.0,Call VEX 1,VEX,0.0,,7700.0
2025-05-21 11:14:20,200.0,200.5,Call CEX 2,CEX,0.0,,7700.0
2025-05-21 11:14:20,200.0,200.5,Call VEX 2,VEX,0.0,,7700.0
2025-05-21 11:14:20,400.0,401.25,Call CEX 3,CEX,0.0,,7700.0
2025-05-21 11:14:20,400.0,401.25,Call VEX 3,VEX,0.0,,7700.0
2025-05-21 11:14:20,600.0,601.75,Call CEX 4,CEX,0.0,,7700.0
2025-05-21 11:14:20,600.0,601.75,Call VEX 4,VEX,0.0,,7700.0
2025-05-21 11:14:20,800.0,802.25,Call CEX 5,CEX,0.0,,7700.0
2025-05-21 11:14:20,800.0,802.25,Call VEX 5,VEX,0.0,,7700.0
2025-05-21 11:14:20,4000.0,4011.75,Call DEX 1,DEX,877.618,,7700.0
2025-05-21 11:14:20,4800.0,4814.0,Put DEX 1,DEX,-261.22,,7700.0
2025-05-21 11:14:20,4800.0,4814.0,Put GEX 1,GEX,-79642.907,,7700.0
2025-05-21 11:14:20,4850.0,4864.25,Put DEX 2,DEX,-224.712,,7700.0
2025-05-21 11:14:20,4850.0,4864.25,Put GEX 2,GEX,-69790.33,,7700.0
2025-05-21 11:14:20,5000.0,5014.5,Call DEX 2,DEX,730.559,,7700.0
2025-05-21 11:14:20,5200.0,5215.25,Put DEX 5,DEX,-57.848,,7700.0
2025-05-21 11:14:20,5200.0,5215.25,Put GEX 4,GEX,-44788.392,,7700.0
2025-05-21 11:14:20,5300.0,5315.5,Put GEX 5,GEX,-29379.415,,7700.0
2025-05-21 11:14:20,5310.0,5325.5,Put DEX 3,DEX,-87.429,,7700.0
2025-05-21 11:14:20,5310.0,5325.5,Put GEX 3,GEX,-49339.079,,7700.0
2025-05-21 11:14:20,5905.0,5922.25,Call DEX 3,DEX,125.987,,7700.0
2025-05-21 11:14:20,5905.0,5922.25,Call GEX 3,GEX,126238.232,,7700.0
2025-05-21 11:14:20,6000.0,6017.5,Put DEX 4,DEX,-62.548,,7700.0
2025-05-21 11:14:20,6000.0,6017.5,Call GEX 1,GEX,174059.244,,7700.0
2025-05-21 11:14:20,6050.0,6067.75,Call GEX 5,GEX,76496.592,,7700.0
2025-05-21 11:14:20,6100.0,6117.75,Call DEX 4,DEX,105.053,,7700.0
2025-05-21 11:14:20,6100.0,6117.75,Call GEX 2,GEX,170496.912,,7700.0
2025-05-21 11:14:20,6200.0,6218.0,Call GEX 4,GEX,92161.01,,7700.0
2025-05-21 11:14:20,6400.0,6418.75,Call DEX 5,DEX,97.641,,7700.0
2025-05-21 11:14:20,9600.0,9628.0,Put CEX 5,CEX,0.0,,7700.0
2025-05-21 11:14:20,9600.0,9628.0,Put VEX 5,VEX,0.0,,7700.0
2025-05-21 11:14:20,10000.0,10029.25,Put CEX 4,CEX,0.0,,7700.0
2025-05-21 11:14:20,10000.0,10029.25,Put VEX 4,VEX,0.0,,7700.0
2025-05-21 11:14:20,10100.0,10129.5,Put CEX 3,CEX,0.0,,7700.0
2025-05-21 11:14:20,10100.0,10129.5,Put VEX 3,VEX,0.0,,7700.0
2025-05-21 11:14:20,10200.0,10229.75,Put CEX 2,CEX,0.0,,7700.0
2025-05-21 11:14:20,10200.0,10229.75,Put VEX 2,VEX,0.0,,7700.0
2025-05-21 11:14:20,10400.0,10430.25,Put CEX 1,CEX,0.0,,7700.0
2025-05-21 11:14:20,10400.0,10430.25,Put VEX 1,VEX,0.0,,7700.0
2025-05-21 11:14:20,12000.0,12035.0,Call CEX 1,CEX,0.0,,7700.0
2025-05-21 11:14:20,12000.0,12035.0,Call VEX 1,VEX,0.0,,7700.0
2025-05-21 11:15:39,200.0,200.5,Call CEX 2,CEX,0.0,,7700.0
2025-05-21 11:15:39,200.0,200.5,Call VEX 2,VEX,0.0,,7700.0
2025-05-21 11:15:39,400.0,401.25,Call CEX 3,CEX,0.0,,7700.0
2025-05-21 11:15:39,400.0,401.25,Call VEX 3,VEX,0.0,,7700.0
2025-05-21 11:15:39,600.0,601.75,Call CEX 4,CEX,0.0,,7700.0
2025-05-21 11:15:39,600.0,601.75,Call VEX 4,VEX,0.0,,7700.0
2025-05-21 11:15:39,800.0,802.25,Call CEX 5,CEX,0.0,,7700.0
2025-05-21 11:15:39,800.0,802.25,Call VEX 5,VEX,0.0,,7700.0
2025-05-21 11:15:39,4000.0,4011.5,Call DEX 1,DEX,878.265,,7700.0
2025-05-21 11:15:39,4800.0,4813.75,Put DEX 1,DEX,-261.237,,7700.0
2025-05-21 11:15:39,4800.0,4813.75,Put GEX 1,GEX,-79555.377,,7700.0
2025-05-21 11:15:39,4850.0,4864.0,Put DEX 2,DEX,-224.715,,7700.0
2025-05-21 11:15:39,4850.0,4864.0,Put GEX 2,GEX,-69718.027,,7700.0
2025-05-21 11:15:39,5000.0,5014.5,Call DEX 2,DEX,731.142,,7700.0
2025-05-21 11:15:39,5200.0,5215.0,Put DEX 5,DEX,-57.614,,7700.0
2025-05-21 11:15:39,5200.0,5215.0,Put GEX 4,GEX,-44579.893,,7700.0
2025-05-21 11:15:39,5300.0,5315.25,Put GEX 5,GEX,-29301.696,,7700.0
2025-05-21 11:15:39,5310.0,5325.25,Put DEX 3,DEX,-87.367,,7700.0
2025-05-21 11:15:39,5310.0,5325.25,Put GEX 3,GEX,-49283.439,,7700.0
2025-05-21 11:15:39,5905.0,5922.0,Call DEX 3,DEX,126.284,,7700.0
2025-05-21 11:15:39,5905.0,5922.0,Call GEX 3,GEX,126112.228,,7700.0
2025-05-21 11:15:39,6000.0,6017.25,Put DEX 4,DEX,-60.626,,7700.0
2025-05-21 11:15:39,6000.0,6017.25,Call GEX 1,GEX,174182.535,,7700.0
2025-05-21 11:15:39,6050.0,6067.5,Call GEX 5,GEX,76434.619,,7700.0
2025-05-21 11:15:39,6100.0,6117.5,Call DEX 4,DEX,105.346,,7700.0
2025-05-21 11:15:39,6100.0,6117.5,Call GEX 2,GEX,171596.49,,7700.0
2025-05-21 11:15:39,6200.0,6218.0,Call GEX 4,GEX,92275.696,,7700.0
2025-05-21 11:15:39,6400.0,6418.5,Call DEX 5,DEX,97.652,,7700.0
2025-05-21 11:15:39,9600.0,9627.75,Put CEX 5,CEX,0.0,,7700.0
2025-05-21 11:15:39,9600.0,9627.75,Put VEX 5,VEX,0.0,,7700.0
2025-05-21 11:15:39,10000.0,10028.75,Put CEX 4,CEX,0.0,,7700.0
2025-05-21 11:15:39,10000.0,10028.75,Put VEX 4,VEX,0.0,,7700.0
2025-05-21 11:15:39,10100.0,10129.25,Put CEX 3,CEX,0.0,,7700.0
2025-05-21 11:15:39,10100.0,10129.25,Put VEX 3,VEX,0.0,,7700.0
2025-05-21 11:15:39,10200.0,10229.5,Put CEX 2,CEX,0.0,,7700.0
2025-05-21 11:15:39,10200.0,10229.5,Put VEX 2,VEX,0.0,,7700.0
2025-05-21 11:15:39,10400.0,10430.0,Put CEX 1,CEX,0.0,,7700.0
2025-05-21 11:15:39,10400.0,10430.0,Put VEX 1,VEX,0.0,,7700.0
2025-05-21 11:15:39,12000.0,12034.5,Call CEX 1,CEX,0.0,,7700.0
2025-05-21 11:15:39,12000.0,12034.5,Call VEX 1,VEX,0.0,,7700.0
2025-05-21 11:16:57,200.0,200.5,Call CEX 2,CEX,0.0,,7700.0
2025-05-21 11:16:57,200.0,200.5,Call VEX 2,VEX,0.0,,7700.0
2025-05-21 11:16:57,400.0,401.25,Call CEX 3,CEX,0.0,,7700.0
2025-05-21 11:16:57,400.0,401.25,Call VEX 3,VEX,0.0,,7700.0
2025-05-21 11:16:57,600.0,601.75,Call CEX 4,CEX,0.0,,7700.0
2025-05-21 11:16:57,600.0,601.75,Call VEX 4,VEX,0.0,,7700.0
2025-05-21 11:16:57,800.0,802.25,Call CEX 5,CEX,0.0,,7700.0
2025-05-21 11:16:57,800.0,802.25,Call VEX 5,VEX,0.0,,7700.0
2025-05-21 11:16:57,4000.0,4011.5,Call DEX 1,DEX,877.97,,7700.0
2025-05-21 11:16:57,4800.0,4814.0,Put DEX 1,DEX,-261.247,,7700.0
2025-05-21 11:16:57,4800.0,4814.0,Put GEX 1,GEX,-79498.263,,7700.0
2025-05-21 11:16:57,4850.0,4864.0,Put DEX 2,DEX,-224.73,,7700.0
2025-05-21 11:16:57,4850.0,4864.0,Put GEX 2,GEX,-69656.86,,7700.0
2025-05-21 11:16:57,5000.0,5014.5,Call DEX 2,DEX,730.702,,7700.0
2025-05-21 11:16:57,5200.0,5215.0,Put DEX 5,DEX,-57.624,,7700.0
2025-05-21 11:16:57,5200.0,5215.0,Put GEX 4,GEX,-44561.302,,7700.0
2025-05-21 11:16:57,5300.0,5315.25,Put GEX 5,GEX,-29384.431,,7700.0
2025-05-21 11:16:57,5310.0,5325.5,Put DEX 3,DEX,-87.381,,7700.0
2025-05-21 11:16:57,5310.0,5325.5,Put GEX 3,GEX,-49220.449,,7700.0
2025-05-21 11:16:57,5905.0,5922.0,Call DEX 3,DEX,126.506,,7700.0
2025-05-21 11:16:57,5905.0,5922.0,Call GEX 3,GEX,126637.217,,7700.0
2025-05-21 11:16:57,6000.0,6017.5,Put DEX 4,DEX,-59.02,,7700.0
2025-05-21 11:16:57,6000.0,6017.5,Call GEX 1,GEX,173894.604,,7700.0
2025-05-21 11:16:57,6050.0,6067.5,Call GEX 5,GEX,76320.355,,7700.0
2025-05-21 11:16:57,6100.0,6117.75,Call DEX 4,DEX,105.406,,7700.0
2025-05-21 11:16:57,6100.0,6117.75,Call GEX 2,GEX,171535.915,,7700.0
2025-05-21 11:16:57,6200.0,6218.0,Call GEX 4,GEX,92492.546,,7700.0
2025-05-21 11:16:57,6400.0,6418.5,Call DEX 5,DEX,97.662,,7700.0
2025-05-21 11:16:57,9600.0,9627.75,Put CEX 5,CEX,0.0,,7700.0
2025-05-21 11:16:57,9600.0,9627.75,Put VEX 5,VEX,0.0,,7700.0
2025-05-21 11:16:57,10000.0,10029.0,Put CEX 4,CEX,0.0,,7700.0
2025-05-21 11:16:57,10000.0,10029.0,Put VEX 4,VEX,0.0,,7700.0
2025-05-21 11:16:57,10100.0,10129.25,Put CEX 3,CEX,0.0,,7700.0
2025-05-21 11:16:57,10100.0,10129.25,Put VEX 3,VEX,0.0,,7700.0
2025-05-21 11:16:57,10200.0,10229.5,Put CEX 2,CEX,0.0,,7700.0
2025-05-21 11:16:57,10200.0,10229.5,Put VEX 2,VEX,0.0,,7700.0
2025-05-21 11:16:57,10400.0,10430.25,Put CEX 1,CEX,0.0,,7700.0
2025-05-21 11:16:57,10400.0,10430.25,Put VEX 1,VEX,0.0,,7700.0
2025-05-21 11:16:57,12000.0,12034.75,Call CEX 1,CEX,0.0,,7700.0
2025-05-21 11:16:57,12000.0,12034.75,Call VEX 1,VEX,0.0,,7700.0
2025-05-21 11:18:17,200.0,200.5,Call CEX 2,CEX,0.0,,7700.0
2025-05-21 11:18:17,200.0,200.5,Call VEX 2,VEX,0.0,,7700.0
2025-05-21 11:18:17,400.0,401.25,Call CEX 3,CEX,0.0,,7700.0
2025-05-21 11:18:17,400.0,401.25,Call VEX 3,VEX,0.0,,7700.0
2025-05-21 11:18:17,600.0,601.75,Call CEX 4,CEX,0.0,,7700.0
2025-05-21 11:18:17,600.0,601.75,Call VEX 4,VEX,0.0,,7700.0
2025-05-21 11:18:17,800.0,802.5,Call CEX 5,CEX,0.0,,7700.0
2025-05-21 11:18:17,800.0,802.5,Call VEX 5,VEX,0.0,,7700.0
2025-05-21 11:18:17,4000.0,4012.0,Call DEX 1,DEX,879.425,,7700.0
2025-05-21 11:18:17,4800.0,4814.25,Put DEX 1,DEX,-261.283,,7700.0
2025-05-21 11:18:17,4800.0,4814.25,Put GEX 1,GEX,-79258.314,,7700.0
2025-05-21 11:18:17,4850.0,4864.5,Put DEX 2,DEX,-224.779,,7700.0
2025-05-21 11:18:17,4850.0,4864.5,Put GEX 2,GEX,-69449.102,,7700.0
2025-05-21 11:18:17,5000.0,5015.0,Call DEX 2,DEX,736.075,,7700.0
2025-05-21 11:18:17,5200.0,5215.5,Put DEX 4,DEX,-57.295,,7700.0
2025-05-21 11:18:17,5200.0,5215.5,Put GEX 4,GEX,-44103.58,,7700.0
2025-05-21 11:18:17,5300.0,5315.75,Put GEX 5,GEX,-28726.519,,7700.0
2025-05-21 11:18:17,5310.0,5325.75,Put DEX 3,DEX,-87.309,,7700.0
2025-05-21 11:18:17,5310.0,5325.75,Put GEX 3,GEX,-48848.816,,7700.0
2025-05-21 11:18:17,5905.0,5922.75,Call DEX 3,DEX,127.102,,7700.0
2025-05-21 11:18:17,5905.0,5922.75,Call GEX 3,GEX,132533.995,,7700.0
2025-05-21 11:18:17,6000.0,6018.0,Put DEX 5,DEX,-53.178,,7700.0
2025-05-21 11:18:17,6000.0,6018.0,Call GEX 1,GEX,211845.561,,7700.0
2025-05-21 11:18:17,6050.0,6068.0,Call GEX 5,GEX,79690.53,,7700.0
2025-05-21 11:18:17,6100.0,6118.25,Call DEX 4,DEX,106.156,,7700.0
2025-05-21 11:18:17,6100.0,6118.25,Call GEX 2,GEX,177288.779,,7700.0
2025-05-21 11:18:17,6200.0,6218.5,Call GEX 4,GEX,94206.257,,7700.0
2025-05-21 11:18:17,6400.0,6419.0,Call DEX 5,DEX,97.708,,7700.0
2025-05-21 11:18:17,9600.0,9628.75,Put CEX 5,CEX,0.0,,7700.0
2025-05-21 11:18:17,9600.0,9628.75,Put VEX 5,VEX,0.0,,7700.0
2025-05-21 11:18:17,10000.0,10029.75,Put CEX 4,CEX,0.0,,7700.0
2025-05-21 11:18:17,10000.0,10029.75,Put VEX 4,VEX,0.0,,7700.0
2025-05-21 11:18:17,10100.0,10130.25,Put CEX 3,CEX,0.0,,7700.0
2025-05-21 11:18:17,10100.0,10130.25,Put VEX 3,VEX,0.0,,7700.0
2025-05-21 11:18:17,10200.0,10230.5,Put CEX 2,CEX,0.0,,7700.0
2025-05-21 11:18:17,10200.0,10230.5,Put VEX 2,VEX,0.0,,7700.0
2025-05-21 11:18:17,10400.0,10431.0,Put CEX 1,CEX,0.0,,7700.0
2025-05-21 11:18:17,10400.0,10431.0,Put VEX 1,VEX,0.0,,7700.0
2025-05-21 11:18:17,12000.0,12035.75,Call CEX 1,CEX,0.0,,7700.0
2025-05-21 11:18:17,12000.0,12035.75,Call VEX 1,VEX,0.0,,7700.0
2025-05-21 11:19:37,200.0,200.5,Call CEX 2,CEX,0.0,,7700.0
2025-05-21 11:19:37,200.0,200.5,Call VEX 2,VEX,0.0,,7700.0
2025-05-21 11:19:37,400.0,401.25,Call CEX 3,CEX,0.0,,7700.0
2025-05-21 11:19:37,400.0,401.25,Call VEX 3,VEX,0.0,,7700.0
2025-05-21 11:19:37,600.0,601.75,Call CEX 4,CEX,0.0,,7700.0
2025-05-21 11:19:37,600.0,601.75,Call VEX 4,VEX,0.0,,7700.0
2025-05-21 11:19:37,800.0,802.25,Call CEX 5,CEX,0.0,,7700.0
2025-05-21 11:19:37,800.0,802.25,Call VEX 5,VEX,0.0,,7700.0
2025-05-21 11:19:37,4000.0,4011.75,Call DEX 1,DEX,878.43,,7700.0
2025-05-21 11:19:37,4800.0,4814.25,Put DEX 1,DEX,-261.27,,7700.0
2025-05-21 11:19:37,4800.0,4814.25,Put GEX 1,GEX,-79496.141,,7700.0
2025-05-21 11:19:37,4850.0,4864.25,Put DEX 2,DEX,-224.754,,7700.0
2025-05-21 11:19:37,4850.0,4864.25,Put GEX 2,GEX,-69665.741,,7700.0
2025-05-21 11:19:37,5000.0,5014.75,Call DEX 2,DEX,732.079,,7700.0
2025-05-21 11:19:37,5200.0,5215.25,Put DEX 5,DEX,-57.647,,7700.0
2025-05-21 11:19:37,5200.0,5215.25,Put GEX 4,GEX,-44496.273,,7700.0
2025-05-21 11:19:37,5300.0,5315.75,Put GEX 5,GEX,-29217.03,,7700.0
2025-05-21 11:19:37,5310.0,5325.75,Put DEX 3,DEX,-87.445,,7700.0
2025-05-21 11:19:37,5310.0,5325.75,Put GEX 3,GEX,-49162.367,,7700.0
2025-05-21 11:19:37,5905.0,5922.5,Call DEX 3,DEX,126.373,,7700.0
2025-05-21 11:19:37,5905.0,5922.5,Call GEX 3,GEX,127726.058,,7700.0
2025-05-21 11:19:37,6000.0,6017.75,Put DEX 4,DEX,-59.008,,7700.0
2025-05-21 11:19:37,6000.0,6017.75,Call GEX 1,GEX,192561.956,,7700.0
2025-05-21 11:19:37,6050.0,6067.75,Call GEX 5,GEX,77270.289,,7700.0
2025-05-21 11:19:37,6100.0,6118.0,Call DEX 4,DEX,105.275,,7700.0
2025-05-21 11:19:37,6100.0,6118.0,Call GEX 2,GEX,172505.494,,7700.0
2025-05-21 11:19:37,6200.0,6218.25,Call GEX 4,GEX,92541.05,,7700.0
2025-05-21 11:19:37,6400.0,6418.75,Call DEX 5,DEX,97.665,,7700.0
2025-05-21 11:19:37,9600.0,9628.25,Put CEX 5,CEX,0.0,,7700.0
2025-05-21 11:19:37,9600.0,9628.25,Put VEX 5,VEX,0.0,,7700.0
2025-05-21 11:19:37,10000.0,10029.5,Put CEX 4,CEX,0.0,,7700.0
2025-05-21 11:19:37,10000.0,10029.5,Put VEX 4,VEX,0.0,,7700.0
2025-05-21 11:19:37,10100.0,10129.75,Put CEX 3,CEX,0.0,,7700.0
2025-05-21 11:19:37,10100.0,10129.75,Put VEX 3,VEX,0.0,,7700.0
2025-05-21 11:19:37,10200.0,10230.0,Put CEX 2,CEX,0.0,,7700.0
2025-05-21 11:19:37,10200.0,10230.0,Put VEX 2,VEX,0.0,,7700.0
2025-05-21 11:19:37,10400.0,10430.75,Put CEX 1,CEX,0.0,,7700.0
2025-05-21 11:19:37,10400.0,10430.75,Put VEX 1,VEX,0.0,,7700.0
2025-05-21 11:19:37,12000.0,12035.5,Call CEX 1,CEX,0.0,,7700.0
2025-05-21 11:19:37,12000.0,12035.5,Call VEX 1,VEX,0.0,,7700.0
2025-05-21 11:21:02,200.0,200.5,Call CEX 2,CEX,0.0,,7700.0
2025-05-21 11:21:02,200.0,200.5,Call VEX 2,VEX,0.0,,7700.0
2025-05-21 11:21:02,400.0,401.25,Call CEX 3,CEX,0.0,,7700.0
2025-05-21 11:21:02,400.0,401.25,Call VEX 3,VEX,0.0,,7700.0
2025-05-21 11:21:02,600.0,601.75,Call CEX 4,CEX,0.0,,7700.0
2025-05-21 11:21:02,600.0,601.75,Call VEX 4,VEX,0.0,,7700.0
2025-05-21 11:21:02,800.0,802.25,Call CEX 5,CEX,0.0,,7700.0
2025-05-21 11:21:02,800.0,802.25,Call VEX 5,VEX,0.0,,7700.0
2025-05-21 11:21:02,4000.0,4011.5,Call DEX 1,DEX,878.939,,7700.0
2025-05-21 11:21:02,4800.0,4813.75,Put DEX 1,DEX,-261.273,,7700.0
2025-05-21 11:21:02,4800.0,4813.75,Put GEX 1,GEX,-79470.988,,7700.0
2025-05-21 11:21:02,4850.0,4864.0,Put DEX 2,DEX,-224.78,,7700.0
2025-05-21 11:21:02,4850.0,4864.0,Put GEX 2,GEX,-69645.517,,7700.0
2025-05-21 11:21:02,5000.0,5014.25,Call DEX 2,DEX,734.249,,7700.0
2025-05-21 11:21:02,5200.0,5215.0,Put DEX 5,DEX,-57.497,,7700.0
2025-05-21 11:21:02,5200.0,5215.0,Put GEX 4,GEX,-44283.347,,7700.0
2025-05-21 11:21:02,5300.0,5315.25,Put GEX 5,GEX,-28928.897,,7700.0
2025-05-21 11:21:02,5310.0,5325.25,Put DEX 3,DEX,-87.448,,7700.0
2025-05-21 11:21:02,5310.0,5325.25,Put GEX 3,GEX,-49014.085,,7700.0
2025-05-21 11:21:02,5905.0,5922.0,Call DEX 3,DEX,126.346,,7700.0
2025-05-21 11:21:02,5905.0,5922.0,Call GEX 3,GEX,129687.622,,7700.0
2025-05-21 11:21:02,6000.0,6017.25,Put DEX 4,DEX,-58.373,,7700.0
2025-05-21 11:21:02,6000.0,6017.25,Call GEX 1,GEX,208376.99,,7700.0
2025-05-21 11:21:02,6050.0,6067.25,Call GEX 5,GEX,78379.907,,7700.0
2025-05-21 11:21:02,6100.0,6117.5,Call DEX 4,DEX,105.292,,7700.0
2025-05-21 11:21:02,6100.0,6117.5,Call GEX 2,GEX,173820.613,,7700.0
2025-05-21 11:21:02,6200.0,6217.75,Call GEX 4,GEX,92871.201,,7700.0
2025-05-21 11:21:02,6400.0,6418.25,Call DEX 5,DEX,97.67,,7700.0
2025-05-21 11:21:02,9600.0,9627.5,Put CEX 5,CEX,0.0,,7700.0
2025-05-21 11:21:02,9600.0,9627.5,Put VEX 5,VEX,0.0,,7700.0
2025-05-21 11:21:02,10000.0,10028.75,Put CEX 4,CEX,0.0,,7700.0
2025-05-21 11:21:02,10000.0,10028.75,Put VEX 4,VEX,0.0,,7700.0
2025-05-21 11:21:02,10100.0,10129.0,Put CEX 3,CEX,0.0,,7700.0
2025-05-21 11:21:02,10100.0,10129.0,Put VEX 3,VEX,0.0,,7700.0
2025-05-21 11:21:02,10200.0,10229.25,Put CEX 2,CEX,0.0,,7700.0
2025-05-21 11:21:02,10200.0,10229.25,Put VEX 2,VEX,0.0,,7700.0
2025-05-21 11:21:02,10400.0,10429.75,Put CEX 1,CEX,0.0,,7700.0
2025-05-21 11:21:02,10400.0,10429.75,Put VEX 1,VEX,0.0,,7700.0
2025-05-21 11:21:02,12000.0,12034.5,Call CEX 1,CEX,0.0,,7700.0
2025-05-21 11:21:02,12000.0,12034.5,Call VEX 1,VEX,0.0,,7700.0
2025-05-21 11:22:26,200.0,200.5,Call CEX 2,CEX,0.0,,7700.0
2025-05-21 11:22:26,200.0,200.5,Call VEX 2,VEX,0.0,,7700.0
2025-05-21 11:22:26,400.0,401.25,Call CEX 3,CEX,0.0,,7700.0
2025-05-21 11:22:26,400.0,401.25,Call VEX 3,VEX,0.0,,7700.0
2025-05-21 11:22:26,600.0,601.75,Call CEX 4,CEX,0.0,,7700.0
2025-05-21 11:22:26,600.0,601.75,Call VEX 4,VEX,0.0,,7700.0
2025-05-21 11:22:26,800.0,802.5,Call CEX 5,CEX,0.0,,7700.0
2025-05-21 11:22:26,800.0,802.5,Call VEX 5,VEX,0.0,,7700.0
2025-05-21 11:22:26,4000.0,4012.0,Call DEX 1,DEX,878.405,,7700.0
2025-05-21 11:22:26,4800.0,4814.5,Put DEX 1,DEX,-261.224,,7700.0
2025-05-21 11:22:26,4800.0,4814.5,Put GEX 1,GEX,-79738.003,,7700.0
2025-05-21 11:22:26,4850.0,4864.5,Put DEX 2,DEX,-224.762,,7700.0
2025-05-21 11:22:26,4850.0,4864.5,Put GEX 2,GEX,-69892.007,,7700.0
2025-05-21 11:22:26,5000.0,5015.0,Call DEX 2,DEX,735.036,,7700.0
2025-05-21 11:22:26,5200.0,5215.5,Put DEX 5,DEX,-57.536,,7700.0
2025-05-21 11:22:26,5200.0,5215.5,Put GEX 4,GEX,-44374.283,,7700.0
2025-05-21 11:22:26,5300.0,5316.0,Put GEX 5,GEX,-28840.489,,7700.0
2025-05-21 11:22:26,5310.0,5326.0,Put DEX 3,DEX,-87.595,,7700.0
2025-05-21 11:22:26,5310.0,5326.0,Put GEX 3,GEX,-49201.751,,7700.0
2025-05-21 11:22:26,5905.0,5922.75,Call DEX 3,DEX,125.308,,7700.0
2025-05-21 11:22:26,5905.0,5922.75,Call GEX 3,GEX,129529.393,,7700.0
2025-05-21 11:22:26,6000.0,6018.0,Put DEX 4,DEX,-64.803,,7700.0
2025-05-21 11:22:26,6000.0,6018.0,Call GEX 1,GEX,211768.408,,7700.0
2025-05-21 11:22:26,6050.0,6068.25,Call GEX 5,GEX,77812.651,,7700.0
2025-05-21 11:22:26,6100.0,6118.25,Call DEX 4,DEX,104.773,,7700.0
2025-05-21 11:22:26,6100.0,6118.25,Call GEX 2,GEX,172011.172,,7700.0
2025-05-21 11:22:26,6200.0,6218.5,Call GEX 4,GEX,91838.205,,7700.0
2025-05-21 11:22:26,6400.0,6419.25,Call DEX 5,DEX,97.612,,7700.0
2025-05-21 11:22:26,9600.0,9628.75,Put CEX 5,CEX,0.0,,7700.0
2025-05-21 11:22:26,9600.0,9628.75,Put VEX 5,VEX,0.0,,7700.0
2025-05-21 11:22:26,10000.0,10030.0,Put CEX 4,CEX,0.0,,7700.0
2025-05-21 11:22:26,10000.0,10030.0,Put VEX 4,VEX,0.0,,7700.0
2025-05-21 11:22:26,10100.0,10130.25,Put CEX 3,CEX,0.0,,7700.0
2025-05-21 11:22:26,10100.0,10130.25,Put VEX 3,VEX,0.0,,7700.0
2025-05-21 11:22:26,10200.0,10230.75,Put CEX 2,CEX,0.0,,7700.0
2025-05-21 11:22:26,10200.0,10230.75,Put VEX 2,VEX,0.0,,7700.0
2025-05-21 11:22:26,10400.0,10431.25,Put CEX 1,CEX,0.0,,7700.0
2025-05-21 11:22:26,10400.0,10431.25,Put VEX 1,VEX,0.0,,7700.0
2025-05-21 11:22:26,12000.0,12036.0,Call CEX 1,CEX,0.0,,7700.0
2025-05-21 11:22:26,12000.0,12036.0,Call VEX 1,VEX,0.0,,7700.0
2025-05-21 11:23:48,200.0,200.5,Call CEX 2,CEX,0.0,,7700.0
2025-05-21 11:23:48,200.0,200.5,Call VEX 2,VEX,0.0,,7700.0
2025-05-21 11:23:48,400.0,401.25,Call CEX 3,CEX,0.0,,7700.0
2025-05-21 11:23:48,400.0,401.25,Call VEX 3,VEX,0.0,,7700.0
2025-05-21 11:23:48,600.0,601.75,Call CEX 4,CEX,0.0,,7700.0
2025-05-21 11:23:48,600.0,601.75,Call VEX 4,VEX,0.0,,7700.0
2025-05-21 11:23:48,800.0,802.5,Call CEX 5,CEX,0.0,,7700.0
2025-05-21 11:23:48,800.0,802.5,Call VEX 5,VEX,0.0,,7700.0
2025-05-21 11:23:48,4000.0,4012.0,Call DEX 1,DEX,877.17,,7700.0
2025-05-21 11:23:48,4800.0,4814.5,Put DEX 1,DEX,-261.226,,7700.0
2025-05-21 11:23:48,4800.0,4814.5,Put GEX 1,GEX,-79895.997,,7700.0
2025-05-21 11:23:48,4850.0,4864.5,Put DEX 2,DEX,-224.736,,7700.0
2025-05-21 11:23:48,4850.0,4864.5,Put GEX 2,GEX,-70027.7,,7700.0
2025-05-21 11:23:48,5000.0,5015.0,Call DEX 2,DEX,730.651,,7700.0
2025-05-21 11:23:48,5200.0,5215.5,Put DEX 5,DEX,-57.741,,7700.0
2025-05-21 11:23:48,5200.0,5215.5,Put GEX 4,GEX,-44671.395,,7700.0
2025-05-21 11:23:48,5300.0,5315.75,Put GEX 5,GEX,-29203.793,,7700.0
2025-05-21 11:23:48,5310.0,5326.0,Put DEX 3,DEX,-87.621,,7700.0
2025-05-21 11:23:48,5310.0,5326.0,Put GEX 3,GEX,-49455.859,,7700.0
2025-05-21 11:23:48,5905.0,5922.75,Call DEX 3,DEX,124.91,,7700.0
2025-05-21 11:23:48,5905.0,5922.75,Call GEX 3,GEX,126580.359,,7700.0
2025-05-21 11:23:48,6000.0,6018.0,Put DEX 4,DEX,-69.422,,7700.0
2025-05-21 11:23:48,6000.0,6018.0,Call GEX 1,GEX,183213.674,,7700.0
2025-05-21 11:23:48,6050.0,6068.0,Call GEX 5,GEX,76016.289,,7700.0
2025-05-21 11:23:48,6100.0,6118.25,Call DEX 4,DEX,104.349,,7700.0
2025-05-21 11:23:48,6100.0,6118.25,Call GEX 2,GEX,169167.443,,7700.0
2025-05-21 11:23:48,6200.0,6218.5,Call GEX 4,GEX,90798.082,,7700.0
2025-05-21 11:23:48,6400.0,6419.25,Call DEX 5,DEX,97.581,,7700.0
2025-05-21 11:23:48,9600.0,9628.75,Put CEX 5,CEX,0.0,,7700.0
2025-05-21 11:23:48,9600.0,9628.75,Put VEX 5,VEX,0.0,,7700.0
2025-05-21 11:23:48,10000.0,10030.0,Put CEX 4,CEX,0.0,,7700.0
2025-05-21 11:23:48,10000.0,10030.0,Put VEX 4,VEX,0.0,,7700.0
2025-05-21 11:23:48,10100.0,10130.25,Put CEX 3,CEX,0.0,,7700.0
2025-05-21 11:23:48,10100.0,10130.25,Put VEX 3,VEX,0.0,,7700.0
2025-05-21 11:23:48,10200.0,10230.5,Put CEX 2,CEX,0.0,,7700.0
2025-05-21 11:23:48,10200.0,10230.5,Put VEX 2,VEX,0.0,,7700.0
2025-05-21 11:23:48,10400.0,10431.25,Put CEX 1,CEX,0.0,,7700.0
2025-05-21 11:23:48,10400.0,10431.25,Put VEX 1,VEX,0.0,,7700.0
2025-05-21 11:23:48,12000.0,12036.0,Call CEX 1,CEX,0.0,,7700.0
2025-05-21 11:23:48,12000.0,12036.0,Call VEX 1,VEX,0.0,,7700.0
2025-05-21 11:25:08,200.0,200.5,Call CEX 2,CEX,0.0,,7700.0
2025-05-21 11:25:08,200.0,200.5,Call VEX 2,VEX,0.0,,7700.0
2025-05-21 11:25:08,400.0,401.25,Call CEX 3,CEX,0.0,,7700.0
2025-05-21 11:25:08,400.0,401.25,Call VEX 3,VEX,0.0,,7700.0
2025-05-21 11:25:08,600.0,601.75,Call CEX 4,CEX,0.0,,7700.0
2025-05-21 11:25:08,600.0,601.75,Call VEX 4,VEX,0.0,,7700.0
2025-05-21 11:25:08,800.0,802.5,Call CEX 5,CEX,0.0,,7700.0
2025-05-21 11:25:08,800.0,802.5,Call VEX 5,VEX,0.0,,7700.0
2025-05-21 11:25:08,4000.0,4012.0,Call DEX 1,DEX,877.894,,7700.0
2025-05-21 11:25:08,4800.0,4814.25,Put DEX 1,DEX,-261.238,,7700.0
2025-05-21 11:25:08,4800.0,4814.25,Put GEX 1,GEX,-79690.896,,7700.0
2025-05-21 11:25:08,4850.0,4864.5,Put DEX 2,DEX,-224.739,,7700.0
2025-05-21 11:25:08,4850.0,4864.5,Put GEX 2,GEX,-69854.295,,7700.0
2025-05-21 11:25:08,5000.0,5014.75,Call DEX 2,DEX,733.436,,7700.0
2025-05-21 11:25:08,5200.0,5215.5,Put DEX 5,DEX,-57.561,,7700.0
2025-05-21 11:25:08,5200.0,5215.5,Put GEX 4,GEX,-44475.616,,7700.0
2025-05-21 11:25:08,5300.0,5315.75,Put GEX 5,GEX,-29310.575,,7700.0
2025-05-21 11:25:08,5310.0,5325.75,Put DEX 3,DEX,-87.533,,7700.0
2025-05-21 11:25:08,5310.0,5325.75,Put GEX 3,GEX,-49284.734,,7700.0
2025-05-21 11:25:08,5905.0,5922.5,Call DEX 3,DEX,125.545,,7700.0
2025-05-21 11:25:08,5905.0,5922.5,Call GEX 3,GEX,129205.513,,7700.0
2025-05-21 11:25:08,6000.0,6017.75,Put DEX 4,DEX,-64.978,,7700.0
2025-05-21 11:25:08,6000.0,6017.75,Call GEX 1,GEX,200498.231,,7700.0
2025-05-21 11:25:08,6050.0,6068.0,Call GEX 5,GEX,77586.197,,7700.0
2025-05-21 11:25:08,6100.0,6118.0,Call DEX 4,DEX,104.746,,7700.0
2025-05-21 11:25:08,6100.0,6118.0,Call GEX 2,GEX,172248.051,,7700.0
2025-05-21 11:25:08,6200.0,6218.5,Call GEX 4,GEX,92013.189,,7700.0
2025-05-21 11:25:08,6400.0,6419.0,Call DEX 5,DEX,97.614,,7700.0
2025-05-21 11:25:08,9600.0,9628.5,Put CEX 5,CEX,0.0,,7700.0
2025-05-21 11:25:08,9600.0,9628.5,Put VEX 5,VEX,0.0,,7700.0
2025-05-21 11:25:08,10000.0,10029.75,Put CEX 4,CEX,0.0,,7700.0
2025-05-21 11:25:08,10000.0,10029.75,Put VEX 4,VEX,0.0,,7700.0
2025-05-21 11:25:08,10100.0,10130.0,Put CEX 3,CEX,0.0,,7700.0
2025-05-21 11:25:08,10100.0,10130.0,Put VEX 3,VEX,0.0,,7700.0
2025-05-21 11:25:08,10200.0,10230.25,Put CEX 2,CEX,0.0,,7700.0
2025-05-21 11:25:08,10200.0,10230.25,Put VEX 2,VEX,0.0,,7700.0
2025-05-21 11:25:08,10400.0,10431.0,Put CEX 1,CEX,0.0,,7700.0
2025-05-21 11:25:08,10400.0,10431.0,Put VEX 1,VEX,0.0,,7700.0
2025-05-21 11:25:08,12000.0,12035.75,Call CEX 1,CEX,0.0,,7700.0
2025-05-21 11:25:08,12000.0,12035.75,Call VEX 1,VEX,0.0,,7700.0
2025-05-21 11:26:29,200.0,200.5,Call CEX 2,CEX,0.0,,7700.0
2025-05-21 11:26:29,200.0,200.5,Call VEX 2,VEX,0.0,,7700.0
2025-05-21 11:26:29,400.0,401.25,Call CEX 3,CEX,0.0,,7700.0
2025-05-21 11:26:29,400.0,401.25,Call VEX 3,VEX,0.0,,7700.0
2025-05-21 11:26:29,600.0,601.75,Call CEX 4,CEX,0.0,,7700.0
2025-05-21 11:26:29,600.0,601.75,Call VEX 4,VEX,0.0,,7700.0
2025-05-21 11:26:29,800.0,802.25,Call CEX 5,CEX,0.0,,7700.0
2025-05-21 11:26:29,800.0,802.25,Call VEX 5,VEX,0.0,,7700.0
2025-05-21 11:26:29,4000.0,4011.75,Call DEX 1,DEX,876.934,,7700.0
2025-05-21 11:26:29,4800.0,4814.0,Put DEX 1,DEX,-261.227,,7700.0
2025-05-21 11:26:29,4800.0,4814.0,Put GEX 1,GEX,-79786.644,,7700.0
2025-05-21 11:26:29,4850.0,4864.0,Put DEX 2,DEX,-224.694,,7700.0
2025-05-21 11:26:29,4850.0,4864.0,Put GEX 2,GEX,-69925.933,,7700.0
2025-05-21 11:26:29,5000.0,5014.5,Call DEX 2,DEX,728.14,,7700.0
2025-05-21 11:26:29,5200.0,5215.25,Put DEX 5,DEX,-58.02,,7700.0
2025-05-21 11:26:29,5200.0,5215.25,Put GEX 4,GEX,-45010.995,,7700.0
2025-05-21 11:26:29,5300.0,5315.5,Put GEX 5,GEX,-29602.795,,7700.0
2025-05-21 11:26:29,5310.0,5325.5,Put DEX 3,DEX,-87.476,,7700.0
2025-05-21 11:26:29,5310.0,5325.5,Put GEX 3,GEX,-49544.196,,7700.0
2025-05-21 11:26:29,5905.0,5922.25,Call DEX 3,DEX,125.476,,7700.0
2025-05-21 11:26:29,5905.0,5922.25,Call GEX 3,GEX,125976.87,,7700.0
2025-05-21 11:26:29,6000.0,6017.5,Put DEX 4,DEX,-67.747,,7700.0
2025-05-21 11:26:29,6000.0,6017.5,Call GEX 2,GEX,169161.613,,7700.0
2025-05-21 11:26:29,6050.0,6067.5,Call GEX 5,GEX,75613.686,,7700.0
2025-05-21 11:26:29,6100.0,6117.75,Call DEX 4,DEX,104.366,,7700.0
2025-05-21 11:26:29,6100.0,6117.75,Call GEX 1,GEX,169450.134,,7700.0
2025-05-21 11:26:29,6200.0,6218.0,Call GEX 4,GEX,91205.648,,7700.0
2025-05-21 11:26:29,6400.0,6418.75,Call DEX 5,DEX,97.598,,7700.0
2025-05-21 11:26:29,9600.0,9628.0,Put CEX 5,CEX,0.0,,7700.0
2025-05-21 11:26:29,9600.0,9628.0,Put VEX 5,VEX,0.0,,7700.0
2025-05-21 11:26:29,10000.0,10029.0,Put CEX 4,CEX,0.0,,7700.0
2025-05-21 11:26:29,10000.0,10029.0,Put VEX 4,VEX,0.0,,7700.0
2025-05-21 11:26:29,10100.0,10129.5,Put CEX 3,CEX,0.0,,7700.0
2025-05-21 11:26:29,10100.0,10129.5,Put VEX 3,VEX,0.0,,7700.0
2025-05-21 11:26:29,10200.0,10229.75,Put CEX 2,CEX,0.0,,7700.0
2025-05-21 11:26:29,10200.0,10229.75,Put VEX 2,VEX,0.0,,7700.0
2025-05-21 11:26:29,10400.0,10430.25,Put CEX 1,CEX,0.0,,7700.0
2025-05-21 11:26:29,10400.0,10430.25,Put VEX 1,VEX,0.0,,7700.0
2025-05-21 11:26:29,12000.0,12035.0,Call CEX 1,CEX,0.0,,7700.0
2025-05-21 11:26:29,12000.0,12035.0,Call VEX 1,VEX,0.0,,7700.0
2025-05-21 11:27:49,200.0,200.5,Call CEX 2,CEX,0.0,,7700.0
2025-05-21 11:27:49,200.0,200.5,Call VEX 2,VEX,0.0,,7700.0
2025-05-21 11:27:49,400.0,401.25,Call CEX 3,CEX,0.0,,7700.0
2025-05-21 11:27:49,400.0,401.25,Call VEX 3,VEX,0.0,,7700.0
2025-05-21 11:27:49,600.0,601.75,Call CEX 4,CEX,0.0,,7700.0
2025-05-21 11:27:49,600.0,601.75,Call VEX 4,VEX,0.0,,7700.0
2025-05-21 11:27:49,800.0,802.25,Call CEX 5,CEX,0.0,,7700.0
2025-05-21 11:27:49,800.0,802.25,Call VEX 5,VEX,0.0,,7700.0
2025-05-21 11:27:49,4000.0,4011.25,Call DEX 1,DEX,878.523,,7700.0
2025-05-21 11:27:49,4800.0,4813.5,Put DEX 1,DEX,-261.26,,7700.0
2025-05-21 11:27:49,4800.0,4813.5,Put GEX 1,GEX,-79453.562,,7700.0
2025-05-21 11:27:49,4850.0,4863.75,Put DEX 2,DEX,-224.743,,7700.0
2025-05-21 11:27:49,4850.0,4863.75,Put GEX 2,GEX,-69620.046,,7700.0
2025-05-21 11:27:49,5000.0,5014.25,Call DEX 2,DEX,731.591,,7700.0
2025-05-21 11:27:49,5200.0,5214.75,Put DEX 5,DEX,-57.591,,7700.0
2025-05-21 11:27:49,5200.0,5214.75,Put GEX 4,GEX,-44521.87,,7700.0
2025-05-21 11:27:49,5300.0,5315.0,Put GEX 5,GEX,-29196.072,,7700.0
2025-05-21 11:27:49,5310.0,5325.0,Put DEX 3,DEX,-87.314,,7700.0
2025-05-21 11:27:49,5310.0,5325.0,Put GEX 3,GEX,-49187.14,,7700.0
2025-05-21 11:27:49,5905.0,5921.75,Call DEX 3,DEX,126.597,,7700.0
2025-05-21 11:27:49,5905.0,5921.75,Call GEX 3,GEX,127610.585,,7700.0
2025-05-21 11:27:49,6000.0,6017.0,Put DEX 4,DEX,-59.587,,7700.0
2025-05-21 11:27:49,6000.0,6017.0,Call GEX 1,GEX,181250.849,,7700.0
2025-05-21 11:27:49,6050.0,6067.25,Call GEX 5,GEX,77681.706,,7700.0
2025-05-21 11:27:49,6100.0,6117.25,Call DEX 4,DEX,105.375,,7700.0
2025-05-21 11:27:49,6100.0,6117.25,Call GEX 2,GEX,173652.49,,7700.0
2025-05-21 11:27:49,6200.0,6217.5,Call GEX 4,GEX,92927.411,,7700.0
2025-05-21 11:27:49,6400.0,6418.25,Call DEX 5,DEX,97.667,,7700.0
2025-05-21 11:27:49,9600.0,9627.25,Put CEX 5,CEX,0.0,,7700.0
2025-05-21 11:27:49,9600.0,9627.25,Put VEX 5,VEX,0.0,,7700.0
2025-05-21 11:27:49,10000.0,10028.5,Put CEX 4,CEX,0.0,,7700.0
2025-05-21 11:27:49,10000.0,10028.5,Put VEX 4,VEX,0.0,,7700.0
2025-05-21 11:27:49,10100.0,10128.75,Put CEX 3,CEX,0.0,,7700.0
2025-05-21 11:27:49,10100.0,10128.75,Put VEX 3,VEX,0.0,,7700.0
2025-05-21 11:27:49,10200.0,10229.0,Put CEX 2,CEX,0.0,,7700.0
2025-05-21 11:27:49,10200.0,10229.0,Put VEX 2,VEX,0.0,,7700.0
2025-05-21 11:27:49,10400.0,10429.5,Put CEX 1,CEX,0.0,,7700.0
2025-05-21 11:27:49,10400.0,10429.5,Put VEX 1,VEX,0.0,,7700.0
2025-05-21 11:27:49,12000.0,12034.0,Call CEX 1,CEX,0.0,,7700.0
2025-05-21 11:27:49,12000.0,12034.0,Call VEX 1,VEX,0.0,,7700.0
2025-05-21 11:29:09,200.0,200.5,Call CEX 2,CEX,0.0,,7700.0
2025-05-21 11:29:09,200.0,200.5,Call VEX 2,VEX,0.0,,7700.0
2025-05-21 11:29:09,400.0,401.25,Call CEX 3,CEX,0.0,,7700.0
2025-05-21 11:29:09,400.0,401.25,Call VEX 3,VEX,0.0,,7700.0
2025-05-21 11:29:09,600.0,601.75,Call CEX 4,CEX,0.0,,7700.0
2025-05-21 11:29:09,600.0,601.75,Call VEX 4,VEX,0.0,,7700.0
2025-05-21 11:29:09,800.0,802.5,Call CEX 5,CEX,0.0,,7700.0
2025-05-21 11:29:09,800.0,802.5,Call VEX 5,VEX,0.0,,7700.0
2025-05-21 11:29:09,4000.0,4012.25,Call DEX 1,DEX,879.187,,7700.0
2025-05-21 11:29:09,4800.0,4814.75,Put DEX 1,DEX,-261.287,,7700.0
2025-05-21 11:29:09,4800.0,4814.75,Put GEX 1,GEX,-79323.749,,7700.0
2025-05-21 11:29:09,4850.0,4865.0,Put DEX 2,DEX,-224.781,,7700.0
2025-05-21 11:29:09,4850.0,4865.0,Put GEX 2,GEX,-69504.456,,7700.0
2025-05-21 11:29:09,5000.0,5015.25,Call DEX 2,DEX,733.691,,7700.0
2025-05-21 11:29:09,5200.0,5216.0,Put DEX 4,DEX,-57.44,,7700.0
2025-05-21 11:29:09,5200.0,5216.0,Put GEX 4,GEX,-44287.62,,7700.0
2025-05-21 11:29:09,5300.0,5316.25,Put GEX 5,GEX,-29011.11,,7700.0
2025-05-21 11:29:09,5310.0,5326.25,Put DEX 3,DEX,-87.297,,7700.0
2025-05-21 11:29:09,5310.0,5326.25,Put GEX 3,GEX,-49025.487,,7700.0
2025-05-21 11:29:09,5905.0,5923.25,Call DEX 3,DEX,126.972,,7700.0
2025-05-21 11:29:09,5905.0,5923.25,Call GEX 3,GEX,128388.357,,7700.0
2025-05-21 11:29:09,6000.0,6018.5,Put DEX 5,DEX,-56.471,,7700.0
2025-05-21 11:29:09,6000.0,6018.5,Call GEX 1,GEX,189936.246,,7700.0
2025-05-21 11:29:09,6050.0,6068.5,Call GEX 5,GEX,78548.817,,7700.0
2025-05-21 11:29:09,6100.0,6118.75,Call DEX 4,DEX,105.738,,7700.0
2025-05-21 11:29:09,6100.0,6118.75,Call GEX 2,GEX,175496.475,,7700.0
2025-05-21 11:29:09,6200.0,6219.0,Call GEX 4,GEX,93734.825,,7700.0
2025-05-21 11:29:09,6400.0,6419.75,Call DEX 5,DEX,97.698,,7700.0
2025-05-21 11:29:09,9600.0,9629.5,Put CEX 5,CEX,0.0,,7700.0
2025-05-21 11:29:09,9600.0,9629.5,Put VEX 5,VEX,0.0,,7700.0
2025-05-21 11:29:09,10000.0,10030.75,Put CEX 4,CEX,0.0,,7700.0
2025-05-21 11:29:09,10000.0,10030.75,Put VEX 4,VEX,0.0,,7700.0
2025-05-21 11:29:09,10100.0,10131.0,Put CEX 3,CEX,0.0,,7700.0
2025-05-21 11:29:09,10100.0,10131.0,Put VEX 3,VEX,0.0,,7700.0
2025-05-21 11:29:09,10200.0,10231.25,Put CEX 2,CEX,0.0,,7700.0
2025-05-21 11:29:09,10200.0,10231.25,Put VEX 2,VEX,0.0,,7700.0
2025-05-21 11:29:09,10400.0,10432.0,Put CEX 1,CEX,0.0,,7700.0
2025-05-21 11:29:09,10400.0,10432.0,Put VEX 1,VEX,0.0,,7700.0
2025-05-21 11:29:09,12000.0,12036.75,Call CEX 1,CEX,0.0,,7700.0
2025-05-21 11:29:09,12000.0,12036.75,Call VEX 1,VEX,0.0,,7700.0
2025-05-21 11:30:30,200.0,200.5,Call CEX 2,CEX,0.0,,7700.0
2025-05-21 11:30:30,200.0,200.5,Call VEX 2,VEX,0.0,,7700.0
2025-05-21 11:30:30,400.0,401.25,Call CEX 3,CEX,0.0,,7700.0
2025-05-21 11:30:30,400.0,401.25,Call VEX 3,VEX,0.0,,7700.0
2025-05-21 11:30:30,600.0,601.75,Call CEX 4,CEX,0.0,,7700.0
2025-05-21 11:30:30,600.0,601.75,Call VEX 4,VEX,0.0,,7700.0
2025-05-21 11:30:30,800.0,802.25,Call CEX 5,CEX,0.0,,7700.0
2025-05-21 11:30:30,800.0,802.25,Call VEX 5,VEX,0.0,,7700.0
2025-05-21 11:30:30,4000.0,4011.75,Call DEX 1,DEX,878.421,,7700.0
2025-05-21 11:30:30,4800.0,4814.0,Put DEX 1,DEX,-261.258,,7700.0
2025-05-21 11:30:30,4800.0,4814.0,Put GEX 1,GEX,-79503.076,,7700.0
2025-05-21 11:30:30,4850.0,4864.25,Put DEX 2,DEX,-224.748,,7700.0
2025-05-21 11:30:30,4850.0,4864.25,Put GEX 2,GEX,-69661.634,,7700.0
2025-05-21 11:30:30,5000.0,5014.5,Call DEX 2,DEX,731.148,,7700.0
2025-05-21 11:30:30,5200.0,5215.25,Put DEX 5,DEX,-57.637,,7700.0
2025-05-21 11:30:30,5200.0,5215.25,Put GEX 4,GEX,-44545.443,,7700.0
2025-05-21 11:30:30,5300.0,5315.5,Put GEX 5,GEX,-29294.885,,7700.0
2025-05-21 11:30:30,5310.0,5325.5,Put DEX 3,DEX,-87.357,,7700.0
2025-05-21 11:30:30,5310.0,5325.5,Put GEX 3,GEX,-49217.141,,7700.0
2025-05-21 11:30:30,5905.0,5922.25,Call DEX 3,DEX,126.406,,7700.0
2025-05-21 11:30:30,5905.0,5922.25,Call GEX 3,GEX,128018.608,,7700.0
2025-05-21 11:30:30,6000.0,6017.5,Put DEX 4,DEX,-60.789,,7700.0
2025-05-21 11:30:30,6000.0,6017.5,Call GEX 1,GEX,183855.575,,7700.0
2025-05-21 11:30:30,6050.0,6067.75,Call GEX 5,GEX,77410.835,,7700.0
2025-05-21 11:30:30,6100.0,6117.75,Call DEX 4,DEX,105.234,,7700.0
2025-05-21 11:30:30,6100.0,6117.75,Call GEX 2,GEX,172986.721,,7700.0
2025-05-21 11:30:30,6200.0,6218.25,Call GEX 4,GEX,92756.084,,7700.0
2025-05-21 11:30:30,6400.0,6418.75,Call DEX 5,DEX,97.653,,7700.0
2025-05-21 11:30:30,9600.0,9628.0,Put CEX 5,CEX,0.0,,7700.0
2025-05-21 11:30:30,9600.0,9628.0,Put VEX 5,VEX,0.0,,7700.0
2025-05-21 11:30:30,10000.0,10029.25,Put CEX 4,CEX,0.0,,7700.0
2025-05-21 11:30:30,10000.0,10029.25,Put VEX 4,VEX,0.0,,7700.0
2025-05-21 11:30:30,10100.0,10129.5,Put CEX 3,CEX,0.0,,7700.0
2025-05-21 11:30:30,10100.0,10129.5,Put VEX 3,VEX,0.0,,7700.0
2025-05-21 11:30:30,10200.0,10229.75,Put CEX 2,CEX,0.0,,7700.0
2025-05-21 11:30:30,10200.0,10229.75,Put VEX 2,VEX,0.0,,7700.0
2025-05-21 11:30:30,10400.0,10430.5,Put CEX 1,CEX,0.0,,7700.0
2025-05-21 11:30:30,10400.0,10430.5,Put VEX 1,VEX,0.0,,7700.0
2025-05-21 11:30:30,12000.0,12035.0,Call CEX 1,CEX,0.0,,7700.0
2025-05-21 11:30:30,12000.0,12035.0,Call VEX 1,VEX,0.0,,7700.0
2025-05-21 11:31:53,200.0,200.5,Call CEX 2,CEX,0.0,,7700.0
2025-05-21 11:31:53,200.0,200.5,Call VEX 2,VEX,0.0,,7700.0
2025-05-21 11:31:53,400.0,401.25,Call CEX 3,CEX,0.0,,7700.0
2025-05-21 11:31:53,400.0,401.25,Call VEX 3,VEX,0.0,,7700.0
2025-05-21 11:31:53,600.0,601.75,Call CEX 4,CEX,0.0,,7700.0
2025-05-21 11:31:53,600.0,601.75,Call VEX 4,VEX,0.0,,7700.0
2025-05-21 11:31:53,800.0,802.5,Call CEX 5,CEX,0.0,,7700.0
2025-05-21 11:31:53,800.0,802.5,Call VEX 5,VEX,0.0,,7700.0
2025-05-21 11:31:53,4000.0,4012.25,Call DEX 1,DEX,878.634,,7700.0
2025-05-21 11:31:53,4800.0,4814.75,Put DEX 1,DEX,-261.282,,7700.0
2025-05-21 11:31:53,4800.0,4814.75,Put GEX 1,GEX,-79422.527,,7700.0
2025-05-21 11:31:53,4850.0,4865.0,Put DEX 2,DEX,-224.757,,7700.0
2025-05-21 11:31:53,4850.0,4865.0,Put GEX 2,GEX,-69593.502,,7700.0
2025-05-21 11:31:53,5000.0,5015.5,Call DEX 2,DEX,731.449,,7700.0
2025-05-21 11:31:53,5200.0,5216.0,Put DEX 5,DEX,-57.563,,7700.0
2025-05-21 11:31:53,5200.0,5216.0,Put GEX 4,GEX,-44450.54,,7700.0
2025-05-21 11:31:53,5300.0,5316.5,Put GEX 5,GEX,-29185.252,,7700.0
2025-05-21 11:31:53,5310.0,5326.5,Put DEX 3,DEX,-87.308,,7700.0
2025-05-21 11:31:53,5310.0,5326.5,Put GEX 3,GEX,-49150.018,,7700.0
2025-05-21 11:31:53,5905.0,5923.25,Call DEX 3,DEX,126.685,,7700.0
2025-05-21 11:31:53,5905.0,5923.25,Call GEX 3,GEX,127348.023,,7700.0
2025-05-21 11:31:53,6000.0,6018.5,Put DEX 4,DEX,-58.887,,7700.0
2025-05-21 11:31:53,6000.0,6018.5,Call GEX 1,GEX,182590.8,,7700.0
2025-05-21 11:31:53,6050.0,6068.75,Call GEX 5,GEX,77697.847,,7700.0
2025-05-21 11:31:53,6100.0,6118.75,Call DEX 4,DEX,105.466,,7700.0
2025-05-21 11:31:53,6100.0,6118.75,Call GEX 2,GEX,173784.275,,7700.0
2025-05-21 11:31:53,6200.0,6219.25,Call GEX 4,GEX,92885.969,,7700.0
2025-05-21 11:31:53,6400.0,6419.75,Call DEX 5,DEX,97.67,,7700.0
2025-05-21 11:31:53,9600.0,9629.75,Put CEX 5,CEX,0.0,,7700.0
2025-05-21 11:31:53,9600.0,9629.75,Put VEX 5,VEX,0.0,,7700.0
2025-05-21 11:31:53,10000.0,10031.0,Put CEX 4,CEX,0.0,,7700.0
2025-05-21 11:31:53,10000.0,10031.0,Put VEX 4,VEX,0.0,,7700.0
2025-05-21 11:31:53,10100.0,10131.25,Put CEX 3,CEX,0.0,,7700.0
2025-05-21 11:31:53,10100.0,10131.25,Put VEX 3,VEX,0.0,,7700.0
2025-05-21 11:31:53,10200.0,10231.5,Put CEX 2,CEX,0.0,,7700.0
2025-05-21 11:31:53,10200.0,10231.5,Put VEX 2,VEX,0.0,,7700.0
2025-05-21 11:31:53,10400.0,10432.25,Put CEX 1,CEX,0.0,,7700.0
2025-05-21 11:31:53,10400.0,10432.25,Put VEX 1,VEX,0.0,,7700.0
2025-05-21 11:31:53,12000.0,12037.0,Call CEX 1,CEX,0.0,,7700.0
2025-05-21 11:31:53,12000.0,12037.0,Call VEX 1,VEX,0.0,,7700.0
2025-05-21 11:33:15,200.0,200.5,Call CEX 2,CEX,0.0,,7700.0
2025-05-21 11:33:15,200.0,200.5,Call VEX 2,VEX,0.0,,7700.0
2025-05-21 11:33:15,400.0,401.25,Call CEX 3,CEX,0.0,,7700.0
2025-05-21 11:33:15,400.0,401.25,Call VEX 3,VEX,0.0,,7700.0
2025-05-21 11:33:15,600.0,601.75,Call CEX 4,CEX,0.0,,7700.0
2025-05-21 11:33:15,600.0,601.75,Call VEX 4,VEX,0.0,,7700.0
2025-05-21 11:33:15,800.0,802.25,Call CEX 5,CEX,0.0,,7700.0
2025-05-21 11:33:15,800.0,802.25,Call VEX 5,VEX,0.0,,7700.0
2025-05-21 11:33:15,4000.0,4011.5,Call DEX 1,DEX,879.855,,7700.0
2025-05-21 11:33:15,4800.0,4813.75,Put DEX 1,DEX,-261.283,,7700.0
2025-05-21 11:33:15,4800.0,4813.75,Put GEX 1,GEX,-79208.03,,7700.0
2025-05-21 11:33:15,4850.0,4864.0,Put DEX 2,DEX,-224.79,,7700.0
2025-05-21 11:33:15,4850.0,4864.0,Put GEX 2,GEX,-69409.69,,7700.0
2025-05-21 11:33:15,5000.0,5014.5,Call DEX 2,DEX,736.902,,7700.0
2025-05-21 11:33:15,5200.0,5215.0,Put DEX 4,DEX,-57.236,,7700.0
2025-05-21 11:33:15,5200.0,5215.0,Put GEX 4,GEX,-44071.248,,7700.0
2025-05-21 11:33:15,5300.0,5315.25,Put GEX 5,GEX,-28710.397,,7700.0
2025-05-21 11:33:15,5310.0,5325.25,Put DEX 3,DEX,-87.245,,7700.0
2025-05-21 11:33:15,5310.0,5325.25,Put GEX 3,GEX,-48868.126,,7700.0
2025-05-21 11:33:15,5905.0,5922.0,Call DEX 3,DEX,127.291,,7700.0
2025-05-21 11:33:15,5905.0,5922.0,Call GEX 3,GEX,130805.032,,7700.0
2025-05-21 11:33:15,6000.0,6017.25,Put DEX 5,DEX,-53.597,,7700.0
2025-05-21 11:33:15,6000.0,6017.25,Call GEX 1,GEX,210352.634,,7700.0
2025-05-21 11:33:15,6050.0,6067.5,Call GEX 5,GEX,80092.983,,7700.0
2025-05-21 11:33:15,6100.0,6117.75,Call DEX 4,DEX,105.956,,7700.0
2025-05-21 11:33:15,6100.0,6117.75,Call GEX 2,GEX,177524.123,,7700.0
2025-05-21 11:33:15,6200.0,6218.0,Call GEX 4,GEX,94523.235,,7700.0
2025-05-21 11:33:15,6400.0,6418.5,Call DEX 5,DEX,97.702,,7700.0
2025-05-21 11:33:15,9600.0,9627.75,Put CEX 5,CEX,0.0,,7700.0
2025-05-21 11:33:15,9600.0,9627.75,Put VEX 5,VEX,0.0,,7700.0
2025-05-21 11:33:15,10000.0,10029.0,Put CEX 4,CEX,0.0,,7700.0
2025-05-21 11:33:15,10000.0,10029.0,Put VEX 4,VEX,0.0,,7700.0
2025-05-21 11:33:15,10100.0,10129.25,Put CEX 3,CEX,0.0,,7700.0
2025-05-21 11:33:15,10100.0,10129.25,Put VEX 3,VEX,0.0,,7700.0
2025-05-21 11:33:15,10200.0,10229.5,Put CEX 2,CEX,0.0,,7700.0
2025-05-21 11:33:15,10200.0,10229.5,Put VEX 2,VEX,0.0,,7700.0
2025-05-21 11:33:15,10400.0,10430.0,Put CEX 1,CEX,0.0,,7700.0
2025-05-21 11:33:15,10400.0,10430.0,Put VEX 1,VEX,0.0,,7700.0
2025-05-21 11:33:15,12000.0,12034.75,Call CEX 1,CEX,0.0,,7700.0
2025-05-21 11:33:15,12000.0,12034.75,Call VEX 1,VEX,0.0,,7700.0
2025-05-21 11:34:36,200.0,200.5,Call CEX 2,CEX,0.0,,7700.0
2025-05-21 11:34:36,200.0,200.5,Call VEX 2,VEX,0.0,,7700.0
2025-05-21 11:34:36,400.0,401.25,Call CEX 3,CEX,0.0,,7700.0
2025-05-21 11:34:36,400.0,401.25,Call VEX 3,VEX,0.0,,7700.0
2025-05-21 11:34:36,600.0,601.75,Call CEX 4,CEX,0.0,,7700.0
2025-05-21 11:34:36,600.0,601.75,Call VEX 4,VEX,0.0,,7700.0
2025-05-21 11:34:36,800.0,802.25,Call CEX 5,CEX,0.0,,7700.0
2025-05-21 11:34:36,800.0,802.25,Call VEX 5,VEX,0.0,,7700.0
2025-05-21 11:34:36,4000.0,4011.5,Call DEX 1,DEX,878.616,,7700.0
2025-05-21 11:34:36,4800.0,4814.0,Put DEX 1,DEX,-261.271,,7700.0
2025-05-21 11:34:36,4800.0,4814.0,Put GEX 1,GEX,-79398.941,,7700.0
2025-05-21 11:34:36,4850.0,4864.0,Put DEX 2,DEX,-224.75,,7700.0
2025-05-21 11:34:36,4850.0,4864.0,Put GEX 2,GEX,-69567.248,,7700.0
2025-05-21 11:34:36,5000.0,5014.5,Call DEX 2,DEX,731.262,,7700.0
2025-05-21 11:34:36,5200.0,5215.0,Put DEX 5,DEX,-57.56,,7700.0
2025-05-21 11:34:36,5200.0,5215.0,Put GEX 4,GEX,-44490.738,,7700.0
2025-05-21 11:34:36,5300.0,5315.25,Put GEX 5,GEX,-29282.021,,7700.0
2025-05-21 11:34:36,5310.0,5325.5,Put DEX 3,DEX,-87.266,,7700.0
2025-05-21 11:34:36,5310.0,5325.5,Put GEX 3,GEX,-49182.773,,7700.0
2025-05-21 11:34:36,5905.0,5922.0,Call DEX 3,DEX,126.821,,7700.0
2025-05-21 11:34:36,5905.0,5922.0,Call GEX 3,GEX,127239.548,,7700.0
2025-05-21 11:34:36,6000.0,6017.5,Put DEX 4,DEX,-58.495,,7700.0
2025-05-21 11:34:36,6000.0,6017.5,Call GEX 1,GEX,176341.709,,7700.0
2025-05-21 11:34:36,6050.0,6067.5,Call GEX 5,GEX,77623.965,,7700.0
2025-05-21 11:34:36,6100.0,6117.75,Call DEX 4,DEX,105.455,,7700.0
2025-05-21 11:34:36,6100.0,6117.75,Call GEX 2,GEX,173879.763,,7700.0
2025-05-21 11:34:36,6200.0,6218.0,Call GEX 4,GEX,93221.082,,7700.0
2025-05-21 11:34:36,6400.0,6418.5,Call DEX 5,DEX,97.666,,7700.0
2025-05-21 11:34:36,9600.0,9627.75,Put CEX 5,CEX,0.0,,7700.0
2025-05-21 11:34:36,9600.0,9627.75,Put VEX 5,VEX,0.0,,7700.0
2025-05-21 11:34:36,10000.0,10029.0,Put CEX 4,CEX,0.0,,7700.0
2025-05-21 11:34:36,10000.0,10029.0,Put VEX 4,VEX,0.0,,7700.0
2025-05-21 11:34:36,10100.0,10129.25,Put CEX 3,CEX,0.0,,7700.0
2025-05-21 11:34:36,10100.0,10129.25,Put VEX 3,VEX,0.0,,7700.0
2025-05-21 11:34:36,10200.0,10229.5,Put CEX 2,CEX,0.0,,7700.0
2025-05-21 11:34:36,10200.0,10229.5,Put VEX 2,VEX,0.0,,7700.0
2025-05-21 11:34:36,10400.0,10430.0,Put CEX 1,CEX,0.0,,7700.0
2025-05-21 11:34:36,10400.0,10430.0,Put VEX 1,VEX,0.0,,7700.0
2025-05-21 11:34:36,12000.0,12034.75,Call CEX 1,CEX,0.0,,7700.0
2025-05-21 11:34:36,12000.0,12034.75,Call VEX 1,VEX,0.0,,7700.0
2025-05-21 11:35:56,200.0,200.5,Call CEX 2,CEX,0.0,,7700.0
2025-05-21 11:35:56,200.0,200.5,Call VEX 2,VEX,0.0,,7700.0
2025-05-21 11:35:56,400.0,401.25,Call CEX 3,CEX,0.0,,7700.0
2025-05-21 11:35:56,400.0,401.25,Call VEX 3,VEX,0.0,,7700.0
2025-05-21 11:35:56,600.0,601.75,Call CEX 4,CEX,0.0,,7700.0
2025-05-21 11:35:56,600.0,601.75,Call VEX 4,VEX,0.0,,7700.0
2025-05-21 11:35:56,800.0,802.25,Call CEX 5,CEX,0.0,,7700.0
2025-05-21 11:35:56,800.0,802.25,Call VEX 5,VEX,0.0,,7700.0
2025-05-21 11:35:56,4000.0,4011.75,Call DEX 1,DEX,879.189,,7700.0
2025-05-21 11:35:56,4800.0,4814.0,Put DEX 1,DEX,-261.282,,7700.0
2025-05-21 11:35:56,4800.0,4814.0,Put GEX 1,GEX,-79224.078,,7700.0
2025-05-21 11:35:56,4850.0,4864.25,Put DEX 2,DEX,-224.751,,7700.0
2025-05-21 11:35:56,4850.0,4864.25,Put GEX 2,GEX,-69416.509,,7700.0
2025-05-21 11:35:56,5000.0,5014.75,Call DEX 2,DEX,733.116,,7700.0
2025-05-21 11:35:56,5200.0,5215.25,Put DEX 4,DEX,-57.417,,7700.0
2025-05-21 11:35:56,5200.0,5215.25,Put GEX 4,GEX,-44325.805,,7700.0
2025-05-21 11:35:56,5300.0,5315.5,Put GEX 5,GEX,-29116.202,,7700.0
2025-05-21 11:35:56,5310.0,5325.5,Put DEX 3,DEX,-87.174,,7700.0
2025-05-21 11:35:56,5310.0,5325.5,Put GEX 3,GEX,-49012.618,,7700.0
2025-05-21 11:35:56,5905.0,5922.25,Call DEX 3,DEX,127.444,,7700.0
2025-05-21 11:35:56,5905.0,5922.25,Call GEX 3,GEX,128305.614,,7700.0
2025-05-21 11:35:56,6000.0,6017.75,Put DEX 5,DEX,-54.093,,7700.0
2025-05-21 11:35:56,6000.0,6017.75,Call GEX 1,GEX,183486.261,,7700.0
2025-05-21 11:35:56,6050.0,6067.75,Call GEX 5,GEX,78613.113,,7700.0
2025-05-21 11:35:56,6100.0,6118.0,Call DEX 4,DEX,105.955,,7700.0
2025-05-21 11:35:56,6100.0,6118.0,Call GEX 2,GEX,175993.948,,7700.0
2025-05-21 11:35:56,6200.0,6218.25,Call GEX 4,GEX,94183.578,,7700.0
2025-05-21 11:35:56,6400.0,6418.75,Call DEX 5,DEX,97.705,,7700.0
2025-05-21 11:35:56,9600.0,9628.25,Put CEX 5,CEX,0.0,,7700.0
2025-05-21 11:35:56,9600.0,9628.25,Put VEX 5,VEX,0.0,,7700.0
2025-05-21 11:35:56,10000.0,10029.5,Put CEX 4,CEX,0.0,,7700.0
2025-05-21 11:35:56,10000.0,10029.5,Put VEX 4,VEX,0.0,,7700.0
2025-05-21 11:35:56,10100.0,10129.75,Put CEX 3,CEX,0.0,,7700.0
2025-05-21 11:35:56,10100.0,10129.75,Put VEX 3,VEX,0.0,,7700.0
2025-05-21 11:35:56,10200.0,10230.0,Put CEX 2,CEX,0.0,,7700.0
2025-05-21 11:35:56,10200.0,10230.0,Put VEX 2,VEX,0.0,,7700.0
2025-05-21 11:35:56,10400.0,10430.5,Put CEX 1,CEX,0.0,,7700.0
2025-05-21 11:35:56,10400.0,10430.5,Put VEX 1,VEX,0.0,,7700.0
2025-05-21 11:35:56,12000.0,12035.25,Call CEX 1,CEX,0.0,,7700.0
2025-05-21 11:35:56,12000.0,12035.25,Call VEX 1,VEX,0.0,,7700.0
2025-05-21 11:37:16,200.0,200.5,Call CEX 2,CEX,0.0,,7700.0
2025-05-21 11:37:16,200.0,200.5,Call VEX 2,VEX,0.0,,7700.0
2025-05-21 11:37:16,400.0,401.25,Call CEX 3,CEX,0.0,,7700.0
2025-05-21 11:37:16,400.0,401.25,Call VEX 3,VEX,0.0,,7700.0
2025-05-21 11:37:16,600.0,601.75,Call CEX 4,CEX,0.0,,7700.0
2025-05-21 11:37:16,600.0,601.75,Call VEX 4,VEX,0.0,,7700.0
2025-05-21 11:37:16,800.0,802.25,Call CEX 5,CEX,0.0,,7700.0
2025-05-21 11:37:16,800.0,802.25,Call VEX 5,VEX,0.0,,7700.0
2025-05-21 11:37:16,4000.0,4011.75,Call DEX 1,DEX,879.685,,7700.0
2025-05-21 11:37:16,4800.0,4814.0,Put DEX 1,DEX,-261.285,,7700.0
2025-05-21 11:37:16,4800.0,4814.0,Put GEX 1,GEX,-79122.5,,7700.0
2025-05-21 11:37:16,4850.0,4864.25,Put DEX 2,DEX,-224.748,,7700.0
2025-05-21 11:37:16,4850.0,4864.25,Put GEX 2,GEX,-69318.766,,7700.0
2025-05-21 11:37:16,5000.0,5014.5,Call DEX 2,DEX,732.703,,7700.0
2025-05-21 11:37:16,5200.0,5215.25,Put DEX 4,DEX,-57.36,,7700.0
2025-05-21 11:37:16,5200.0,5215.25,Put GEX 4,GEX,-44277.393,,7700.0
2025-05-21 11:37:16,5300.0,5315.5,Put GEX 5,GEX,-29162.543,,7700.0
2025-05-21 11:37:16,5310.0,5325.5,Put DEX 3,DEX,-87.113,,7700.0
2025-05-21 11:37:16,5310.0,5325.5,Put GEX 3,GEX,-48963.964,,7700.0
2025-05-21 11:37:16,5905.0,5922.25,Call DEX 3,DEX,127.888,,7700.0
2025-05-21 11:37:16,5905.0,5922.25,Call GEX 3,GEX,128071.152,,7700.0
2025-05-21 11:37:16,6000.0,6017.5,Put DEX 5,DEX,-50.968,,7700.0
2025-05-21 11:37:16,6000.0,6017.5,Call GEX 1,GEX,179912.43,,7700.0
2025-05-21 11:37:16,6050.0,6067.75,Call GEX 5,GEX,78639.354,,7700.0
2025-05-21 11:37:16,6100.0,6117.75,Call DEX 4,DEX,106.339,,7700.0
2025-05-21 11:37:16,6100.0,6117.75,Call GEX 2,GEX,176796.685,,7700.0
2025-05-21 11:37:16,6200.0,6218.0,Call GEX 4,GEX,94703.564,,7700.0
2025-05-21 11:37:16,6400.0,6418.75,Call DEX 5,DEX,97.733,,7700.0
2025-05-21 11:37:16,9600.0,9628.0,Put CEX 5,CEX,0.0,,7700.0
2025-05-21 11:37:16,9600.0,9628.0,Put VEX 5,VEX,0.0,,7700.0
2025-05-21 11:37:16,10000.0,10029.25,Put CEX 4,CEX,0.0,,7700.0
2025-05-21 11:37:16,10000.0,10029.25,Put VEX 4,VEX,0.0,,7700.0
2025-05-21 11:37:16,10100.0,10129.5,Put CEX 3,CEX,0.0,,7700.0
2025-05-21 11:37:16,10100.0,10129.5,Put VEX 3,VEX,0.0,,7700.0
2025-05-21 11:37:16,10200.0,10229.75,Put CEX 2,CEX,0.0,,7700.0
2025-05-21 11:37:16,10200.0,10229.75,Put VEX 2,VEX,0.0,,7700.0
2025-05-21 11:37:16,10400.0,10430.25,Put CEX 1,CEX,0.0,,7700.0
2025-05-21 11:37:16,10400.0,10430.25,Put VEX 1,VEX,0.0,,7700.0
2025-05-21 11:37:16,12000.0,12035.0,Call CEX 1,CEX,0.0,,7700.0
2025-05-21 11:37:16,12000.0,12035.0,Call VEX 1,VEX,0.0,,7700.0
2025-05-21 11:38:36,200.0,200.5,Call CEX 2,CEX,0.0,,7700.0
2025-05-21 11:38:36,200.0,200.5,Call VEX 2,VEX,0.0,,7700.0
2025-05-21 11:38:36,400.0,401.25,Call CEX 3,CEX,0.0,,7700.0
2025-05-21 11:38:36,400.0,401.25,Call VEX 3,VEX,0.0,,7700.0
2025-05-21 11:38:36,600.0,601.75,Call CEX 4,CEX,0.0,,7700.0
2025-05-21 11:38:36,600.0,601.75,Call VEX 4,VEX,0.0,,7700.0
2025-05-21 11:38:36,800.0,802.25,Call CEX 5,CEX,0.0,,7700.0
2025-05-21 11:38:36,800.0,802.25,Call VEX 5,VEX,0.0,,7700.0
2025-05-21 11:38:36,4000.0,4011.5,Call DEX 1,DEX,881.183,,7700.0
2025-05-21 11:38:36,4800.0,4813.75,Put DEX 1,DEX,-261.267,,7700.0
2025-05-21 11:38:36,4800.0,4813.75,Put GEX 1,GEX,-78906.918,,7700.0
2025-05-21 11:38:36,4850.0,4864.0,Put DEX 2,DEX,-224.805,,7700.0
2025-05-21 11:38:36,4850.0,4864.0,Put GEX 2,GEX,-69146.698,,7700.0
2025-05-21 11:38:36,4900.0,4914.25,Put DEX 5,DEX,-49.498,,7700.0
2025-05-21 11:38:36,5000.0,5014.5,Call DEX 2,DEX,742.627,,7700.0
2025-05-21 11:38:36,5200.0,5215.0,Put DEX 4,DEX,-56.654,,7700.0
2025-05-21 11:38:36,5200.0,5215.0,Put GEX 4,GEX,-43519.174,,7700.0
2025-05-21 11:38:36,5300.0,5315.25,Put GEX 5,GEX,-28387.604,,7700.0
2025-05-21 11:38:36,5310.0,5325.25,Put DEX 3,DEX,-87.1,,7700.0
2025-05-21 11:38:36,5310.0,5325.25,Put GEX 3,GEX,-48521.637,,7700.0
2025-05-21 11:38:36,5905.0,5922.0,Call DEX 3,DEX,128.326,,7700.0
2025-05-21 11:38:36,5905.0,5922.0,Call GEX 3,GEX,133964.384,,7700.0
2025-05-21 11:38:36,6000.0,6017.25,Call GEX 1,GEX,235619.552,,7700.0
2025-05-21 11:38:36,6050.0,6067.5,Call GEX 5,GEX,82795.338,,7700.0
2025-05-21 11:38:36,6100.0,6117.5,Call DEX 4,DEX,106.886,,7700.0
2025-05-21 11:38:36,6100.0,6117.5,Call GEX 2,GEX,182893.011,,7700.0
2025-05-21 11:38:36,6200.0,6218.0,Call GEX 4,GEX,96715.495,,7700.0
2025-05-21 11:38:36,6400.0,6418.5,Call DEX 5,DEX,97.764,,7700.0
2025-05-21 11:38:36,9600.0,9627.75,Put CEX 5,CEX,0.0,,7700.0
2025-05-21 11:38:36,9600.0,9627.75,Put VEX 5,VEX,0.0,,7700.0
2025-05-21 11:38:36,10000.0,10028.75,Put CEX 4,CEX,0.0,,7700.0
2025-05-21 11:38:36,10000.0,10028.75,Put VEX 4,VEX,0.0,,7700.0
2025-05-21 11:38:36,10100.0,10129.25,Put CEX 3,CEX,0.0,,7700.0
2025-05-21 11:38:36,10100.0,10129.25,Put VEX 3,VEX,0.0,,7700.0
2025-05-21 11:38:36,10200.0,10229.5,Put CEX 2,CEX,0.0,,7700.0
2025-05-21 11:38:36,10200.0,10229.5,Put VEX 2,VEX,0.0,,7700.0
2025-05-21 11:38:36,10400.0,10430.0,Put CEX 1,CEX,0.0,,7700.0
2025-05-21 11:38:36,10400.0,10430.0,Put VEX 1,VEX,0.0,,7700.0
2025-05-21 11:38:36,12000.0,12034.75,Call CEX 1,CEX,0.0,,7700.0
2025-05-21 11:38:36,12000.0,12034.75,Call VEX 1,VEX,0.0,,7700.0
2025-05-21 11:39:57,200.0,200.5,Call CEX 2,CEX,0.0,,7700.0
2025-05-21 11:39:57,200.0,200.5,Call VEX 2,VEX,0.0,,7700.0
2025-05-21 11:39:57,400.0,401.25,Call CEX 3,CEX,0.0,,7700.0
2025-05-21 11:39:57,400.0,401.25,Call VEX 3,VEX,0.0,,7700.0
2025-05-21 11:39:57,600.0,601.75,Call CEX 4,CEX,0.0,,7700.0
2025-05-21 11:39:57,600.0,601.75,Call VEX 4,VEX,0.0,,7700.0
2025-05-21 11:39:57,800.0,802.25,Call CEX 5,CEX,0.0,,7700.0
2025-05-21 11:39:57,800.0,802.25,Call VEX 5,VEX,0.0,,7700.0
2025-05-21 11:39:57,4000.0,4011.5,Call DEX 1,DEX,879.241,,7700.0
2025-05-21 11:39:57,4800.0,4813.75,Put DEX 1,DEX,-261.255,,7700.0
2025-05-21 11:39:57,4800.0,4813.75,Put GEX 1,GEX,-79341.95,,7700.0
2025-05-21 11:39:57,4850.0,4864.0,Put DEX 2,DEX,-224.739,,7700.0
2025-05-21 11:39:57,4850.0,4864.0,Put GEX 2,GEX,-69528.571,,7700.0
2025-05-21 11:39:57,5000.0,5014.5,Call DEX 2,DEX,733.998,,7700.0
2025-05-21 11:39:57,5200.0,5215.0,Put DEX 4,DEX,-57.39,,7700.0
2025-05-21 11:39:57,5200.0,5215.0,Put GEX 4,GEX,-44311.615,,7700.0
2025-05-21 11:39:57,5300.0,5315.25,Put GEX 5,GEX,-29037.463,,7700.0
2025-05-21 11:39:57,5310.0,5325.25,Put DEX 3,DEX,-87.258,,7700.0
2025-05-21 11:39:57,5310.0,5325.25,Put GEX 3,GEX,-49060.126,,7700.0
2025-05-21 11:39:57,5905.0,5922.0,Call DEX 3,DEX,126.96,,7700.0
2025-05-21 11:39:57,5905.0,5922.0,Call GEX 3,GEX,128522.196,,7700.0
2025-05-21 11:39:57,6000.0,6017.25,Put DEX 5,DEX,-56.866,,7700.0
2025-05-21 11:39:57,6000.0,6017.25,Call GEX 1,GEX,188090.339,,7700.0
2025-05-21 11:39:57,6050.0,6067.5,Call GEX 5,GEX,78653.476,,7700.0
2025-05-21 11:39:57,6100.0,6117.5,Call DEX 4,DEX,105.703,,7700.0
2025-05-21 11:39:57,6100.0,6117.5,Call GEX 2,GEX,175382.263,,7700.0
2025-05-21 11:39:57,6200.0,6218.0,Call GEX 4,GEX,93750.328,,7700.0
2025-05-21 11:39:57,6400.0,6418.5,Call DEX 5,DEX,97.668,,7700.0
2025-05-21 11:39:57,9600.0,9627.75,Put CEX 5,CEX,0.0,,7700.0
2025-05-21 11:39:57,9600.0,9627.75,Put VEX 5,VEX,0.0,,7700.0
2025-05-21 11:39:57,10000.0,10029.0,Put CEX 4,CEX,0.0,,7700.0
2025-05-21 11:39:57,10000.0,10029.0,Put VEX 4,VEX,0.0,,7700.0
2025-05-21 11:39:57,10100.0,10129.25,Put CEX 3,CEX,0.0,,7700.0
2025-05-21 11:39:57,10100.0,10129.25,Put VEX 3,VEX,0.0,,7700.0
2025-05-21 11:39:57,10200.0,10229.5,Put CEX 2,CEX,0.0,,7700.0
2025-05-21 11:39:57,10200.0,10229.5,Put VEX 2,VEX,0.0,,7700.0
2025-05-21 11:39:57,10400.0,10430.0,Put CEX 1,CEX,0.0,,7700.0
2025-05-21 11:39:57,10400.0,10430.0,Put VEX 1,VEX,0.0,,7700.0
2025-05-21 11:39:57,12000.0,12034.75,Call CEX 1,CEX,0.0,,7700.0
2025-05-21 11:39:57,12000.0,12034.75,Call VEX 1,VEX,0.0,,7700.0
2025-05-21 11:41:17,200.0,200.5,Call CEX 2,CEX,0.0,,7700.0
2025-05-21 11:41:17,200.0,200.5,Call VEX 2,VEX,0.0,,7700.0
2025-05-21 11:41:17,400.0,401.25,Call CEX 3,CEX,0.0,,7700.0
2025-05-21 11:41:17,400.0,401.25,Call VEX 3,VEX,0.0,,7700.0
2025-05-21 11:41:17,600.0,601.75,Call CEX 4,CEX,0.0,,7700.0
2025-05-21 11:41:17,600.0,601.75,Call VEX 4,VEX,0.0,,7700.0
2025-05-21 11:41:17,800.0,802.5,Call CEX 5,CEX,0.0,,7700.0
2025-05-21 11:41:17,800.0,802.5,Call VEX 5,VEX,0.0,,7700.0
2025-05-21 11:41:17,4000.0,4012.25,Call DEX 1,DEX,878.863,,7700.0
2025-05-21 11:41:17,4800.0,4814.75,Put DEX 1,DEX,-261.253,,7700.0
2025-05-21 11:41:17,4800.0,4814.75,Put GEX 1,GEX,-79367.913,,7700.0
2025-05-21 11:41:17,4850.0,4864.75,Put DEX 2,DEX,-224.721,,7700.0
2025-05-21 11:41:17,4850.0,4864.75,Put GEX 2,GEX,-69547.694,,7700.0
2025-05-21 11:41:17,5000.0,5015.25,Call DEX 2,DEX,731.803,,7700.0
2025-05-21 11:41:17,5200.0,5215.75,Put DEX 4,DEX,-57.535,,7700.0
2025-05-21 11:41:17,5200.0,5215.75,Put GEX 4,GEX,-44466.69,,7700.0
2025-05-21 11:41:17,5300.0,5316.25,Put GEX 5,GEX,-29237.945,,7700.0
2025-05-21 11:41:17,5310.0,5326.25,Put DEX 3,DEX,-87.277,,7700.0
2025-05-21 11:41:17,5310.0,5326.25,Put GEX 3,GEX,-49148.976,,7700.0
2025-05-21 11:41:17,5905.0,5923.0,Call DEX 3,DEX,126.969,,7700.0
2025-05-21 11:41:17,5905.0,5923.0,Call GEX 3,GEX,127562.752,,7700.0
2025-05-21 11:41:17,6000.0,6018.25,Put DEX 5,DEX,-57.162,,7700.0
2025-05-21 11:41:17,6000.0,6018.25,Call GEX 1,GEX,178392.31,,7700.0
2025-05-21 11:41:17,6050.0,6068.5,Call GEX 5,GEX,77753.314,,7700.0
2025-05-21 11:41:17,6100.0,6118.5,Call DEX 4,DEX,105.653,,7700.0
2025-05-21 11:41:17,6100.0,6118.5,Call GEX 2,GEX,174350.613,,7700.0
2025-05-21 11:41:17,6200.0,6219.0,Call GEX 4,GEX,93479.683,,7700.0
2025-05-21 11:41:17,6400.0,6419.5,Call DEX 5,DEX,97.665,,7700.0
2025-05-21 11:41:17,9600.0,9629.25,Put CEX 5,CEX,0.0,,7700.0
2025-05-21 11:41:17,9600.0,9629.25,Put VEX 5,VEX,0.0,,7700.0
2025-05-21 11:41:17,10000.0,10030.5,Put CEX 4,CEX,0.0,,7700.0
2025-05-21 11:41:17,10000.0,10030.5,Put VEX 4,VEX,0.0,,7700.0
2025-05-21 11:41:17,10100.0,10130.75,Put CEX 3,CEX,0.0,,7700.0
2025-05-21 11:41:17,10100.0,10130.75,Put VEX 3,VEX,0.0,,7700.0
2025-05-21 11:41:17,10200.0,10231.0,Put CEX 2,CEX,0.0,,7700.0
2025-05-21 11:41:17,10200.0,10231.0,Put VEX 2,VEX,0.0,,7700.0
2025-05-21 11:41:17,10400.0,10431.75,Put CEX 1,CEX,0.0,,7700.0
2025-05-21 11:41:17,10400.0,10431.75,Put VEX 1,VEX,0.0,,7700.0
2025-05-21 11:41:17,12000.0,12036.5,Call CEX 1,CEX,0.0,,7700.0
2025-05-21 11:41:17,12000.0,12036.5,Call VEX 1,VEX,0.0,,7700.0
2025-05-21 11:42:37,200.0,200.5,Call CEX 2,CEX,0.0,,7700.0
2025-05-21 11:42:37,200.0,200.5,Call VEX 2,VEX,0.0,,7700.0
2025-05-21 11:42:37,400.0,401.25,Call CEX 3,CEX,0.0,,7700.0
2025-05-21 11:42:37,400.0,401.25,Call VEX 3,VEX,0.0,,7700.0
2025-05-21 11:42:37,600.0,601.75,Call CEX 4,CEX,0.0,,7700.0
2025-05-21 11:42:37,600.0,601.75,Call VEX 4,VEX,0.0,,7700.0
2025-05-21 11:42:37,800.0,802.25,Call CEX 5,CEX,0.0,,7700.0
2025-05-21 11:42:37,800.0,802.25,Call VEX 5,VEX,0.0,,7700.0
2025-05-21 11:42:37,4000.0,4011.25,Call DEX 1,DEX,879.465,,7700.0
2025-05-21 11:42:37,4800.0,4813.5,Put DEX 1,DEX,-261.249,,7700.0
2025-05-21 11:42:37,4800.0,4813.5,Put GEX 1,GEX,-79209.81,,7700.0
2025-05-21 11:42:37,4850.0,4863.75,Put DEX 2,DEX,-224.726,,7700.0
2025-05-21 11:42:37,4850.0,4863.75,Put GEX 2,GEX,-69409.968,,7700.0
2025-05-21 11:42:37,5000.0,5014.0,Call DEX 2,DEX,734.352,,7700.0
2025-05-21 11:42:37,5200.0,5214.75,Put DEX 4,DEX,-57.269,,7700.0
2025-05-21 11:42:37,5200.0,5214.75,Put GEX 4,GEX,-44237.539,,7700.0
2025-05-21 11:42:37,5300.0,5315.0,Put GEX 5,GEX,-28983.809,,7700.0
2025-05-21 11:42:37,5310.0,5325.0,Put DEX 3,DEX,-87.134,,7700.0
2025-05-21 11:42:37,5310.0,5325.0,Put GEX 3,GEX,-48990.045,,7700.0
2025-05-21 11:42:37,5905.0,5921.75,Call DEX 3,DEX,127.526,,7700.0
2025-05-21 11:42:37,5905.0,5921.75,Call GEX 3,GEX,127437.579,,7700.0
2025-05-21 11:42:37,6000.0,6017.0,Put DEX 5,DEX,-53.338,,7700.0
2025-05-21 11:42:37,6000.0,6017.0,Call GEX 1,GEX,179393.483,,7700.0
2025-05-21 11:42:37,6050.0,6067.0,Call GEX 5,GEX,78832.786,,7700.0
2025-05-21 11:42:37,6100.0,6117.25,Call DEX 4,DEX,106.202,,7700.0
2025-05-21 11:42:37,6100.0,6117.25,Call GEX 2,GEX,176566.873,,7700.0
2025-05-21 11:42:37,6200.0,6217.5,Call GEX 4,GEX,94462.966,,7700.0
2025-05-21 11:42:37,6400.0,6418.0,Call DEX 5,DEX,97.702,,7700.0
2025-05-21 11:42:37,9600.0,9627.0,Put CEX 5,CEX,0.0,,7700.0
2025-05-21 11:42:37,9600.0,9627.0,Put VEX 5,VEX,0.0,,7700.0
2025-05-21 11:42:37,10000.0,10028.25,Put CEX 4,CEX,0.0,,7700.0
2025-05-21 11:42:37,10000.0,10028.25,Put VEX 4,VEX,0.0,,7700.0
2025-05-21 11:42:37,10100.0,10128.5,Put CEX 3,CEX,0.0,,7700.0
2025-05-21 11:42:37,10100.0,10128.5,Put VEX 3,VEX,0.0,,7700.0
2025-05-21 11:42:37,10200.0,10228.75,Put CEX 2,CEX,0.0,,7700.0
2025-05-21 11:42:37,10200.0,10228.75,Put VEX 2,VEX,0.0,,7700.0
2025-05-21 11:42:37,10400.0,10429.25,Put CEX 1,CEX,0.0,,7700.0
2025-05-21 11:42:37,10400.0,10429.25,Put VEX 1,VEX,0.0,,7700.0
2025-05-21 11:42:37,12000.0,12033.75,Call CEX 1,CEX,0.0,,7700.0
2025-05-21 11:42:37,12000.0,12033.75,Call VEX 1,VEX,0.0,,7700.0
2025-05-21 11:43:58,200.0,200.5,Call CEX 2,CEX,0.0,,7700.0
2025-05-21 11:43:58,200.0,200.5,Call VEX 2,VEX,0.0,,7700.0
2025-05-21 11:43:58,400.0,401.25,Call CEX 3,CEX,0.0,,7700.0
2025-05-21 11:43:58,400.0,401.25,Call VEX 3,VEX,0.0,,7700.0
2025-05-21 11:43:58,600.0,601.75,Call CEX 4,CEX,0.0,,7700.0
2025-05-21 11:43:58,600.0,601.75,Call VEX 4,VEX,0.0,,7700.0
2025-05-21 11:43:58,800.0,802.25,Call CEX 5,CEX,0.0,,7700.0
2025-05-21 11:43:58,800.0,802.25,Call VEX 5,VEX,0.0,,7700.0
2025-05-21 11:43:58,4000.0,4011.5,Call DEX 1,DEX,879.664,,7700.0
2025-05-21 11:43:58,4800.0,4813.75,Put DEX 1,DEX,-261.245,,7700.0
2025-05-21 11:43:58,4800.0,4813.75,Put GEX 1,GEX,-79210.637,,7700.0
2025-05-21 11:43:58,4850.0,4864.0,Put DEX 2,DEX,-224.739,,7700.0
2025-05-21 11:43:58,4850.0,4864.0,Put GEX 2,GEX,-69405.893,,7700.0
2025-05-21 11:43:58,5000.0,5014.5,Call DEX 2,DEX,735.078,,7700.0
2025-05-21 11:43:58,5200.0,5215.0,Put DEX 4,DEX,-57.286,,7700.0
2025-05-21 11:43:58,5200.0,5215.0,Put GEX 4,GEX,-44204.188,,7700.0
2025-05-21 11:43:58,5300.0,5315.25,Put GEX 5,GEX,-29184.284,,7700.0
2025-05-21 11:43:58,5310.0,5325.25,Put DEX 3,DEX,-87.19,,7700.0
2025-05-21 11:43:58,5310.0,5325.25,Put GEX 3,GEX,-48962.36,,7700.0
2025-05-21 11:43:58,5905.0,5922.0,Call DEX 3,DEX,127.479,,7700.0
2025-05-21 11:43:58,5905.0,5922.0,Call GEX 3,GEX,129107.811,,7700.0
2025-05-21 11:43:58,6000.0,6017.25,Put DEX 5,DEX,-53.126,,7700.0
2025-05-21 11:43:58,6000.0,6017.25,Call GEX 1,GEX,193532.632,,7700.0
2025-05-21 11:43:58,6050.0,6067.5,Call GEX 5,GEX,79453.768,,7700.0
2025-05-21 11:43:58,6100.0,6117.5,Call DEX 4,DEX,106.072,,7700.0
2025-05-21 11:43:58,6100.0,6117.5,Call GEX 2,GEX,177266.224,,7700.0
2025-05-21 11:43:58,6200.0,6217.75,Call GEX 4,GEX,94591.709,,7700.0
2025-05-21 11:43:58,6400.0,6418.5,Call DEX 5,DEX,97.699,,7700.0
2025-05-21 11:43:58,9600.0,9627.75,Put CEX 5,CEX,0.0,,7700.0
2025-05-21 11:43:58,9600.0,9627.75,Put VEX 5,VEX,0.0,,7700.0
2025-05-21 11:43:58,10000.0,10028.75,Put CEX 4,CEX,0.0,,7700.0
2025-05-21 11:43:58,10000.0,10028.75,Put VEX 4,VEX,0.0,,7700.0
2025-05-21 11:43:58,10100.0,10129.0,Put CEX 3,CEX,0.0,,7700.0
2025-05-21 11:43:58,10100.0,10129.0,Put VEX 3,VEX,0.0,,7700.0
2025-05-21 11:43:58,10200.0,10229.5,Put CEX 2,CEX,0.0,,7700.0
2025-05-21 11:43:58,10200.0,10229.5,Put VEX 2,VEX,0.0,,7700.0
2025-05-21 11:43:58,10400.0,10430.0,Put CEX 1,CEX,0.0,,7700.0
2025-05-21 11:43:58,10400.0,10430.0,Put VEX 1,VEX,0.0,,7700.0
2025-05-21 11:43:58,12000.0,12034.5,Call CEX 1,CEX,0.0,,7700.0
2025-05-21 11:43:58,12000.0,12034.5,Call VEX 1,VEX,0.0,,7700.0
2025-05-21 11:45:16,200.0,200.5,Call CEX 2,CEX,0.0,,7700.0
2025-05-21 11:45:16,200.0,200.5,Call VEX 2,VEX,0.0,,7700.0
2025-05-21 11:45:16,400.0,401.25,Call CEX 3,CEX,0.0,,7700.0
2025-05-21 11:45:16,400.0,401.25,Call VEX 3,VEX,0.0,,7700.0
2025-05-21 11:45:16,600.0,601.75,Call CEX 4,CEX,0.0,,7700.0
2025-05-21 11:45:16,600.0,601.75,Call VEX 4,VEX,0.0,,7700.0
2025-05-21 11:45:16,800.0,802.25,Call CEX 5,CEX,0.0,,7700.0
2025-05-21 11:45:16,800.0,802.25,Call VEX 5,VEX,0.0,,7700.0
2025-05-21 11:45:16,4000.0,4011.25,Call DEX 1,DEX,879.722,,7700.0
2025-05-21 11:45:16,4800.0,4813.5,Put DEX 1,DEX,-261.247,,7700.0
2025-05-21 11:45:16,4800.0,4813.5,Put GEX 1,GEX,-79191.838,,7700.0
2025-05-21 11:45:16,4850.0,4863.75,Put DEX 2,DEX,-224.734,,7700.0
2025-05-21 11:45:16,4850.0,4863.75,Put GEX 2,GEX,-69384.557,,7700.0
2025-05-21 11:45:16,5000.0,5014.0,Call DEX 2,DEX,734.182,,7700.0
2025-05-21 11:45:16,5200.0,5214.75,Put DEX 4,DEX,-57.299,,7700.0
2025-05-21 11:45:16,5200.0,5214.75,Put GEX 4,GEX,-44239.471,,7700.0
2025-05-21 11:45:16,5300.0,5315.0,Put GEX 5,GEX,-29017.551,,7700.0
2025-05-21 11:45:16,5310.0,5325.0,Put DEX 3,DEX,-87.164,,7700.0
2025-05-21 11:45:16,5310.0,5325.0,Put GEX 3,GEX,-48984.134,,7700.0
2025-05-21 11:45:16,5905.0,5921.75,Call DEX 3,DEX,127.608,,7700.0
2025-05-21 11:45:16,5905.0,5921.75,Call GEX 3,GEX,128485.881,,7700.0
2025-05-21 11:45:16,6000.0,6017.0,Put DEX 5,DEX,-52.663,,7700.0
2025-05-21 11:45:16,6000.0,6017.0,Call GEX 1,GEX,186847.098,,7700.0
2025-05-21 11:45:16,6050.0,6067.0,Call GEX 5,GEX,79226.129,,7700.0
2025-05-21 11:45:16,6100.0,6117.25,Call DEX 4,DEX,106.084,,7700.0
2025-05-21 11:45:16,6100.0,6117.25,Call GEX 2,GEX,176910.391,,7700.0
2025-05-21 11:45:16,6200.0,6217.5,Call GEX 4,GEX,94598.246,,7700.0
2025-05-21 11:45:16,6400.0,6418.0,Call DEX 5,DEX,97.7,,7700.0
2025-05-21 11:45:16,9600.0,9627.0,Put CEX 5,CEX,0.0,,7700.0
2025-05-21 11:45:16,9600.0,9627.0,Put VEX 5,VEX,0.0,,7700.0
2025-05-21 11:45:16,10000.0,10028.25,Put CEX 4,CEX,0.0,,7700.0
2025-05-21 11:45:16,10000.0,10028.25,Put VEX 4,VEX,0.0,,7700.0
2025-05-21 11:45:16,10100.0,10128.5,Put CEX 3,CEX,0.0,,7700.0
2025-05-21 11:45:16,10100.0,10128.5,Put VEX 3,VEX,0.0,,7700.0
2025-05-21 11:45:16,10200.0,10228.75,Put CEX 2,CEX,0.0,,7700.0
2025-05-21 11:45:16,10200.0,10228.75,Put VEX 2,VEX,0.0,,7700.0
2025-05-21 11:45:16,10400.0,10429.25,Put CEX 1,CEX,0.0,,7700.0
2025-05-21 11:45:16,10400.0,10429.25,Put VEX 1,VEX,0.0,,7700.0
2025-05-21 11:45:16,12000.0,12033.75,Call CEX 1,CEX,0.0,,7700.0
2025-05-21 11:45:16,12000.0,12033.75,Call VEX 1,VEX,0.0,,7700.0
2025-05-21 11:46:36,200.0,200.5,Call CEX 2,CEX,0.0,,7700.0
2025-05-21 11:46:36,200.0,200.5,Call VEX 2,VEX,0.0,,7700.0
2025-05-21 11:46:36,400.0,401.25,Call CEX 3,CEX,0.0,,7700.0
2025-05-21 11:46:36,400.0,401.25,Call VEX 3,VEX,0.0,,7700.0
2025-05-21 11:46:36,600.0,601.75,Call CEX 4,CEX,0.0,,7700.0
2025-05-21 11:46:36,600.0,601.75,Call VEX 4,VEX,0.0,,7700.0
2025-05-21 11:46:36,800.0,802.25,Call CEX 5,CEX,0.0,,7700.0
2025-05-21 11:46:36,800.0,802.25,Call VEX 5,VEX,0.0,,7700.0
2025-05-21 11:46:36,4000.0,4011.75,Call DEX 1,DEX,879.769,,7700.0
2025-05-21 11:46:36,4800.0,4814.0,Put DEX 1,DEX,-261.245,,7700.0
2025-05-21 11:46:36,4800.0,4814.0,Put GEX 1,GEX,-79165.379,,7700.0
2025-05-21 11:46:36,4850.0,4864.0,Put DEX 2,DEX,-224.738,,7700.0
2025-05-21 11:46:36,4850.0,4864.0,Put GEX 2,GEX,-69363.302,,7700.0
2025-05-21 11:46:36,5000.0,5014.5,Call DEX 2,DEX,734.911,,7700.0
2025-05-21 11:46:36,5200.0,5215.0,Put DEX 4,DEX,-57.225,,7700.0
2025-05-21 11:46:36,5200.0,5215.0,Put GEX 4,GEX,-44178.731,,7700.0
2025-05-21 11:46:36,5300.0,5315.5,Put GEX 5,GEX,-28958.971,,7700.0
2025-05-21 11:46:36,5310.0,5325.5,Put DEX 3,DEX,-87.135,,7700.0
2025-05-21 11:46:36,5310.0,5325.5,Put GEX 3,GEX,-48935.442,,7700.0
2025-05-21 11:46:36,5905.0,5922.25,Call DEX 3,DEX,127.675,,7700.0
2025-05-21 11:46:36,5905.0,5922.25,Call GEX 3,GEX,129135.322,,7700.0
2025-05-21 11:46:36,6000.0,6017.5,Put DEX 5,DEX,-52.105,,7700.0
2025-05-21 11:46:36,6000.0,6017.5,Call GEX 1,GEX,191694.359,,7700.0
2025-05-21 11:46:36,6050.0,6067.5,Call GEX 5,GEX,79505.276,,7700.0
2025-05-21 11:46:36,6100.0,6117.75,Call DEX 4,DEX,106.152,,7700.0
2025-05-21 11:46:36,6100.0,6117.75,Call GEX 2,GEX,177614.733,,7700.0
2025-05-21 11:46:36,6200.0,6218.0,Call GEX 4,GEX,94803.132,,7700.0
2025-05-21 11:46:36,6400.0,6418.5,Call DEX 5,DEX,97.694,,7700.0
2025-05-21 11:46:36,9600.0,9628.0,Put CEX 5,CEX,0.0,,7700.0
2025-05-21 11:46:36,9600.0,9628.0,Put VEX 5,VEX,0.0,,7700.0
2025-05-21 11:46:36,10000.0,10029.0,Put CEX 4,CEX,0.0,,7700.0
2025-05-21 11:46:36,10000.0,10029.0,Put VEX 4,VEX,0.0,,7700.0
2025-05-21 11:46:36,10100.0,10129.25,Put CEX 3,CEX,0.0,,7700.0
2025-05-21 11:46:36,10100.0,10129.25,Put VEX 3,VEX,0.0,,7700.0
2025-05-21 11:46:36,10200.0,10229.75,Put CEX 2,CEX,0.0,,7700.0
2025-05-21 11:46:36,10200.0,10229.75,Put VEX 2,VEX,0.0,,7700.0
2025-05-21 11:46:36,10400.0,10430.25,Put CEX 1,CEX,0.0,,7700.0
2025-05-21 11:46:36,10400.0,10430.25,Put VEX 1,VEX,0.0,,7700.0
2025-05-21 11:46:36,12000.0,12035.0,Call CEX 1,CEX,0.0,,7700.0
2025-05-21 11:46:36,12000.0,12035.0,Call VEX 1,VEX,0.0,,7700.0
2025-05-21 11:47:47,200.0,200.5,Call CEX 2,CEX,0.0,,7700.0
2025-05-21 11:47:47,200.0,200.5,Call VEX 2,VEX,0.0,,7700.0
2025-05-21 11:47:47,400.0,401.0,Call CEX 3,CEX,0.0,,7700.0
2025-05-21 11:47:47,400.0,401.0,Call VEX 3,VEX,0.0,,7700.0
2025-05-21 11:47:47,600.0,601.75,Call CEX 4,CEX,0.0,,7700.0
2025-05-21 11:47:47,600.0,601.75,Call VEX 4,VEX,0.0,,7700.0
2025-05-21 11:47:47,800.0,802.25,Call CEX 5,CEX,0.0,,7700.0
2025-05-21 11:47:47,800.0,802.25,Call VEX 5,VEX,0.0,,7700.0
2025-05-21 11:47:47,4000.0,4011.25,Call DEX 1,DEX,879.769,,7700.0
2025-05-21 11:47:47,4800.0,4813.5,Put DEX 1,DEX,-261.245,,7700.0
2025-05-21 11:47:47,4800.0,4813.5,Put GEX 1,GEX,-79165.379,,7700.0
2025-05-21 11:47:47,4850.0,4863.5,Put DEX 2,DEX,-224.738,,7700.0
2025-05-21 11:47:47,4850.0,4863.5,Put GEX 2,GEX,-69363.302,,7700.0
2025-05-21 11:47:47,5000.0,5014.0,Call DEX 2,DEX,734.911,,7700.0
2025-05-21 11:47:47,5200.0,5214.5,Put DEX 4,DEX,-57.225,,7700.0
2025-05-21 11:47:47,5200.0,5214.5,Put GEX 4,GEX,-44178.731,,7700.0
2025-05-21 11:47:47,5300.0,5314.75,Put GEX 5,GEX,-28958.971,,7700.0
2025-05-21 11:47:47,5310.0,5324.75,Put DEX 3,DEX,-87.135,,7700.0
2025-05-21 11:47:47,5310.0,5324.75,Put GEX 3,GEX,-48935.442,,7700.0
2025-05-21 11:47:47,5905.0,5921.5,Call DEX 3,DEX,127.675,,7700.0
2025-05-21 11:47:47,5905.0,5921.5,Call GEX 3,GEX,129135.322,,7700.0
2025-05-21 11:47:47,6000.0,6016.75,Put DEX 5,DEX,-52.105,,7700.0
2025-05-21 11:47:47,6000.0,6016.75,Call GEX 1,GEX,191694.359,,7700.0
2025-05-21 11:47:47,6050.0,6067.0,Call GEX 5,GEX,79505.276,,7700.0
2025-05-21 11:47:47,6100.0,6117.0,Call DEX 4,DEX,106.152,,7700.0
2025-05-21 11:47:47,6100.0,6117.0,Call GEX 2,GEX,177614.733,,7700.0
2025-05-21 11:47:47,6200.0,6217.25,Call GEX 4,GEX,94803.132,,7700.0
2025-05-21 11:47:47,6400.0,6418.0,Call DEX 5,DEX,97.694,,7700.0
2025-05-21 11:47:47,9600.0,9626.75,Put CEX 5,CEX,0.0,,7700.0
2025-05-21 11:47:47,9600.0,9626.75,Put VEX 5,VEX,0.0,,7700.0
2025-05-21 11:47:47,10000.0,10028.0,Put CEX 4,CEX,0.0,,7700.0
2025-05-21 11:47:47,10000.0,10028.0,Put VEX 4,VEX,0.0,,7700.0
2025-05-21 11:47:47,10100.0,10128.25,Put CEX 3,CEX,0.0,,7700.0
2025-05-21 11:47:47,10100.0,10128.25,Put VEX 3,VEX,0.0,,7700.0
2025-05-21 11:47:47,10200.0,10228.5,Put CEX 2,CEX,0.0,,7700.0
2025-05-21 11:47:47,10200.0,10228.5,Put VEX 2,VEX,0.0,,7700.0
2025-05-21 11:47:47,10400.0,10429.0,Put CEX 1,CEX,0.0,,7700.0
2025-05-21 11:47:47,10400.0,10429.0,Put VEX 1,VEX,0.0,,7700.0
2025-05-21 11:47:47,12000.0,12033.5,Call CEX 1,CEX,0.0,,7700.0
2025-05-21 11:47:47,12000.0,12033.5,Call VEX 1,VEX,0.0,,7700.0
2025-05-21 11:49:05,200.0,200.5,Call CEX 2,CEX,0.0,,7700.0
2025-05-21 11:49:05,200.0,200.5,Call VEX 2,VEX,0.0,,7700.0
2025-05-21 11:49:05,400.0,401.25,Call CEX 3,CEX,0.0,,7700.0
2025-05-21 11:49:05,400.0,401.25,Call VEX 3,VEX,0.0,,7700.0
2025-05-21 11:49:05,600.0,601.75,Call CEX 4,CEX,0.0,,7700.0
2025-05-21 11:49:05,600.0,601.75,Call VEX 4,VEX,0.0,,7700.0
2025-05-21 11:49:05,800.0,802.25,Call CEX 5,CEX,0.0,,7700.0
2025-05-21 11:49:05,800.0,802.25,Call VEX 5,VEX,0.0,,7700.0
2025-05-21 11:49:05,4000.0,4011.75,Call DEX 1,DEX,879.283,,7700.0
2025-05-21 11:49:05,4800.0,4814.25,Put DEX 1,DEX,-261.213,,7700.0
2025-05-21 11:49:05,4800.0,4814.25,Put GEX 1,GEX,-79401.041,,7700.0
2025-05-21 11:49:05,4850.0,4864.25,Put DEX 2,DEX,-224.734,,7700.0
2025-05-21 11:49:05,4850.0,4864.25,Put GEX 2,GEX,-69589.174,,7700.0
2025-05-21 11:49:05,5000.0,5014.75,Call DEX 2,DEX,736.87,,7700.0
2025-05-21 11:49:05,5200.0,5215.5,Put DEX 5,DEX,-57.253,,7700.0
2025-05-21 11:49:05,5200.0,5215.5,Put GEX 4,GEX,-44203.537,,7700.0
2025-05-21 11:49:05,5300.0,5315.75,Put GEX 5,GEX,-28797.601,,7700.0
2025-05-21 11:49:05,5310.0,5325.75,Put DEX 3,DEX,-87.288,,7700.0
2025-05-21 11:49:05,5310.0,5325.75,Put GEX 3,GEX,-49031.573,,7700.0
2025-05-21 11:49:05,5905.0,5922.5,Call DEX 3,DEX,126.639,,7700.0
2025-05-21 11:49:05,5905.0,5922.5,Call GEX 3,GEX,130631.472,,7700.0
2025-05-21 11:49:05,6000.0,6017.75,Put DEX 4,DEX,-58.22,,7700.0
2025-05-21 11:49:05,6000.0,6017.75,Call GEX 1,GEX,205636.743,,7700.0
2025-05-21 11:49:05,6050.0,6068.0,Call GEX 5,GEX,79556.475,,7700.0
2025-05-21 11:49:05,6100.0,6118.0,Call DEX 4,DEX,105.379,,7700.0
2025-05-21 11:49:05,6100.0,6118.0,Call GEX 2,GEX,176150.635,,7700.0
2025-05-21 11:49:05,6200.0,6218.25,Call GEX 4,GEX,93850.686,,7700.0
2025-05-21 11:49:05,6400.0,6419.0,Call DEX 5,DEX,97.627,,7700.0
2025-05-21 11:49:05,9600.0,9628.5,Put CEX 5,CEX,0.0,,7700.0
2025-05-21 11:49:05,9600.0,9628.5,Put VEX 5,VEX,0.0,,7700.0
2025-05-21 11:49:05,10000.0,10029.5,Put CEX 4,CEX,0.0,,7700.0
2025-05-21 11:49:05,10000.0,10029.5,Put VEX 4,VEX,0.0,,7700.0
2025-05-21 11:49:05,10100.0,10130.0,Put CEX 3,CEX,0.0,,7700.0
2025-05-21 11:49:05,10100.0,10130.0,Put VEX 3,VEX,0.0,,7700.0
2025-05-21 11:49:05,10200.0,10230.25,Put CEX 2,CEX,0.0,,7700.0
2025-05-21 11:49:05,10200.0,10230.25,Put VEX 2,VEX,0.0,,7700.0
2025-05-21 11:49:05,10400.0,10430.75,Put CEX 1,CEX,0.0,,7700.0
2025-05-21 11:49:05,10400.0,10430.75,Put VEX 1,VEX,0.0,,7700.0
2025-05-21 11:49:05,12000.0,12035.5,Call CEX 1,CEX,0.0,,7700.0
2025-05-21 11:49:05,12000.0,12035.5,Call VEX 1,VEX,0.0,,7700.0
2025-05-21 11:50:25,200.0,200.5,Call CEX 2,CEX,0.0,,7700.0
2025-05-21 11:50:25,200.0,200.5,Call VEX 2,VEX,0.0,,7700.0
2025-05-21 11:50:25,400.0,401.25,Call CEX 3,CEX,0.0,,7700.0
2025-05-21 11:50:25,400.0,401.25,Call VEX 3,VEX,0.0,,7700.0
2025-05-21 11:50:25,600.0,601.75,Call CEX 4,CEX,0.0,,7700.0
2025-05-21 11:50:25,600.0,601.75,Call VEX 4,VEX,0.0,,7700.0
2025-05-21 11:50:25,800.0,802.25,Call CEX 5,CEX,0.0,,7700.0
2025-05-21 11:50:25,800.0,802.25,Call VEX 5,VEX,0.0,,7700.0
2025-05-21 11:50:25,4000.0,4011.75,Call DEX 1,DEX,879.186,,7700.0
2025-05-21 11:50:25,4800.0,4814.0,Put DEX 1,DEX,-261.192,,7700.0
2025-05-21 11:50:25,4800.0,4814.0,Put GEX 1,GEX,-79496.675,,7700.0
2025-05-21 11:50:25,4850.0,4864.0,Put DEX 2,DEX,-224.749,,7700.0
2025-05-21 11:50:25,4850.0,4864.0,Put GEX 2,GEX,-69674.709,,7700.0
2025-05-21 11:50:25,5000.0,5014.5,Call DEX 2,DEX,738.521,,7700.0
2025-05-21 11:50:25,5200.0,5215.0,Put DEX 5,DEX,-57.209,,7700.0
2025-05-21 11:50:25,5200.0,5215.0,Put GEX 4,GEX,-44149.011,,7700.0
2025-05-21 11:50:25,5300.0,5315.5,Put GEX 5,GEX,-28616.409,,7700.0
2025-05-21 11:50:25,5310.0,5325.5,Put DEX 3,DEX,-87.387,,7700.0
2025-05-21 11:50:25,5310.0,5325.5,Put GEX 3,GEX,-49018.129,,7700.0
2025-05-21 11:50:25,5905.0,5922.25,Call DEX 3,DEX,126.17,,7700.0
2025-05-21 11:50:25,5905.0,5922.25,Call GEX 3,GEX,132456.407,,7700.0
2025-05-21 11:50:25,6000.0,6017.5,Put DEX 4,DEX,-60.807,,7700.0
2025-05-21 11:50:25,6000.0,6017.5,Call GEX 1,GEX,224710.03,,7700.0
2025-05-21 11:50:25,6050.0,6067.5,Call GEX 5,GEX,80210.27,,7700.0
2025-05-21 11:50:25,6100.0,6117.75,Call DEX 4,DEX,105.019,,7700.0
2025-05-21 11:50:25,6100.0,6117.75,Call GEX 2,GEX,176409.3,,7700.0
2025-05-21 11:50:25,6200.0,6218.0,Call GEX 4,GEX,93611.13,,7700.0
2025-05-21 11:50:25,6400.0,6418.5,Call DEX 5,DEX,97.616,,7700.0
2025-05-21 11:50:25,9600.0,9628.0,Put CEX 5,CEX,0.0,,7700.0
2025-05-21 11:50:25,9600.0,9628.0,Put VEX 5,VEX,0.0,,7700.0
2025-05-21 11:50:25,10000.0,10029.0,Put CEX 4,CEX,0.0,,7700.0
2025-05-21 11:50:25,10000.0,10029.0,Put VEX 4,VEX,0.0,,7700.0
2025-05-21 11:50:25,10100.0,10129.25,Put CEX 3,CEX,0.0,,7700.0
2025-05-21 11:50:25,10100.0,10129.25,Put VEX 3,VEX,0.0,,7700.0
2025-05-21 11:50:25,10200.0,10229.75,Put CEX 2,CEX,0.0,,7700.0
2025-05-21 11:50:25,10200.0,10229.75,Put VEX 2,VEX,0.0,,7700.0
2025-05-21 11:50:25,10400.0,10430.25,Put CEX 1,CEX,0.0,,7700.0
2025-05-21 11:50:25,10400.0,10430.25,Put VEX 1,VEX,0.0,,7700.0
2025-05-21 11:50:25,12000.0,12035.0,Call CEX 1,CEX,0.0,,7700.0
2025-05-21 11:50:25,12000.0,12035.0,Call VEX 1,VEX,0.0,,7700.0
2025-05-21 11:51:44,200.0,200.5,Call CEX 2,CEX,0.0,,7700.0
2025-05-21 11:51:44,200.0,200.5,Call VEX 2,VEX,0.0,,7700.0
2025-05-21 11:51:44,400.0,401.25,Call CEX 3,CEX,0.0,,7700.0
2025-05-21 11:51:44,400.0,401.25,Call VEX 3,VEX,0.0,,7700.0
2025-05-21 11:51:44,600.0,601.75,Call CEX 4,CEX,0.0,,7700.0
2025-05-21 11:51:44,600.0,601.75,Call VEX 4,VEX,0.0,,7700.0
2025-05-21 11:51:44,800.0,802.5,Call CEX 5,CEX,0.0,,7700.0
2025-05-21 11:51:44,800.0,802.5,Call VEX 5,VEX,0.0,,7700.0
2025-05-21 11:51:44,4000.0,4012.25,Call DEX 1,DEX,877.609,,7700.0
2025-05-21 11:51:44,4800.0,4814.75,Put DEX 1,DEX,-261.191,,7700.0
2025-05-21 11:51:44,4800.0,4814.75,Put GEX 1,GEX,-79801.542,,7700.0
2025-05-21 11:51:44,4850.0,4864.75,Put DEX 2,DEX,-224.711,,7700.0
2025-05-21 11:51:44,4850.0,4864.75,Put GEX 2,GEX,-69942.672,,7700.0
2025-05-21 11:51:44,5000.0,5015.25,Call DEX 2,DEX,732.428,,7700.0
2025-05-21 11:51:44,5200.0,5215.75,Put DEX 5,DEX,-57.613,,7700.0
2025-05-21 11:51:44,5200.0,5215.75,Put GEX 4,GEX,-44609.072,,7700.0
2025-05-21 11:51:44,5300.0,5316.25,Put GEX 5,GEX,-29183.125,,7700.0
2025-05-21 11:51:44,5310.0,5326.25,Put DEX 3,DEX,-87.525,,7700.0
2025-05-21 11:51:44,5310.0,5326.25,Put GEX 3,GEX,-49407.76,,7700.0
2025-05-21 11:51:44,5905.0,5923.0,Call DEX 3,DEX,125.244,,7700.0
2025-05-21 11:51:44,5905.0,5923.0,Call GEX 3,GEX,128938.439,,7700.0
2025-05-21 11:51:44,6000.0,6018.25,Put DEX 4,DEX,-68.47,,7700.0
2025-05-21 11:51:44,6000.0,6018.25,Call GEX 1,GEX,194934.943,,7700.0
2025-05-21 11:51:44,6050.0,6068.5,Call GEX 5,GEX,77230.412,,7700.0
2025-05-21 11:51:44,6100.0,6118.5,Call DEX 4,DEX,104.11,,7700.0
2025-05-21 11:51:44,6100.0,6118.5,Call GEX 2,GEX,171435.996,,7700.0
2025-05-21 11:51:44,6200.0,6219.0,Call GEX 4,GEX,91685.611,,7700.0
2025-05-21 11:51:44,6400.0,6419.5,Call DEX 5,DEX,97.551,,7700.0
2025-05-21 11:51:44,9600.0,9629.25,Put CEX 5,CEX,0.0,,7700.0
2025-05-21 11:51:44,9600.0,9629.25,Put VEX 5,VEX,0.0,,7700.0
2025-05-21 11:51:44,10000.0,10030.5,Put CEX 4,CEX,0.0,,7700.0
2025-05-21 11:51:44,10000.0,10030.5,Put VEX 4,VEX,0.0,,7700.0
2025-05-21 11:51:44,10100.0,10130.75,Put CEX 3,CEX,0.0,,7700.0
2025-05-21 11:51:44,10100.0,10130.75,Put VEX 3,VEX,0.0,,7700.0
2025-05-21 11:51:44,10200.0,10231.0,Put CEX 2,CEX,0.0,,7700.0
2025-05-21 11:51:44,10200.0,10231.0,Put VEX 2,VEX,0.0,,7700.0
2025-05-21 11:51:44,10400.0,10431.75,Put CEX 1,CEX,0.0,,7700.0
2025-05-21 11:51:44,10400.0,10431.75,Put VEX 1,VEX,0.0,,7700.0
2025-05-21 11:51:44,12000.0,12036.5,Call CEX 1,CEX,0.0,,7700.0
2025-05-21 11:51:44,12000.0,12036.5,Call VEX 1,VEX,0.0,,7700.0
2025-05-21 11:53:03,200.0,200.5,Call CEX 2,CEX,0.0,,7700.0
2025-05-21 11:53:03,200.0,200.5,Call VEX 2,VEX,0.0,,7700.0
2025-05-21 11:53:03,400.0,401.25,Call CEX 3,CEX,0.0,,7700.0
2025-05-21 11:53:03,400.0,401.25,Call VEX 3,VEX,0.0,,7700.0
2025-05-21 11:53:03,600.0,601.75,Call CEX 4,CEX,0.0,,7700.0
2025-05-21 11:53:03,600.0,601.75,Call VEX 4,VEX,0.0,,7700.0
2025-05-21 11:53:03,800.0,802.5,Call CEX 5,CEX,0.0,,7700.0
2025-05-21 11:53:03,800.0,802.5,Call VEX 5,VEX,0.0,,7700.0
2025-05-21 11:53:03,4000.0,4012.0,Call DEX 1,DEX,878.329,,7700.0
2025-05-21 11:53:03,4800.0,4814.25,Put DEX 1,DEX,-261.229,,7700.0
2025-05-21 11:53:03,4800.0,4814.25,Put GEX 1,GEX,-79608.132,,7700.0
2025-05-21 11:53:03,4850.0,4864.5,Put DEX 2,DEX,-224.742,,7700.0
2025-05-21 11:53:03,4850.0,4864.5,Put GEX 2,GEX,-69773.644,,7700.0
2025-05-21 11:53:03,5000.0,5015.0,Call DEX 2,DEX,734.302,,7700.0
2025-05-21 11:53:03,5200.0,5215.5,Put DEX 5,DEX,-57.485,,7700.0
2025-05-21 11:53:03,5200.0,5215.5,Put GEX 4,GEX,-44401.58,,7700.0
2025-05-21 11:53:03,5300.0,5315.75,Put GEX 5,GEX,-28959.542,,7700.0
2025-05-21 11:53:03,5310.0,5325.75,Put DEX 3,DEX,-87.467,,7700.0
2025-05-21 11:53:03,5310.0,5325.75,Put GEX 3,GEX,-49184.194,,7700.0
2025-05-21 11:53:03,5905.0,5922.5,Call DEX 3,DEX,125.841,,7700.0
2025-05-21 11:53:03,5905.0,5922.5,Call GEX 3,GEX,130797.282,,7700.0
2025-05-21 11:53:03,6000.0,6017.75,Put DEX 4,DEX,-63.851,,7700.0
2025-05-21 11:53:03,6000.0,6017.75,Call GEX 1,GEX,208886.651,,7700.0
2025-05-21 11:53:03,6050.0,6068.0,Call GEX 5,GEX,78548.108,,7700.0
2025-05-21 11:53:03,6100.0,6118.25,Call DEX 4,DEX,104.543,,7700.0
2025-05-21 11:53:03,6100.0,6118.25,Call GEX 2,GEX,173912.328,,7700.0
2025-05-21 11:53:03,6200.0,6218.5,Call GEX 4,GEX,92740.279,,7700.0
2025-05-21 11:53:03,6400.0,6419.0,Call DEX 5,DEX,97.582,,7700.0
2025-05-21 11:53:03,9600.0,9628.5,Put CEX 5,CEX,0.0,,7700.0
2025-05-21 11:53:03,9600.0,9628.5,Put VEX 5,VEX,0.0,,7700.0
2025-05-21 11:53:03,10000.0,10029.75,Put CEX 4,CEX,0.0,,7700.0
2025-05-21 11:53:03,10000.0,10029.75,Put VEX 4,VEX,0.0,,7700.0
2025-05-21 11:53:03,10100.0,10130.0,Put CEX 3,CEX,0.0,,7700.0
2025-05-21 11:53:03,10100.0,10130.0,Put VEX 3,VEX,0.0,,7700.0
2025-05-21 11:53:03,10200.0,10230.5,Put CEX 2,CEX,0.0,,7700.0
2025-05-21 11:53:03,10200.0,10230.5,Put VEX 2,VEX,0.0,,7700.0
2025-05-21 11:53:03,10400.0,10431.0,Put CEX 1,CEX,0.0,,7700.0
2025-05-21 11:53:03,10400.0,10431.0,Put VEX 1,VEX,0.0,,7700.0
2025-05-21 11:53:03,12000.0,12035.75,Call CEX 1,CEX,0.0,,7700.0
2025-05-21 11:53:03,12000.0,12035.75,Call VEX 1,VEX,0.0,,7700.0
2025-05-21 11:54:22,200.0,200.5,Call CEX 2,CEX,0.0,,7700.0
2025-05-21 11:54:22,200.0,200.5,Call VEX 2,VEX,0.0,,7700.0
2025-05-21 11:54:22,400.0,401.25,Call CEX 3,CEX,0.0,,7700.0
2025-05-21 11:54:22,400.0,401.25,Call VEX 3,VEX,0.0,,7700.0
2025-05-21 11:54:22,600.0,601.75,Call CEX 4,CEX,0.0,,7700.0
2025-05-21 11:54:22,600.0,601.75,Call VEX 4,VEX,0.0,,7700.0
2025-05-21 11:54:22,800.0,802.5,Call CEX 5,CEX,0.0,,7700.0
2025-05-21 11:54:22,800.0,802.5,Call VEX 5,VEX,0.0,,7700.0
2025-05-21 11:54:22,4000.0,4012.0,Call DEX 1,DEX,878.274,,7700.0
2025-05-21 11:54:22,4800.0,4814.25,Put DEX 1,DEX,-261.201,,7700.0
2025-05-21 11:54:22,4800.0,4814.25,Put GEX 1,GEX,-79717.228,,7700.0
2025-05-21 11:54:22,4850.0,4864.5,Put DEX 2,DEX,-224.728,,7700.0
2025-05-21 11:54:22,4850.0,4864.5,Put GEX 2,GEX,-69876.537,,7700.0
2025-05-21 11:54:22,5000.0,5015.0,Call DEX 2,DEX,734.721,,7700.0
2025-05-21 11:54:22,5200.0,5215.5,Put DEX 5,DEX,-57.48,,7700.0
2025-05-21 11:54:22,5200.0,5215.5,Put GEX 4,GEX,-44429.492,,7700.0
2025-05-21 11:54:22,5300.0,5315.75,Put GEX 5,GEX,-28935.311,,7700.0
2025-05-21 11:54:22,5310.0,5326.0,Put DEX 3,DEX,-87.507,,7700.0
2025-05-21 11:54:22,5310.0,5326.0,Put GEX 3,GEX,-49238.67,,7700.0
2025-05-21 11:54:22,5905.0,5922.75,Call DEX 3,DEX,125.418,,7700.0
2025-05-21 11:54:22,5905.0,5922.75,Call GEX 3,GEX,131143.843,,7700.0
2025-05-21 11:54:22,6000.0,6018.0,Put DEX 4,DEX,-66.251,,7700.0
2025-05-21 11:54:22,6000.0,6018.0,Call GEX 1,GEX,213543.554,,7700.0
2025-05-21 11:54:22,6050.0,6068.0,Call GEX 5,GEX,78439.508,,7700.0
2025-05-21 11:54:22,6100.0,6118.25,Call DEX 4,DEX,104.217,,7700.0
2025-05-21 11:54:22,6100.0,6118.25,Call GEX 2,GEX,172968.113,,7700.0
2025-05-21 11:54:22,6200.0,6218.5,Call GEX 4,GEX,92268.853,,7700.0
2025-05-21 11:54:22,6400.0,6419.25,Call DEX 5,DEX,97.568,,7700.0
2025-05-21 11:54:22,9600.0,9628.75,Put CEX 5,CEX,0.0,,7700.0
2025-05-21 11:54:22,9600.0,9628.75,Put VEX 5,VEX,0.0,,7700.0
2025-05-21 11:54:22,10000.0,10030.0,Put CEX 4,CEX,0.0,,7700.0
2025-05-21 11:54:22,10000.0,10030.0,Put VEX 4,VEX,0.0,,7700.0
2025-05-21 11:54:22,10100.0,10130.25,Put CEX 3,CEX,0.0,,7700.0
2025-05-21 11:54:22,10100.0,10130.25,Put VEX 3,VEX,0.0,,7700.0
2025-05-21 11:54:22,10200.0,10230.5,Put CEX 2,CEX,0.0,,7700.0
2025-05-21 11:54:22,10200.0,10230.5,Put VEX 2,VEX,0.0,,7700.0
2025-05-21 11:54:22,10400.0,10431.25,Put CEX 1,CEX,0.0,,7700.0
2025-05-21 11:54:22,10400.0,10431.25,Put VEX 1,VEX,0.0,,7700.0
2025-05-21 11:54:22,12000.0,12036.0,Call CEX 1,CEX,0.0,,7700.0
2025-05-21 11:54:22,12000.0,12036.0,Call VEX 1,VEX,0.0,,7700.0
2025-05-21 11:55:41,200.0,200.5,Call CEX 2,CEX,0.0,,7700.0
2025-05-21 11:55:41,200.0,200.5,Call VEX 2,VEX,0.0,,7700.0
2025-05-21 11:55:41,400.0,401.0,Call CEX 3,CEX,0.0,,7700.0
2025-05-21 11:55:41,400.0,401.0,Call VEX 3,VEX,0.0,,7700.0
2025-05-21 11:55:41,600.0,601.75,Call CEX 4,CEX,0.0,,7700.0
2025-05-21 11:55:41,600.0,601.75,Call VEX 4,VEX,0.0,,7700.0
2025-05-21 11:55:41,800.0,802.25,Call CEX 5,CEX,0.0,,7700.0
2025-05-21 11:55:41,800.0,802.25,Call VEX 5,VEX,0.0,,7700.0
2025-05-21 11:55:41,4000.0,4011.25,Call DEX 1,DEX,877.395,,7700.0
2025-05-21 11:55:41,4800.0,4813.5,Put DEX 1,DEX,-261.191,,7700.0
2025-05-21 11:55:41,4800.0,4813.5,Put GEX 1,GEX,-79917.553,,7700.0
2025-05-21 11:55:41,4850.0,4863.5,Put DEX 2,DEX,-224.716,,7700.0
2025-05-21 11:55:41,4850.0,4863.5,Put GEX 2,GEX,-70054.024,,7700.0
2025-05-21 11:55:41,5000.0,5014.0,Call DEX 2,DEX,732.644,,7700.0
2025-05-21 11:55:41,5200.0,5214.5,Put DEX 5,DEX,-57.663,,7700.0
2025-05-21 11:55:41,5200.0,5214.5,Put GEX 4,GEX,-44627.171,,7700.0
2025-05-21 11:55:41,5300.0,5314.75,Put GEX 5,GEX,-28906.152,,7700.0
2025-05-21 11:55:41,5310.0,5324.75,Put DEX 3,DEX,-87.637,,7700.0
2025-05-21 11:55:41,5310.0,5324.75,Put GEX 3,GEX,-49422.116,,7700.0
2025-05-21 11:55:41,5905.0,5921.5,Call DEX 3,DEX,124.728,,7700.0
2025-05-21 11:55:41,5905.0,5921.5,Call GEX 3,GEX,129858.866,,7700.0
2025-05-21 11:55:41,6000.0,6016.75,Put DEX 4,DEX,-71.554,,7700.0
2025-05-21 11:55:41,6000.0,6016.75,Call GEX 1,GEX,200455.576,,7700.0
2025-05-21 11:55:41,6050.0,6067.0,Call GEX 5,GEX,77181.133,,7700.0
2025-05-21 11:55:41,6100.0,6117.0,Call DEX 4,DEX,103.704,,7700.0
2025-05-21 11:55:41,6100.0,6117.0,Call GEX 2,GEX,170644.25,,7700.0
2025-05-21 11:55:41,6200.0,6217.25,Call GEX 4,GEX,91159.264,,7700.0
2025-05-21 11:55:41,6400.0,6417.75,Call DEX 5,DEX,97.51,,7700.0
2025-05-21 11:55:41,9600.0,9626.75,Put CEX 5,CEX,0.0,,7700.0
2025-05-21 11:55:41,9600.0,9626.75,Put VEX 5,VEX,0.0,,7700.0
2025-05-21 11:55:41,10000.0,10028.0,Put CEX 4,CEX,0.0,,7700.0
2025-05-21 11:55:41,10000.0,10028.0,Put VEX 4,VEX,0.0,,7700.0
2025-05-21 11:55:41,10100.0,10128.25,Put CEX 3,CEX,0.0,,7700.0
2025-05-21 11:55:41,10100.0,10128.25,Put VEX 3,VEX,0.0,,7700.0
2025-05-21 11:55:41,10200.0,10228.5,Put CEX 2,CEX,0.0,,7700.0
2025-05-21 11:55:41,10200.0,10228.5,Put VEX 2,VEX,0.0,,7700.0
2025-05-21 11:55:41,10400.0,10429.0,Put CEX 1,CEX,0.0,,7700.0
2025-05-21 11:55:41,10400.0,10429.0,Put VEX 1,VEX,0.0,,7700.0
2025-05-21 11:55:41,12000.0,12033.5,Call CEX 1,CEX,0.0,,7700.0
2025-05-21 11:55:41,12000.0,12033.5,Call VEX 1,VEX,0.0,,7700.0
2025-05-21 11:56:59,200.0,200.5,Call CEX 2,CEX,0.0,,7700.0
2025-05-21 11:56:59,200.0,200.5,Call VEX 2,VEX,0.0,,7700.0
2025-05-21 11:56:59,400.0,401.25,Call CEX 3,CEX,0.0,,7700.0
2025-05-21 11:56:59,400.0,401.25,Call VEX 3,VEX,0.0,,7700.0
2025-05-21 11:56:59,600.0,601.75,Call CEX 4,CEX,0.0,,7700.0
2025-05-21 11:56:59,600.0,601.75,Call VEX 4,VEX,0.0,,7700.0
2025-05-21 11:56:59,800.0,802.25,Call CEX 5,CEX,0.0,,7700.0
2025-05-21 11:56:59,800.0,802.25,Call VEX 5,VEX,0.0,,7700.0
2025-05-21 11:56:59,4000.0,4011.75,Call DEX 1,DEX,876.257,,7700.0
2025-05-21 11:56:59,4800.0,4814.25,Put DEX 1,DEX,-261.184,,7700.0
2025-05-21 11:56:59,4800.0,4814.25,Put GEX 1,GEX,-80138.521,,7700.0
2025-05-21 11:56:59,4850.0,4864.25,Put DEX 2,DEX,-224.703,,7700.0
2025-05-21 11:56:59,4850.0,4864.25,Put GEX 2,GEX,-70248.287,,7700.0
2025-05-21 11:56:59,5000.0,5014.75,Call DEX 2,DEX,729.697,,7700.0
2025-05-21 11:56:59,5200.0,5215.25,Put DEX 5,DEX,-57.929,,7700.0
2025-05-21 11:56:59,5200.0,5215.25,Put GEX 4,GEX,-44897.134,,7700.0
2025-05-21 11:56:59,5300.0,5315.75,Put GEX 5,GEX,-29396.91,,7700.0
2025-05-21 11:56:59,5310.0,5325.75,Put DEX 3,DEX,-87.759,,7700.0
2025-05-21 11:56:59,5310.0,5325.75,Put GEX 3,GEX,-49658.559,,7700.0
2025-05-21 11:56:59,5905.0,5922.5,Call DEX 3,DEX,124.027,,7700.0
2025-05-21 11:56:59,5905.0,5922.5,Call GEX 3,GEX,127946.511,,7700.0
2025-05-21 11:56:59,6000.0,6017.75,Put DEX 4,DEX,-76.516,,7700.0
2025-05-21 11:56:59,6000.0,6017.75,Call GEX 1,GEX,189969.376,,7700.0
2025-05-21 11:56:59,6050.0,6067.75,Call GEX 5,GEX,75625.616,,7700.0
2025-05-21 11:56:59,6100.0,6118.0,Call DEX 4,DEX,103.134,,7700.0
2025-05-21 11:56:59,6100.0,6118.0,Call GEX 2,GEX,167772.892,,7700.0
2025-05-21 11:56:59,6200.0,6218.25,Call GEX 4,GEX,90043.563,,7700.0
2025-05-21 11:56:59,6400.0,6419.0,Call DEX 5,DEX,97.475,,7700.0
2025-05-21 11:56:59,9600.0,9628.25,Put CEX 5,CEX,0.0,,7700.0
2025-05-21 11:56:59,9600.0,9628.25,Put VEX 5,VEX,0.0,,7700.0
2025-05-21 11:56:59,10000.0,10029.5,Put CEX 4,CEX,0.0,,7700.0
2025-05-21 11:56:59,10000.0,10029.5,Put VEX 4,VEX,0.0,,7700.0
2025-05-21 11:56:59,10100.0,10129.75,Put CEX 3,CEX,0.0,,7700.0
2025-05-21 11:56:59,10100.0,10129.75,Put VEX 3,VEX,0.0,,7700.0
2025-05-21 11:56:59,10200.0,10230.0,Put CEX 2,CEX,0.0,,7700.0
2025-05-21 11:56:59,10200.0,10230.0,Put VEX 2,VEX,0.0,,7700.0
2025-05-21 11:56:59,10400.0,10430.75,Put CEX 1,CEX,0.0,,7700.0
2025-05-21 11:56:59,10400.0,10430.75,Put VEX 1,VEX,0.0,,7700.0
2025-05-21 11:56:59,12000.0,12035.5,Call CEX 1,CEX,0.0,,7700.0
2025-05-21 11:56:59,12000.0,12035.5,Call VEX 1,VEX,0.0,,7700.0
2025-05-21 11:58:19,200.0,200.5,Call CEX 2,CEX,0.0,,7700.0
2025-05-21 11:58:19,200.0,200.5,Call VEX 2,VEX,0.0,,7700.0
2025-05-21 11:58:19,400.0,401.25,Call CEX 3,CEX,0.0,,7700.0
2025-05-21 11:58:19,400.0,401.25,Call VEX 3,VEX,0.0,,7700.0
2025-05-21 11:58:19,600.0,601.75,Call CEX 4,CEX,0.0,,7700.0
2025-05-21 11:58:19,600.0,601.75,Call VEX 4,VEX,0.0,,7700.0
2025-05-21 11:58:19,800.0,802.25,Call CEX 5,CEX,0.0,,7700.0
2025-05-21 11:58:19,800.0,802.25,Call VEX 5,VEX,0.0,,7700.0
2025-05-21 11:58:19,4000.0,4011.75,Call DEX 1,DEX,875.536,,7700.0
2025-05-21 11:58:19,4800.0,4814.0,Put DEX 1,DEX,-261.179,,7700.0
2025-05-21 11:58:19,4800.0,4814.0,Put GEX 1,GEX,-80260.865,,7700.0
2025-05-21 11:58:19,4850.0,4864.25,Put DEX 2,DEX,-224.668,,7700.0
2025-05-21 11:58:19,4850.0,4864.25,Put GEX 2,GEX,-70349.919,,7700.0
2025-05-21 11:58:19,5000.0,5014.5,Call DEX 2,DEX,724.885,,7700.0
2025-05-21 11:58:19,5200.0,5215.25,Put DEX 5,DEX,-58.203,,7700.0
2025-05-21 11:58:19,5200.0,5215.25,Put GEX 4,GEX,-45263.748,,7700.0
2025-05-21 11:58:19,5300.0,5315.5,Put GEX 5,GEX,-29809.792,,7700.0
2025-05-21 11:58:19,5310.0,5325.5,Put DEX 3,DEX,-87.773,,7700.0
2025-05-21 11:58:19,5310.0,5325.5,Put GEX 3,GEX,-49905.953,,7700.0
2025-05-21 11:58:19,5905.0,5922.25,Call DEX 3,DEX,123.816,,7700.0
2025-05-21 11:58:19,5905.0,5922.25,Call GEX 3,GEX,125018.493,,7700.0
2025-05-21 11:58:19,6000.0,6017.5,Put DEX 4,DEX,-79.55,,7700.0
2025-05-21 11:58:19,6000.0,6017.5,Call GEX 2,GEX,161190.005,,7700.0
2025-05-21 11:58:19,6050.0,6067.75,Call GEX 5,GEX,74016.005,,7700.0
2025-05-21 11:58:19,6100.0,6117.75,Call DEX 4,DEX,102.96,,7700.0
2025-05-21 11:58:19,6100.0,6117.75,Call GEX 1,GEX,165412.087,,7700.0
2025-05-21 11:58:19,6200.0,6218.0,Call GEX 4,GEX,89232.965,,7700.0
2025-05-21 11:58:19,6400.0,6418.75,Call DEX 5,DEX,97.441,,7700.0
2025-05-21 11:58:19,9600.0,9628.0,Put CEX 5,CEX,0.0,,7700.0
2025-05-21 11:58:19,9600.0,9628.0,Put VEX 5,VEX,0.0,,7700.0
2025-05-21 11:58:19,10000.0,10029.25,Put CEX 4,CEX,0.0,,7700.0
2025-05-21 11:58:19,10000.0,10029.25,Put VEX 4,VEX,0.0,,7700.0
2025-05-21 11:58:19,10100.0,10129.5,Put CEX 3,CEX,0.0,,7700.0
2025-05-21 11:58:19,10100.0,10129.5,Put VEX 3,VEX,0.0,,7700.0
2025-05-21 11:58:19,10200.0,10229.75,Put CEX 2,CEX,0.0,,7700.0
2025-05-21 11:58:19,10200.0,10229.75,Put VEX 2,VEX,0.0,,7700.0
2025-05-21 11:58:19,10400.0,10430.5,Put CEX 1,CEX,0.0,,7700.0
2025-05-21 11:58:19,10400.0,10430.5,Put VEX 1,VEX,0.0,,7700.0
2025-05-21 11:58:19,12000.0,12035.0,Call CEX 1,CEX,0.0,,7700.0
2025-05-21 11:58:19,12000.0,12035.0,Call VEX 1,VEX,0.0,,7700.0
2025-05-21 11:59:39,200.0,200.5,Call CEX 2,CEX,0.0,,7700.0
2025-05-21 11:59:39,200.0,200.5,Call VEX 2,VEX,0.0,,7700.0
2025-05-21 11:59:39,400.0,401.25,Call CEX 3,CEX,0.0,,7700.0
2025-05-21 11:59:39,400.0,401.25,Call VEX 3,VEX,0.0,,7700.0
2025-05-21 11:59:39,600.0,601.75,Call CEX 4,CEX,0.0,,7700.0
2025-05-21 11:59:39,600.0,601.75,Call VEX 4,VEX,0.0,,7700.0
2025-05-21 11:59:39,800.0,802.25,Call CEX 5,CEX,0.0,,7700.0
2025-05-21 11:59:39,800.0,802.25,Call VEX 5,VEX,0.0,,7700.0
2025-05-21 11:59:39,4000.0,4011.5,Call DEX 1,DEX,876.863,,7700.0
2025-05-21 11:59:39,4800.0,4813.75,Put DEX 1,DEX,-261.2,,7700.0
2025-05-21 11:59:39,4800.0,4813.75,Put GEX 1,GEX,-80009.531,,7700.0
2025-05-21 11:59:39,4850.0,4864.0,Put DEX 2,DEX,-224.715,,7700.0
2025-05-21 11:59:39,4850.0,4864.0,Put GEX 2,GEX,-70126.263,,7700.0
2025-05-21 11:59:39,5000.0,5014.5,Call DEX 2,DEX,729.81,,7700.0
2025-05-21 11:59:39,5200.0,5215.0,Put DEX 5,DEX,-57.845,,7700.0
2025-05-21 11:59:39,5200.0,5215.0,Put GEX 4,GEX,-44812.024,,7700.0
2025-05-21 11:59:39,5300.0,5315.25,Put GEX 5,GEX,-29395.71,,7700.0
2025-05-21 11:59:39,5310.0,5325.25,Put DEX 3,DEX,-87.687,,7700.0
2025-05-21 11:59:39,5310.0,5325.25,Put GEX 3,GEX,-49600.994,,7700.0
2025-05-21 11:59:39,5905.0,5922.0,Call DEX 3,DEX,124.52,,7700.0
2025-05-21 11:59:39,5905.0,5922.0,Call GEX 3,GEX,127536.525,,7700.0
2025-05-21 11:59:39,6000.0,6017.25,Put DEX 4,DEX,-73.206,,7700.0
2025-05-21 11:59:39,6000.0,6017.25,Call GEX 1,GEX,185765.263,,7700.0
2025-05-21 11:59:39,6050.0,6067.5,Call GEX 5,GEX,76037.506,,7700.0
2025-05-21 11:59:39,6100.0,6117.5,Call DEX 4,DEX,103.606,,7700.0
2025-05-21 11:59:39,6100.0,6117.5,Call GEX 2,GEX,168874.563,,7700.0
2025-05-21 11:59:39,6200.0,6218.0,Call GEX 4,GEX,90594.252,,7700.0
2025-05-21 11:59:39,6400.0,6418.5,Call DEX 5,DEX,97.496,,7700.0
2025-05-21 11:59:39,9600.0,9627.75,Put CEX 5,CEX,0.0,,7700.0
2025-05-21 11:59:39,9600.0,9627.75,Put VEX 5,VEX,0.0,,7700.0
2025-05-21 11:59:39,10000.0,10028.75,Put CEX 4,CEX,0.0,,7700.0
2025-05-21 11:59:39,10000.0,10028.75,Put VEX 4,VEX,0.0,,7700.0
2025-05-21 11:59:39,10100.0,10129.25,Put CEX 3,CEX,0.0,,7700.0
2025-05-21 11:59:39,10100.0,10129.25,Put VEX 3,VEX,0.0,,7700.0
2025-05-21 11:59:39,10200.0,10229.5,Put CEX 2,CEX,0.0,,7700.0
2025-05-21 11:59:39,10200.0,10229.5,Put VEX 2,VEX,0.0,,7700.0
2025-05-21 11:59:39,10400.0,10430.0,Put CEX 1,CEX,0.0,,7700.0
2025-05-21 11:59:39,10400.0,10430.0,Put VEX 1,VEX,0.0,,7700.0
2025-05-21 11:59:39,12000.0,12034.5,Call CEX 1,CEX,0.0,,7700.0
2025-05-21 11:59:39,12000.0,12034.5,Call VEX 1,VEX,0.0,,7700.0
2025-05-21 12:00:58,200.0,200.5,Call CEX 2,CEX,0.0,,7700.0
2025-05-21 12:00:58,200.0,200.5,Call VEX 2,VEX,0.0,,7700.0
2025-05-21 12:00:58,400.0,401.25,Call CEX 3,CEX,0.0,,7700.0
2025-05-21 12:00:58,400.0,401.25,Call VEX 3,VEX,0.0,,7700.0
2025-05-21 12:00:58,600.0,601.75,Call CEX 4,CEX,0.0,,7700.0
2025-05-21 12:00:58,600.0,601.75,Call VEX 4,VEX,0.0,,7700.0
2025-05-21 12:00:58,800.0,802.5,Call CEX 5,CEX,0.0,,7700.0
2025-05-21 12:00:58,800.0,802.5,Call VEX 5,VEX,0.0,,7700.0
2025-05-21 12:00:58,4000.0,4012.0,Call DEX 1,DEX,877.923,,7700.0
2025-05-21 12:00:58,4800.0,4814.25,Put DEX 1,DEX,-261.206,,7700.0
2025-05-21 12:00:58,4800.0,4814.25,Put GEX 1,GEX,-79887.126,,7700.0
2025-05-21 12:00:58,4850.0,4864.5,Put DEX 2,DEX,-224.734,,7700.0
2025-05-21 12:00:58,4850.0,4864.5,Put GEX 2,GEX,-70033.067,,7700.0
2025-05-21 12:00:58,5000.0,5014.75,Call DEX 2,DEX,733.905,,7700.0
2025-05-21 12:00:58,5200.0,5215.5,Put DEX 5,DEX,-57.595,,7700.0
2025-05-21 12:00:58,5200.0,5215.5,Put GEX 4,GEX,-44506.49,,7700.0
2025-05-21 12:00:58,5300.0,5315.75,Put GEX 5,GEX,-28929.6,,7700.0
2025-05-21 12:00:58,5310.0,5325.75,Put DEX 3,DEX,-87.652,,7700.0
2025-05-21 12:00:58,5310.0,5325.75,Put GEX 3,GEX,-49356.567,,7700.0
2025-05-21 12:00:58,5905.0,5922.5,Call DEX 3,DEX,124.753,,7700.0
2025-05-21 12:00:58,5905.0,5922.5,Call GEX 3,GEX,130327.031,,7700.0
2025-05-21 12:00:58,6000.0,6017.75,Put DEX 4,DEX,-70.438,,7700.0
2025-05-21 12:00:58,6000.0,6017.75,Call GEX 1,GEX,208796.634,,7700.0
2025-05-21 12:00:58,6050.0,6068.0,Call GEX 5,GEX,77804.259,,7700.0
2025-05-21 12:00:58,6100.0,6118.0,Call DEX 4,DEX,103.775,,7700.0
2025-05-21 12:00:58,6100.0,6118.0,Call GEX 2,GEX,171343.69,,7700.0
2025-05-21 12:00:58,6200.0,6218.5,Call GEX 4,GEX,91446.292,,7700.0
2025-05-21 12:00:58,6400.0,6419.0,Call DEX 5,DEX,97.528,,7700.0
2025-05-21 12:00:58,9600.0,9628.5,Put CEX 5,CEX,0.0,,7700.0
2025-05-21 12:00:58,9600.0,9628.5,Put VEX 5,VEX,0.0,,7700.0
2025-05-21 12:00:58,10000.0,10029.75,Put CEX 4,CEX,0.0,,7700.0
2025-05-21 12:00:58,10000.0,10029.75,Put VEX 4,VEX,0.0,,7700.0
2025-05-21 12:00:58,10100.0,10130.0,Put CEX 3,CEX,0.0,,7700.0
2025-05-21 12:00:58,10100.0,10130.0,Put VEX 3,VEX,0.0,,7700.0
2025-05-21 12:00:58,10200.0,10230.25,Put CEX 2,CEX,0.0,,7700.0
2025-05-21 12:00:58,10200.0,10230.25,Put VEX 2,VEX,0.0,,7700.0
2025-05-21 12:00:58,10400.0,10431.0,Put CEX 1,CEX,0.0,,7700.0
2025-05-21 12:00:58,10400.0,10431.0,Put VEX 1,VEX,0.0,,7700.0
2025-05-21 12:00:58,12000.0,12035.75,Call CEX 1,CEX,0.0,,7700.0
2025-05-21 12:00:58,12000.0,12035.75,Call VEX 1,VEX,0.0,,7700.0
2025-05-21 12:02:18,200.0,200.5,Call CEX 2,CEX,0.0,,7700.0
2025-05-21 12:02:18,200.0,200.5,Call VEX 2,VEX,0.0,,7700.0
2025-05-21 12:02:18,400.0,401.25,Call CEX 3,CEX,0.0,,7700.0
2025-05-21 12:02:18,400.0,401.25,Call VEX 3,VEX,0.0,,7700.0
2025-05-21 12:02:18,600.0,601.75,Call CEX 4,CEX,0.0,,7700.0
2025-05-21 12:02:18,600.0,601.75,Call VEX 4,VEX,0.0,,7700.0
2025-05-21 12:02:18,800.0,802.5,Call CEX 5,CEX,0.0,,7700.0
2025-05-21 12:02:18,800.0,802.5,Call VEX 5,VEX,0.0,,7700.0
2025-05-21 12:02:18,4000.0,4012.5,Call DEX 1,DEX,876.246,,7700.0
2025-05-21 12:02:18,4800.0,4814.75,Put DEX 1,DEX,-261.197,,7700.0
2025-05-21 12:02:18,4800.0,4814.75,Put GEX 1,GEX,-80121.335,,7700.0
2025-05-21 12:02:18,4850.0,4865.0,Put DEX 2,DEX,-224.678,,7700.0
2025-05-21 12:02:18,4850.0,4865.0,Put GEX 2,GEX,-70221.404,,7700.0
2025-05-21 12:02:18,5000.0,5015.5,Call DEX 2,DEX,725.77,,7700.0
2025-05-21 12:02:18,5200.0,5216.0,Put DEX 5,DEX,-58.074,,7700.0
2025-05-21 12:02:18,5200.0,5216.0,Put GEX 4,GEX,-45109.216,,7700.0
2025-05-21 12:02:18,5300.0,5316.5,Put GEX 5,GEX,-29786.485,,7700.0
2025-05-21 12:02:18,5310.0,5326.5,Put DEX 3,DEX,-87.698,,7700.0
2025-05-21 12:02:18,5310.0,5326.5,Put GEX 3,GEX,-49786.929,,7700.0
2025-05-21 12:02:18,5905.0,5923.25,Call DEX 3,DEX,124.318,,7700.0
2025-05-21 12:02:18,5905.0,5923.25,Call GEX 3,GEX,125566.165,,7700.0
2025-05-21 12:02:18,6000.0,6018.5,Put DEX 4,DEX,-75.798,,7700.0
2025-05-21 12:02:18,6000.0,6018.5,Call GEX 2,GEX,165720.152,,7700.0
2025-05-21 12:02:18,6050.0,6068.75,Call GEX 5,GEX,74512.515,,7700.0
2025-05-21 12:02:18,6100.0,6119.0,Call DEX 4,DEX,103.356,,7700.0
2025-05-21 12:02:18,6100.0,6119.0,Call GEX 1,GEX,166447.552,,7700.0
2025-05-21 12:02:18,6200.0,6219.25,Call GEX 4,GEX,89780.174,,7700.0
2025-05-21 12:02:18,6400.0,6419.75,Call DEX 5,DEX,97.487,,7700.0
2025-05-21 12:02:18,9600.0,9629.75,Put CEX 5,CEX,0.0,,7700.0
2025-05-21 12:02:18,9600.0,9629.75,Put VEX 5,VEX,0.0,,7700.0
2025-05-21 12:02:18,10000.0,10031.0,Put CEX 4,CEX,0.0,,7700.0
2025-05-21 12:02:18,10000.0,10031.0,Put VEX 4,VEX,0.0,,7700.0
2025-05-21 12:02:18,10100.0,10131.25,Put CEX 3,CEX,0.0,,7700.0
2025-05-21 12:02:18,10100.0,10131.25,Put VEX 3,VEX,0.0,,7700.0
2025-05-21 12:02:18,10200.0,10231.5,Put CEX 2,CEX,0.0,,7700.0
2025-05-21 12:02:18,10200.0,10231.5,Put VEX 2,VEX,0.0,,7700.0
2025-05-21 12:02:18,10400.0,10432.25,Put CEX 1,CEX,0.0,,7700.0
2025-05-21 12:02:18,10400.0,10432.25,Put VEX 1,VEX,0.0,,7700.0
2025-05-21 12:02:18,12000.0,12037.25,Call CEX 1,CEX,0.0,,7700.0
2025-05-21 12:02:18,12000.0,12037.25,Call VEX 1,VEX,0.0,,7700.0
2025-05-21 12:03:37,200.0,200.5,Call CEX 2,CEX,0.0,,7700.0
2025-05-21 12:03:37,200.0,200.5,Call VEX 2,VEX,0.0,,7700.0
2025-05-21 12:03:37,400.0,401.25,Call CEX 3,CEX,0.0,,7700.0
2025-05-21 12:03:37,400.0,401.25,Call VEX 3,VEX,0.0,,7700.0
2025-05-21 12:03:37,600.0,601.75,Call CEX 4,CEX,0.0,,7700.0
2025-05-21 12:03:37,600.0,601.75,Call VEX 4,VEX,0.0,,7700.0
2025-05-21 12:03:37,800.0,802.25,Call CEX 5,CEX,0.0,,7700.0
2025-05-21 12:03:37,800.0,802.25,Call VEX 5,VEX,0.0,,7700.0
2025-05-21 12:03:37,4000.0,4011.5,Call DEX 1,DEX,877.366,,7700.0
2025-05-21 12:03:37,4800.0,4813.75,Put DEX 1,DEX,-261.213,,7700.0
2025-05-21 12:03:37,4800.0,4813.75,Put GEX 1,GEX,-79867.773,,7700.0
2025-05-21 12:03:37,4850.0,4864.0,Put DEX 2,DEX,-224.721,,7700.0
2025-05-21 12:03:37,4850.0,4864.0,Put GEX 2,GEX,-70005.38,,7700.0
2025-05-21 12:03:37,5000.0,5014.5,Call DEX 2,DEX,731.226,,7700.0
2025-05-21 12:03:37,5200.0,5215.0,Put DEX 5,DEX,-57.694,,7700.0
2025-05-21 12:03:37,5200.0,5215.0,Put GEX 4,GEX,-44644.385,,7700.0
2025-05-21 12:03:37,5300.0,5315.25,Put GEX 5,GEX,-29220.282,,7700.0
2025-05-21 12:03:37,5310.0,5325.25,Put DEX 3,DEX,-87.591,,7700.0
2025-05-21 12:03:37,5310.0,5325.25,Put GEX 3,GEX,-49437.094,,7700.0
2025-05-21 12:03:37,5905.0,5922.0,Call DEX 3,DEX,124.986,,7700.0
2025-05-21 12:03:37,5905.0,5922.0,Call GEX 3,GEX,128566.867,,7700.0
2025-05-21 12:03:37,6000.0,6017.25,Put DEX 4,DEX,-69.477,,7700.0
2025-05-21 12:03:37,6000.0,6017.25,Call GEX 1,GEX,194010.034,,7700.0
2025-05-21 12:03:37,6050.0,6067.5,Call GEX 5,GEX,76899.637,,7700.0
2025-05-21 12:03:37,6100.0,6117.5,Call DEX 4,DEX,103.944,,7700.0
2025-05-21 12:03:37,6100.0,6117.5,Call GEX 2,GEX,170537.474,,7700.0
2025-05-21 12:03:37,6200.0,6217.75,Call GEX 4,GEX,91263.455,,7700.0
2025-05-21 12:03:37,6400.0,6418.5,Call DEX 5,DEX,97.535,,7700.0
2025-05-21 12:03:37,9600.0,9627.5,Put CEX 5,CEX,0.0,,7700.0
2025-05-21 12:03:37,9600.0,9627.5,Put VEX 5,VEX,0.0,,7700.0
2025-05-21 12:03:37,10000.0,10028.75,Put CEX 4,CEX,0.0,,7700.0
2025-05-21 12:03:37,10000.0,10028.75,Put VEX 4,VEX,0.0,,7700.0
2025-05-21 12:03:37,10100.0,10129.0,Put CEX 3,CEX,0.0,,7700.0
2025-05-21 12:03:37,10100.0,10129.0,Put VEX 3,VEX,0.0,,7700.0
2025-05-21 12:03:37,10200.0,10229.25,Put CEX 2,CEX,0.0,,7700.0
2025-05-21 12:03:37,10200.0,10229.25,Put VEX 2,VEX,0.0,,7700.0
2025-05-21 12:03:37,10400.0,10430.0,Put CEX 1,CEX,0.0,,7700.0
2025-05-21 12:03:37,10400.0,10430.0,Put VEX 1,VEX,0.0,,7700.0
2025-05-21 12:03:37,12000.0,12034.5,Call CEX 1,CEX,0.0,,7700.0
2025-05-21 12:03:37,12000.0,12034.5,Call VEX 1,VEX,0.0,,7700.0
2025-05-21 12:04:56,200.0,200.5,Call CEX 2,CEX,0.0,,7700.0
2025-05-21 12:04:56,200.0,200.5,Call VEX 2,VEX,0.0,,7700.0
2025-05-21 12:04:56,400.0,401.25,Call CEX 3,CEX,0.0,,7700.0
2025-05-21 12:04:56,400.0,401.25,Call VEX 3,VEX,0.0,,7700.0
2025-05-21 12:04:56,600.0,601.75,Call CEX 4,CEX,0.0,,7700.0
2025-05-21 12:04:56,600.0,601.75,Call VEX 4,VEX,0.0,,7700.0
2025-05-21 12:04:56,800.0,802.25,Call CEX 5,CEX,0.0,,7700.0
2025-05-21 12:04:56,800.0,802.25,Call VEX 5,VEX,0.0,,7700.0
2025-05-21 12:04:56,4000.0,4011.75,Call DEX 1,DEX,877.457,,7700.0
2025-05-21 12:04:56,4800.0,4814.0,Put DEX 1,DEX,-261.208,,7700.0
2025-05-21 12:04:56,4800.0,4814.0,Put GEX 1,GEX,-79894.197,,7700.0
2025-05-21 12:04:56,4850.0,4864.0,Put DEX 2,DEX,-224.713,,7700.0
2025-05-21 12:04:56,4850.0,4864.0,Put GEX 2,GEX,-70029.531,,7700.0
2025-05-21 12:04:56,5000.0,5014.5,Call DEX 2,DEX,731.032,,7700.0
2025-05-21 12:04:56,5200.0,5215.25,Put DEX 5,DEX,-57.714,,7700.0
2025-05-21 12:04:56,5200.0,5215.25,Put GEX 4,GEX,-44685.609,,7700.0
2025-05-21 12:04:56,5300.0,5315.5,Put GEX 5,GEX,-29280.205,,7700.0
2025-05-21 12:04:56,5310.0,5325.5,Put DEX 3,DEX,-87.619,,7700.0
2025-05-21 12:04:56,5310.0,5325.5,Put GEX 3,GEX,-49459.15,,7700.0
2025-05-21 12:04:56,5905.0,5922.25,Call DEX 3,DEX,124.883,,7700.0
2025-05-21 12:04:56,5905.0,5922.25,Call GEX 3,GEX,129232.248,,7700.0
2025-05-21 12:04:56,6000.0,6017.5,Put DEX 4,DEX,-70.252,,7700.0
2025-05-21 12:04:56,6000.0,6017.5,Call GEX 1,GEX,197242.304,,7700.0
2025-05-21 12:04:56,6050.0,6067.5,Call GEX 5,GEX,76983.556,,7700.0
2025-05-21 12:04:56,6100.0,6117.75,Call DEX 4,DEX,103.77,,7700.0
2025-05-21 12:04:56,6100.0,6117.75,Call GEX 2,GEX,170663.184,,7700.0
2025-05-21 12:04:56,6200.0,6218.0,Call GEX 4,GEX,91248.799,,7700.0
2025-05-21 12:04:56,6400.0,6418.75,Call DEX 5,DEX,97.54,,7700.0
2025-05-21 12:04:56,9600.0,9628.0,Put CEX 5,CEX,0.0,,7700.0
2025-05-21 12:04:56,9600.0,9628.0,Put VEX 5,VEX,0.0,,7700.0
2025-05-21 12:04:56,10000.0,10029.0,Put CEX 4,CEX,0.0,,7700.0
2025-05-21 12:04:56,10000.0,10029.0,Put VEX 4,VEX,0.0,,7700.0
2025-05-21 12:04:56,10100.0,10129.5,Put CEX 3,CEX,0.0,,7700.0
2025-05-21 12:04:56,10100.0,10129.5,Put VEX 3,VEX,0.0,,7700.0
2025-05-21 12:04:56,10200.0,10229.75,Put CEX 2,CEX,0.0,,7700.0
2025-05-21 12:04:56,10200.0,10229.75,Put VEX 2,VEX,0.0,,7700.0
2025-05-21 12:04:56,10400.0,10430.25,Put CEX 1,CEX,0.0,,7700.0
2025-05-21 12:04:56,10400.0,10430.25,Put VEX 1,VEX,0.0,,7700.0
2025-05-21 12:04:56,12000.0,12035.0,Call CEX 1,CEX,0.0,,7700.0
2025-05-21 12:04:56,12000.0,12035.0,Call VEX 1,VEX,0.0,,7700.0
2025-05-21 12:06:15,200.0,200.5,Call CEX 2,CEX,0.0,,7700.0
2025-05-21 12:06:15,200.0,200.5,Call VEX 2,VEX,0.0,,7700.0
2025-05-21 12:06:15,400.0,401.25,Call CEX 3,CEX,0.0,,7700.0
2025-05-21 12:06:15,400.0,401.25,Call VEX 3,VEX,0.0,,7700.0
2025-05-21 12:06:15,600.0,601.75,Call CEX 4,CEX,0.0,,7700.0
2025-05-21 12:06:15,600.0,601.75,Call VEX 4,VEX,0.0,,7700.0
2025-05-21 12:06:15,800.0,802.5,Call CEX 5,CEX,0.0,,7700.0
2025-05-21 12:06:15,800.0,802.5,Call VEX 5,VEX,0.0,,7700.0
2025-05-21 12:06:15,4000.0,4012.25,Call DEX 1,DEX,876.617,,7700.0
2025-05-21 12:06:15,4800.0,4814.5,Put DEX 1,DEX,-261.174,,7700.0
2025-05-21 12:06:15,4800.0,4814.5,Put GEX 1,GEX,-80051.363,,7700.0
2025-05-21 12:06:15,4850.0,4864.75,Put DEX 2,DEX,-224.673,,7700.0
2025-05-21 12:06:15,4850.0,4864.75,Put GEX 2,GEX,-70163.04,,7700.0
2025-05-21 12:06:15,5000.0,5015.25,Call DEX 2,DEX,728.882,,7700.0
2025-05-21 12:06:15,5200.0,5215.75,Put DEX 5,DEX,-57.884,,7700.0
2025-05-21 12:06:15,5200.0,5215.75,Put GEX 4,GEX,-44978.697,,7700.0
2025-05-21 12:06:15,5300.0,5316.25,Put GEX 5,GEX,-29304.922,,7700.0
2025-05-21 12:06:15,5310.0,5326.25,Put DEX 3,DEX,-87.588,,7700.0
2025-05-21 12:06:15,5310.0,5326.25,Put GEX 3,GEX,-49681.072,,7700.0
2025-05-21 12:06:15,5905.0,5923.0,Call DEX 3,DEX,124.511,,7700.0
2025-05-21 12:06:15,5905.0,5923.0,Call GEX 3,GEX,126233.273,,7700.0
2025-05-21 12:06:15,6000.0,6018.25,Put DEX 4,DEX,-74.255,,7700.0
2025-05-21 12:06:15,6000.0,6018.25,Call GEX 1,GEX,170495.084,,7700.0
2025-05-21 12:06:15,6050.0,6068.5,Call GEX 5,GEX,75495.786,,7700.0
2025-05-21 12:06:15,6100.0,6118.5,Call DEX 4,DEX,103.743,,7700.0
2025-05-21 12:06:15,6100.0,6118.5,Call GEX 2,GEX,168709.658,,7700.0
2025-05-21 12:06:15,6200.0,6218.75,Call GEX 4,GEX,90440.964,,7700.0
2025-05-21 12:06:15,6400.0,6419.5,Call DEX 5,DEX,97.512,,7700.0
2025-05-21 12:06:15,9600.0,9629.25,Put CEX 5,CEX,0.0,,7700.0
2025-05-21 12:06:15,9600.0,9629.25,Put VEX 5,VEX,0.0,,7700.0
2025-05-21 12:06:15,10000.0,10030.5,Put CEX 4,CEX,0.0,,7700.0
2025-05-21 12:06:15,10000.0,10030.5,Put VEX 4,VEX,0.0,,7700.0
2025-05-21 12:06:15,10100.0,10130.75,Put CEX 3,CEX,0.0,,7700.0
2025-05-21 12:06:15,10100.0,10130.75,Put VEX 3,VEX,0.0,,7700.0
2025-05-21 12:06:15,10200.0,10231.0,Put CEX 2,CEX,0.0,,7700.0
2025-05-21 12:06:15,10200.0,10231.0,Put VEX 2,VEX,0.0,,7700.0
2025-05-21 12:06:15,10400.0,10431.75,Put CEX 1,CEX,0.0,,7700.0
2025-05-21 12:06:15,10400.0,10431.75,Put VEX 1,VEX,0.0,,7700.0
2025-05-21 12:06:15,12000.0,12036.5,Call CEX 1,CEX,0.0,,7700.0
2025-05-21 12:06:15,12000.0,12036.5,Call VEX 1,VEX,0.0,,7700.0
2025-05-21 12:07:34,200.0,200.5,Call CEX 2,CEX,0.0,,7700.0
2025-05-21 12:07:34,200.0,200.5,Call VEX 2,VEX,0.0,,7700.0
2025-05-21 12:07:34,400.0,401.25,Call CEX 3,CEX,0.0,,7700.0
2025-05-21 12:07:34,400.0,401.25,Call VEX 3,VEX,0.0,,7700.0
2025-05-21 12:07:34,600.0,601.75,Call CEX 4,CEX,0.0,,7700.0
2025-05-21 12:07:34,600.0,601.75,Call VEX 4,VEX,0.0,,7700.0
2025-05-21 12:07:34,800.0,802.25,Call CEX 5,CEX,0.0,,7700.0
2025-05-21 12:07:34,800.0,802.25,Call VEX 5,VEX,0.0,,7700.0
2025-05-21 12:07:34,4000.0,4011.5,Call DEX 1,DEX,879.197,,7700.0
2025-05-21 12:07:34,4800.0,4814.0,Put DEX 1,DEX,-261.179,,7700.0
2025-05-21 12:07:34,4800.0,4814.0,Put GEX 1,GEX,-79852.657,,7700.0
2025-05-21 12:07:34,4850.0,4864.0,Put DEX 2,DEX,-224.758,,7700.0
2025-05-21 12:07:34,4850.0,4864.0,Put GEX 2,GEX,-70010.554,,7700.0
2025-05-21 12:07:34,5000.0,5014.5,Call DEX 2,DEX,738.72,,7700.0
2025-05-21 12:07:34,5200.0,5215.0,Put DEX 5,DEX,-57.279,,7700.0
2025-05-21 12:07:34,5200.0,5215.0,Put GEX 4,GEX,-44192.434,,7700.0
2025-05-21 12:07:34,5300.0,5315.25,Put GEX 5,GEX,-28395.934,,7700.0
2025-05-21 12:07:34,5310.0,5325.5,Put DEX 3,DEX,-87.639,,7700.0
2025-05-21 12:07:34,5310.0,5325.5,Put GEX 3,GEX,-49142.875,,7700.0
2025-05-21 12:07:34,5900.0,5917.0,Call GEX 5,GEX,84036.647,,7700.0
2025-05-21 12:07:34,5905.0,5922.0,Call DEX 3,DEX,124.651,,7700.0
2025-05-21 12:07:34,5905.0,5922.0,Call GEX 3,GEX,133809.039,,7700.0
2025-05-21 12:07:34,6000.0,6017.5,Put DEX 4,DEX,-68.932,,7700.0
2025-05-21 12:07:34,6000.0,6017.5,Call GEX 1,GEX,241709.965,,7700.0
2025-05-21 12:07:34,6100.0,6117.75,Call DEX 4,DEX,104.039,,7700.0
2025-05-21 12:07:34,6100.0,6117.75,Call GEX 2,GEX,174159.568,,7700.0
2025-05-21 12:07:34,6200.0,6218.0,Call GEX 4,GEX,92065.551,,7700.0
2025-05-21 12:07:34,6400.0,6418.5,Call DEX 5,DEX,97.536,,7700.0
2025-05-21 12:07:34,9600.0,9627.75,Put CEX 5,CEX,0.0,,7700.0
2025-05-21 12:07:34,9600.0,9627.75,Put VEX 5,VEX,0.0,,7700.0
2025-05-21 12:07:34,10000.0,10029.0,Put CEX 4,CEX,0.0,,7700.0
2025-05-21 12:07:34,10000.0,10029.0,Put VEX 4,VEX,0.0,,7700.0
2025-05-21 12:07:34,10100.0,10129.25,Put CEX 3,CEX,0.0,,7700.0
2025-05-21 12:07:34,10100.0,10129.25,Put VEX 3,VEX,0.0,,7700.0
2025-05-21 12:07:34,10200.0,10229.5,Put CEX 2,CEX,0.0,,7700.0
2025-05-21 12:07:34,10200.0,10229.5,Put VEX 2,VEX,0.0,,7700.0
2025-05-21 12:07:34,10400.0,10430.0,Put CEX 1,CEX,0.0,,7700.0
2025-05-21 12:07:34,10400.0,10430.0,Put VEX 1,VEX,0.0,,7700.0
2025-05-21 12:07:34,12000.0,12034.75,Call CEX 1,CEX,0.0,,7700.0
2025-05-21 12:07:34,12000.0,12034.75,Call VEX 1,VEX,0.0,,7700.0
2025-05-21 12:08:53,200.0,200.5,Call CEX 2,CEX,0.0,,7700.0
2025-05-21 12:08:53,200.0,200.5,Call VEX 2,VEX,0.0,,7700.0
2025-05-21 12:08:53,400.0,401.25,Call CEX 3,CEX,0.0,,7700.0
2025-05-21 12:08:53,400.0,401.25,Call VEX 3,VEX,0.0,,7700.0
2025-05-21 12:08:53,600.0,601.75,Call CEX 4,CEX,0.0,,7700.0
2025-05-21 12:08:53,600.0,601.75,Call VEX 4,VEX,0.0,,7700.0
2025-05-21 12:08:53,800.0,802.25,Call CEX 5,CEX,0.0,,7700.0
2025-05-21 12:08:53,800.0,802.25,Call VEX 5,VEX,0.0,,7700.0
2025-05-21 12:08:53,4000.0,4011.75,Call DEX 1,DEX,875.462,,7700.0
2025-05-21 12:08:53,4800.0,4814.25,Put DEX 1,DEX,-261.135,,7700.0
2025-05-21 12:08:53,4800.0,4814.25,Put GEX 1,GEX,-80467.922,,7700.0
2025-05-21 12:08:53,4850.0,4864.25,Put DEX 2,DEX,-224.666,,7700.0
2025-05-21 12:08:53,4850.0,4864.25,Put GEX 2,GEX,-70548.54,,7700.0
2025-05-21 12:08:53,5000.0,5014.75,Call DEX 2,DEX,727.906,,7700.0
2025-05-21 12:08:53,5200.0,5215.25,Put DEX 5,DEX,-58.046,,7700.0
2025-05-21 12:08:53,5200.0,5215.25,Put GEX 4,GEX,-45134.153,,7700.0
2025-05-21 12:08:53,5300.0,5315.75,Put GEX 5,GEX,-29595.273,,7700.0
2025-05-21 12:08:53,5310.0,5325.75,Put DEX 3,DEX,-87.902,,7700.0
2025-05-21 12:08:53,5310.0,5325.75,Put GEX 3,GEX,-49957.517,,7700.0
2025-05-21 12:08:53,5905.0,5922.5,Call DEX 3,DEX,122.898,,7700.0
2025-05-21 12:08:53,5905.0,5922.5,Call GEX 3,GEX,127368.646,,7700.0
2025-05-21 12:08:53,6000.0,6017.75,Put DEX 4,DEX,-83.504,,7700.0
2025-05-21 12:08:53,6000.0,6017.75,Call GEX 1,GEX,186720.74,,7700.0
2025-05-21 12:08:53,6050.0,6068.0,Call GEX 5,GEX,74711.756,,7700.0
2025-05-21 12:08:53,6100.0,6118.0,Call DEX 4,DEX,102.408,,7700.0
2025-05-21 12:08:53,6100.0,6118.0,Call GEX 2,GEX,164809.445,,7700.0
2025-05-21 12:08:53,6200.0,6218.25,Call GEX 4,GEX,88590.879,,7700.0
2025-05-21 12:08:53,6400.0,6419.0,Call DEX 5,DEX,97.426,,7700.0
2025-05-21 12:08:53,9600.0,9628.25,Put CEX 5,CEX,0.0,,7700.0
2025-05-21 12:08:53,9600.0,9628.25,Put VEX 5,VEX,0.0,,7700.0
2025-05-21 12:08:53,10000.0,10029.5,Put CEX 4,CEX,0.0,,7700.0
2025-05-21 12:08:53,10000.0,10029.5,Put VEX 4,VEX,0.0,,7700.0
2025-05-21 12:08:53,10100.0,10129.75,Put CEX 3,CEX,0.0,,7700.0
2025-05-21 12:08:53,10100.0,10129.75,Put VEX 3,VEX,0.0,,7700.0
2025-05-21 12:08:53,10200.0,10230.25,Put CEX 2,CEX,0.0,,7700.0
2025-05-21 12:08:53,10200.0,10230.25,Put VEX 2,VEX,0.0,,7700.0
2025-05-21 12:08:53,10400.0,10430.75,Put CEX 1,CEX,0.0,,7700.0
2025-05-21 12:08:53,10400.0,10430.75,Put VEX 1,VEX,0.0,,7700.0
2025-05-21 12:08:53,12000.0,12035.5,Call CEX 1,CEX,0.0,,7700.0
2025-05-21 12:08:53,12000.0,12035.5,Call VEX 1,VEX,0.0,,7700.0
2025-05-21 12:10:17,200.0,200.5,Call CEX 2,CEX,0.0,,7700.0
2025-05-21 12:10:17,200.0,200.5,Call VEX 2,VEX,0.0,,7700.0
2025-05-21 12:10:17,400.0,401.25,Call CEX 3,CEX,0.0,,7700.0
2025-05-21 12:10:17,400.0,401.25,Call VEX 3,VEX,0.0,,7700.0
2025-05-21 12:10:17,600.0,601.75,Call CEX 4,CEX,0.0,,7700.0
2025-05-21 12:10:17,600.0,601.75,Call VEX 4,VEX,0.0,,7700.0
2025-05-21 12:10:17,800.0,802.25,Call CEX 5,CEX,0.0,,7700.0
2025-05-21 12:10:17,800.0,802.25,Call VEX 5,VEX,0.0,,7700.0
2025-05-21 12:10:17,4000.0,4011.5,Call DEX 1,DEX,875.766,,7700.0
2025-05-21 12:10:17,4800.0,4813.75,Put DEX 1,DEX,-261.138,,7700.0
2025-05-21 12:10:17,4800.0,4813.75,Put GEX 1,GEX,-80515.032,,7700.0
2025-05-21 12:10:17,4850.0,4864.0,Put DEX 2,DEX,-224.693,,7700.0
2025-05-21 12:10:17,4850.0,4864.0,Put GEX 2,GEX,-70600.292,,7700.0
2025-05-21 12:10:17,5000.0,5014.25,Call DEX 2,DEX,730.196,,7700.0
2025-05-21 12:10:17,5200.0,5215.0,Put DEX 5,DEX,-57.979,,7700.0
2025-05-21 12:10:17,5200.0,5215.0,Put GEX 4,GEX,-44989.231,,7700.0
2025-05-21 12:10:17,5300.0,5315.25,Put GEX 5,GEX,-29249.895,,7700.0
2025-05-21 12:10:17,5310.0,5325.25,Put DEX 3,DEX,-87.988,,7700.0
2025-05-21 12:10:17,5310.0,5325.25,Put GEX 3,GEX,-49850.73,,7700.0
2025-05-21 12:10:17,5905.0,5922.0,Call DEX 3,DEX,122.519,,7700.0
2025-05-21 12:10:17,5905.0,5922.0,Call GEX 3,GEX,129726.096,,7700.0
2025-05-21 12:10:17,6000.0,6017.25,Put DEX 4,DEX,-84.241,,7700.0
2025-05-21 12:10:17,6000.0,6017.25,Call GEX 1,GEX,207904.849,,7700.0
2025-05-21 12:10:17,6050.0,6067.25,Call GEX 5,GEX,75539.268,,7700.0
2025-05-21 12:10:17,6100.0,6117.5,Call DEX 4,DEX,102.189,,7700.0
2025-05-21 12:10:17,6100.0,6117.5,Call GEX 2,GEX,165439.627,,7700.0
2025-05-21 12:10:17,6200.0,6217.75,Call GEX 4,GEX,88543.834,,7700.0
2025-05-21 12:10:17,6400.0,6418.25,Call DEX 5,DEX,97.415,,7700.0
2025-05-21 12:10:17,9600.0,9627.5,Put CEX 5,CEX,0.0,,7700.0
2025-05-21 12:10:17,9600.0,9627.5,Put VEX 5,VEX,0.0,,7700.0
2025-05-21 12:10:17,10000.0,10028.75,Put CEX 4,CEX,0.0,,7700.0
2025-05-21 12:10:17,10000.0,10028.75,Put VEX 4,VEX,0.0,,7700.0
2025-05-21 12:10:17,10100.0,10129.0,Put CEX 3,CEX,0.0,,7700.0
2025-05-21 12:10:17,10100.0,10129.0,Put VEX 3,VEX,0.0,,7700.0
2025-05-21 12:10:17,10200.0,10229.25,Put CEX 2,CEX,0.0,,7700.0
2025-05-21 12:10:17,10200.0,10229.25,Put VEX 2,VEX,0.0,,7700.0
2025-05-21 12:10:17,10400.0,10429.75,Put CEX 1,CEX,0.0,,7700.0
2025-05-21 12:10:17,10400.0,10429.75,Put VEX 1,VEX,0.0,,7700.0
2025-05-21 12:10:17,12000.0,12034.5,Call CEX 1,CEX,0.0,,7700.0
2025-05-21 12:10:17,12000.0,12034.5,Call VEX 1,VEX,0.0,,7700.0
2025-05-21 12:11:37,200.0,200.5,Call CEX 2,CEX,0.0,,7700.0
2025-05-21 12:11:37,200.0,200.5,Call VEX 2,VEX,0.0,,7700.0
2025-05-21 12:11:37,400.0,401.25,Call CEX 3,CEX,0.0,,7700.0
2025-05-21 12:11:37,400.0,401.25,Call VEX 3,VEX,0.0,,7700.0
2025-05-21 12:11:37,600.0,601.75,Call CEX 4,CEX,0.0,,7700.0
2025-05-21 12:11:37,600.0,601.75,Call VEX 4,VEX,0.0,,7700.0
2025-05-21 12:11:37,800.0,802.5,Call CEX 5,CEX,0.0,,7700.0
2025-05-21 12:11:37,800.0,802.5,Call VEX 5,VEX,0.0,,7700.0
2025-05-21 12:11:37,4000.0,4012.5,Call DEX 1,DEX,874.201,,7700.0
2025-05-21 12:11:37,4800.0,4815.0,Put DEX 1,DEX,-261.106,,7700.0
2025-05-21 12:11:37,4800.0,4815.0,Put GEX 1,GEX,-80791.441,,7700.0
2025-05-21 12:11:37,4850.0,4865.0,Put DEX 2,DEX,-224.653,,7700.0
2025-05-21 12:11:37,4850.0,4865.0,Put GEX 2,GEX,-70846.51,,7700.0
2025-05-21 12:11:37,5000.0,5015.5,Call DEX 2,DEX,726.924,,7700.0
2025-05-21 12:11:37,5200.0,5216.25,Put DEX 5,DEX,-58.408,,7700.0
2025-05-21 12:11:37,5200.0,5216.25,Put GEX 4,GEX,-45433.142,,7700.0
2025-05-21 12:11:37,5300.0,5316.5,Put GEX 5,GEX,-29590.269,,7700.0
2025-05-21 12:11:37,5310.0,5326.5,Put DEX 4,DEX,-88.151,,7700.0
2025-05-21 12:11:37,5310.0,5326.5,Put GEX 3,GEX,-50176.141,,7700.0
2025-05-21 12:11:37,5905.0,5923.25,Call DEX 3,DEX,121.718,,7700.0
2025-05-21 12:11:37,5905.0,5923.25,Call GEX 3,GEX,127387.581,,7700.0
2025-05-21 12:11:37,6000.0,6018.5,Put DEX 3,DEX,-90.987,,7700.0
2025-05-21 12:11:37,6000.0,6018.5,Call GEX 1,GEX,188990.1,,7700.0
2025-05-21 12:11:37,6050.0,6068.75,Call GEX 5,GEX,73572.903,,7700.0
2025-05-21 12:11:37,6100.0,6119.0,Call DEX 4,DEX,101.583,,7700.0
2025-05-21 12:11:37,6100.0,6119.0,Call GEX 2,GEX,162080.804,,7700.0
2025-05-21 12:11:37,6200.0,6219.25,Call GEX 4,GEX,87219.053,,7700.0
2025-05-21 12:11:37,6400.0,6419.75,Call DEX 5,DEX,97.361,,7700.0
2025-05-21 12:11:37,9600.0,9629.75,Put CEX 5,CEX,0.0,,7700.0
2025-05-21 12:11:37,9600.0,9629.75,Put VEX 5,VEX,0.0,,7700.0
2025-05-21 12:11:37,10000.0,10031.0,Put CEX 4,CEX,0.0,,7700.0
2025-05-21 12:11:37,10000.0,10031.0,Put VEX 4,VEX,0.0,,7700.0
2025-05-21 12:11:37,10100.0,10131.25,Put CEX 3,CEX,0.0,,7700.0
2025-05-21 12:11:37,10100.0,10131.25,Put VEX 3,VEX,0.0,,7700.0
2025-05-21 12:11:37,10200.0,10231.75,Put CEX 2,CEX,0.0,,7700.0
2025-05-21 12:11:37,10200.0,10231.75,Put VEX 2,VEX,0.0,,7700.0
2025-05-21 12:11:37,10400.0,10432.25,Put CEX 1,CEX,0.0,,7700.0
2025-05-21 12:11:37,10400.0,10432.25,Put VEX 1,VEX,0.0,,7700.0
2025-05-21 12:11:37,12000.0,12037.25,Call CEX 1,CEX,0.0,,7700.0
2025-05-21 12:11:37,12000.0,12037.25,Call VEX 1,VEX,0.0,,7700.0
2025-05-21 12:12:56,200.0,200.5,Call CEX 2,CEX,0.0,,7700.0
2025-05-21 12:12:56,200.0,200.5,Call VEX 2,VEX,0.0,,7700.0
2025-05-21 12:12:56,400.0,401.25,Call CEX 3,CEX,0.0,,7700.0
2025-05-21 12:12:56,400.0,401.25,Call VEX 3,VEX,0.0,,7700.0
2025-05-21 12:12:56,600.0,601.75,Call CEX 4,CEX,0.0,,7700.0
2025-05-21 12:12:56,600.0,601.75,Call VEX 4,VEX,0.0,,7700.0
2025-05-21 12:12:56,800.0,802.5,Call CEX 5,CEX,0.0,,7700.0
2025-05-21 12:12:56,800.0,802.5,Call VEX 5,VEX,0.0,,7700.0
2025-05-21 12:12:56,4000.0,4012.25,Call DEX 1,DEX,873.948,,7700.0
2025-05-21 12:12:56,4800.0,4814.75,Put DEX 1,DEX,-261.104,,7700.0
2025-05-21 12:12:56,4800.0,4814.75,Put GEX 1,GEX,-80941.439,,7700.0
2025-05-21 12:12:56,4850.0,4865.0,Put DEX 2,DEX,-224.624,,7700.0
2025-05-21 12:12:56,4850.0,4865.0,Put GEX 2,GEX,-70985.471,,7700.0
2025-05-21 12:12:56,5000.0,5015.5,Call DEX 2,DEX,724.402,,7700.0
2025-05-21 12:12:56,5200.0,5216.0,Put DEX 5,DEX,-58.37,,7700.0
2025-05-21 12:12:56,5200.0,5216.0,Put GEX 4,GEX,-45505.347,,7700.0
2025-05-21 12:12:56,5300.0,5316.25,Put GEX 5,GEX,-29820.852,,7700.0
2025-05-21 12:12:56,5310.0,5326.5,Put DEX 4,DEX,-88.176,,7700.0
2025-05-21 12:12:56,5310.0,5326.5,Put GEX 3,GEX,-50341.42,,7700.0
2025-05-21 12:12:56,5905.0,5923.25,Call DEX 3,DEX,121.297,,7700.0
2025-05-21 12:12:56,5905.0,5923.25,Call GEX 3,GEX,126045.963,,7700.0
2025-05-21 12:12:56,6000.0,6018.5,Put DEX 3,DEX,-94.41,,7700.0
2025-05-21 12:12:56,6000.0,6018.5,Call GEX 1,GEX,177835.782,,7700.0
2025-05-21 12:12:56,6050.0,6068.75,Call GEX 5,GEX,72636.251,,7700.0
2025-05-21 12:12:56,6100.0,6118.75,Call DEX 4,DEX,101.136,,7700.0
2025-05-21 12:12:56,6100.0,6118.75,Call GEX 2,GEX,160181.454,,7700.0
2025-05-21 12:12:56,6200.0,6219.25,Call GEX 4,GEX,86482.547,,7700.0
2025-05-21 12:12:56,6400.0,6419.75,Call DEX 5,DEX,97.331,,7700.0
2025-05-21 12:12:56,9600.0,9629.75,Put CEX 5,CEX,0.0,,7700.0
2025-05-21 12:12:56,9600.0,9629.75,Put VEX 5,VEX,0.0,,7700.0
2025-05-21 12:12:56,10000.0,10031.0,Put CEX 4,CEX,0.0,,7700.0
2025-05-21 12:12:56,10000.0,10031.0,Put VEX 4,VEX,0.0,,7700.0
2025-05-21 12:12:56,10100.0,10131.25,Put CEX 3,CEX,0.0,,7700.0
2025-05-21 12:12:56,10100.0,10131.25,Put VEX 3,VEX,0.0,,7700.0
2025-05-21 12:12:56,10200.0,10231.5,Put CEX 2,CEX,0.0,,7700.0
2025-05-21 12:12:56,10200.0,10231.5,Put VEX 2,VEX,0.0,,7700.0
2025-05-21 12:12:56,10400.0,10432.25,Put CEX 1,CEX,0.0,,7700.0
2025-05-21 12:12:56,10400.0,10432.25,Put VEX 1,VEX,0.0,,7700.0
2025-05-21 12:12:56,12000.0,12037.0,Call CEX 1,CEX,0.0,,7700.0
2025-05-21 12:12:56,12000.0,12037.0,Call VEX 1,VEX,0.0,,7700.0
2025-05-21 12:14:15,200.0,200.5,Call CEX 2,CEX,0.0,,7700.0
2025-05-21 12:14:15,200.0,200.5,Call VEX 2,VEX,0.0,,7700.0
2025-05-21 12:14:15,400.0,401.25,Call CEX 3,CEX,0.0,,7700.0
2025-05-21 12:14:15,400.0,401.25,Call VEX 3,VEX,0.0,,7700.0
2025-05-21 12:14:15,600.0,601.75,Call CEX 4,CEX,0.0,,7700.0
2025-05-21 12:14:15,600.0,601.75,Call VEX 4,VEX,0.0,,7700.0
2025-05-21 12:14:15,800.0,802.25,Call CEX 5,CEX,0.0,,7700.0
2025-05-21 12:14:15,800.0,802.25,Call VEX 5,VEX,0.0,,7700.0
2025-05-21 12:14:15,4000.0,4011.75,Call DEX 1,DEX,873.186,,7700.0
2025-05-21 12:14:15,4800.0,4814.0,Put DEX 1,DEX,-261.126,,7700.0
2025-05-21 12:14:15,4800.0,4814.0,Put GEX 1,GEX,-80904.0,,7700.0
2025-05-21 12:14:15,4850.0,4864.25,Put DEX 2,DEX,-224.585,,7700.0
2025-05-21 12:14:15,4850.0,4864.25,Put GEX 2,GEX,-70931.776,,7700.0
2025-05-21 12:14:15,5000.0,5014.75,Call DEX 2,DEX,718.004,,7700.0
2025-05-21 12:14:15,5200.0,5215.25,Put DEX 5,DEX,-58.664,,7700.0
2025-05-21 12:14:15,5200.0,5215.25,Put GEX 4,GEX,-45937.983,,7700.0
2025-05-21 12:14:15,5300.0,5315.5,Put GEX 5,GEX,-30580.703,,7700.0
2025-05-21 12:14:15,5310.0,5325.5,Put DEX 4,DEX,-88.058,,7700.0
2025-05-21 12:14:15,5310.0,5325.5,Put GEX 3,GEX,-50571.541,,7700.0
2025-05-21 12:14:15,5905.0,5922.25,Call DEX 3,DEX,121.803,,7700.0
2025-05-21 12:14:15,5905.0,5922.25,Call GEX 3,GEX,122472.366,,7700.0
2025-05-21 12:14:15,6000.0,6017.75,Put DEX 3,DEX,-94.986,,7700.0
2025-05-21 12:14:15,6000.0,6017.75,Call GEX 2,GEX,140233.216,,7700.0
2025-05-21 12:14:15,6050.0,6067.75,Call GEX 5,GEX,70726.142,,7700.0
2025-05-21 12:14:15,6100.0,6118.0,Call DEX 4,DEX,101.074,,7700.0
2025-05-21 12:14:15,6100.0,6118.0,Call GEX 1,GEX,158372.07,,7700.0
2025-05-21 12:14:15,6200.0,6218.25,Call GEX 4,GEX,86168.813,,7700.0
2025-05-21 12:14:15,6400.0,6418.75,Call DEX 5,DEX,97.342,,7700.0
2025-05-21 12:14:15,9600.0,9628.25,Put CEX 5,CEX,0.0,,7700.0
2025-05-21 12:14:15,9600.0,9628.25,Put VEX 5,VEX,0.0,,7700.0
2025-05-21 12:14:15,10000.0,10029.5,Put CEX 4,CEX,0.0,,7700.0
2025-05-21 12:14:15,10000.0,10029.5,Put VEX 4,VEX,0.0,,7700.0
2025-05-21 12:14:15,10100.0,10129.75,Put CEX 3,CEX,0.0,,7700.0
2025-05-21 12:14:15,10100.0,10129.75,Put VEX 3,VEX,0.0,,7700.0
2025-05-21 12:14:15,10200.0,10230.0,Put CEX 2,CEX,0.0,,7700.0
2025-05-21 12:14:15,10200.0,10230.0,Put VEX 2,VEX,0.0,,7700.0
2025-05-21 12:14:15,10400.0,10430.5,Put CEX 1,CEX,0.0,,7700.0
2025-05-21 12:14:15,10400.0,10430.5,Put VEX 1,VEX,0.0,,7700.0
2025-05-21 12:14:15,12000.0,12035.25,Call CEX 1,CEX,0.0,,7700.0
2025-05-21 12:14:15,12000.0,12035.25,Call VEX 1,VEX,0.0,,7700.0
2025-05-21 12:15:34,200.0,200.5,Call CEX 2,CEX,0.0,,7700.0
2025-05-21 12:15:34,200.0,200.5,Call VEX 2,VEX,0.0,,7700.0
2025-05-21 12:15:34,400.0,401.25,Call CEX 3,CEX,0.0,,7700.0
2025-05-21 12:15:34,400.0,401.25,Call VEX 3,VEX,0.0,,7700.0
2025-05-21 12:15:34,600.0,601.75,Call CEX 4,CEX,0.0,,7700.0
2025-05-21 12:15:34,600.0,601.75,Call VEX 4,VEX,0.0,,7700.0
2025-05-21 12:15:34,800.0,802.25,Call CEX 5,CEX,0.0,,7700.0
2025-05-21 12:15:34,800.0,802.25,Call VEX 5,VEX,0.0,,7700.0
2025-05-21 12:15:34,4000.0,4011.5,Call DEX 1,DEX,874.836,,7700.0
2025-05-21 12:15:34,4800.0,4814.0,Put DEX 1,DEX,-261.139,,7700.0
2025-05-21 12:15:34,4800.0,4814.0,Put GEX 1,GEX,-80563.075,,7700.0
2025-05-21 12:15:34,4850.0,4864.0,Put DEX 2,DEX,-224.625,,7700.0
2025-05-21 12:15:34,4850.0,4864.0,Put GEX 2,GEX,-70634.427,,7700.0
2025-05-21 12:15:34,5000.0,5014.5,Call DEX 2,DEX,723.855,,7700.0
2025-05-21 12:15:34,5200.0,5215.0,Put DEX 5,DEX,-58.47,,7700.0
2025-05-21 12:15:34,5200.0,5215.0,Put GEX 4,GEX,-45596.859,,7700.0
2025-05-21 12:15:34,5300.0,5315.5,Put GEX 5,GEX,-30010.723,,7700.0
2025-05-21 12:15:34,5310.0,5325.5,Put DEX 3,DEX,-87.908,,7700.0
2025-05-21 12:15:34,5310.0,5325.5,Put GEX 3,GEX,-50154.649,,7700.0
2025-05-21 12:15:34,5905.0,5922.25,Call DEX 3,DEX,122.712,,7700.0
2025-05-21 12:15:34,5905.0,5922.25,Call GEX 3,GEX,126081.646,,7700.0
2025-05-21 12:15:34,6000.0,6017.5,Put DEX 4,DEX,-87.538,,7700.0
2025-05-21 12:15:34,6000.0,6017.5,Call GEX 1,GEX,168990.444,,7700.0
2025-05-21 12:15:34,6050.0,6067.5,Call GEX 5,GEX,73620.988,,7700.0
2025-05-21 12:15:34,6100.0,6117.75,Call DEX 4,DEX,101.835,,7700.0
2025-05-21 12:15:34,6100.0,6117.75,Call GEX 2,GEX,163440.672,,7700.0
2025-05-21 12:15:34,6200.0,6218.0,Call GEX 4,GEX,88028.196,,7700.0
2025-05-21 12:15:34,6400.0,6418.5,Call DEX 5,DEX,97.396,,7700.0
2025-05-21 12:15:34,9600.0,9627.75,Put CEX 5,CEX,0.0,,7700.0
2025-05-21 12:15:34,9600.0,9627.75,Put VEX 5,VEX,0.0,,7700.0
2025-05-21 12:15:34,10000.0,10029.0,Put CEX 4,CEX,0.0,,7700.0
2025-05-21 12:15:34,10000.0,10029.0,Put VEX 4,VEX,0.0,,7700.0
2025-05-21 12:15:34,10100.0,10129.25,Put CEX 3,CEX,0.0,,7700.0
2025-05-21 12:15:34,10100.0,10129.25,Put VEX 3,VEX,0.0,,7700.0
2025-05-21 12:15:34,10200.0,10229.5,Put CEX 2,CEX,0.0,,7700.0
2025-05-21 12:15:34,10200.0,10229.5,Put VEX 2,VEX,0.0,,7700.0
2025-05-21 12:15:34,10400.0,10430.25,Put CEX 1,CEX,0.0,,7700.0
2025-05-21 12:15:34,10400.0,10430.25,Put VEX 1,VEX,0.0,,7700.0
2025-05-21 12:15:34,12000.0,12034.75,Call CEX 1,CEX,0.0,,7700.0
2025-05-21 12:15:34,12000.0,12034.75,Call VEX 1,VEX,0.0,,7700.0
2025-05-21 12:16:54,200.0,200.5,Call CEX 2,CEX,0.0,,7700.0
2025-05-21 12:16:54,200.0,200.5,Call VEX 2,VEX,0.0,,7700.0
2025-05-21 12:16:54,400.0,401.25,Call CEX 3,CEX,0.0,,7700.0
2025-05-21 12:16:54,400.0,401.25,Call VEX 3,VEX,0.0,,7700.0
2025-05-21 12:16:54,600.0,601.75,Call CEX 4,CEX,0.0,,7700.0
2025-05-21 12:16:54,600.0,601.75,Call VEX 4,VEX,0.0,,7700.0
2025-05-21 12:16:54,800.0,802.25,Call CEX 5,CEX,0.0,,7700.0
2025-05-21 12:16:54,800.0,802.25,Call VEX 5,VEX,0.0,,7700.0
2025-05-21 12:16:54,4000.0,4011.75,Call DEX 1,DEX,875.208,,7700.0
2025-05-21 12:16:54,4800.0,4814.0,Put DEX 1,DEX,-261.124,,7700.0
2025-05-21 12:16:54,4800.0,4814.0,Put GEX 1,GEX,-80527.662,,7700.0
2025-05-21 12:16:54,4850.0,4864.25,Put DEX 2,DEX,-224.653,,7700.0
2025-05-21 12:16:54,4850.0,4864.25,Put GEX 2,GEX,-70606.652,,7700.0
2025-05-21 12:16:54,5000.0,5014.5,Call DEX 2,DEX,727.677,,7700.0
2025-05-21 12:16:54,5200.0,5215.25,Put DEX 5,DEX,-58.106,,7700.0
2025-05-21 12:16:54,5200.0,5215.25,Put GEX 4,GEX,-45190.769,,7700.0
2025-05-21 12:16:54,5300.0,5315.5,Put GEX 5,GEX,-29583.532,,7700.0
2025-05-21 12:16:54,5310.0,5325.5,Put DEX 3,DEX,-87.908,,7700.0
2025-05-21 12:16:54,5310.0,5325.5,Put GEX 3,GEX,-50024.709,,7700.0
2025-05-21 12:16:54,5905.0,5922.25,Call DEX 3,DEX,122.671,,7700.0
2025-05-21 12:16:54,5905.0,5922.25,Call GEX 3,GEX,127630.989,,7700.0
2025-05-21 12:16:54,6000.0,6017.5,Put DEX 4,DEX,-85.704,,7700.0
2025-05-21 12:16:54,6000.0,6017.5,Call GEX 1,GEX,188265.189,,7700.0
2025-05-21 12:16:54,6050.0,6067.75,Call GEX 5,GEX,74503.551,,7700.0
2025-05-21 12:16:54,6100.0,6117.75,Call DEX 4,DEX,101.961,,7700.0
2025-05-21 12:16:54,6100.0,6117.75,Call GEX 2,GEX,164476.641,,7700.0
2025-05-21 12:16:54,6200.0,6218.0,Call GEX 4,GEX,88444.727,,7700.0
2025-05-21 12:16:54,6400.0,6418.75,Call DEX 5,DEX,97.409,,7700.0
2025-05-21 12:16:54,9600.0,9628.0,Put CEX 5,CEX,0.0,,7700.0
2025-05-21 12:16:54,9600.0,9628.0,Put VEX 5,VEX,0.0,,7700.0
2025-05-21 12:16:54,10000.0,10029.25,Put CEX 4,CEX,0.0,,7700.0
2025-05-21 12:16:54,10000.0,10029.25,Put VEX 4,VEX,0.0,,7700.0
2025-05-21 12:16:54,10100.0,10129.5,Put CEX 3,CEX,0.0,,7700.0
2025-05-21 12:16:54,10100.0,10129.5,Put VEX 3,VEX,0.0,,7700.0
2025-05-21 12:16:54,10200.0,10229.75,Put CEX 2,CEX,0.0,,7700.0
2025-05-21 12:16:54,10200.0,10229.75,Put VEX 2,VEX,0.0,,7700.0
2025-05-21 12:16:54,10400.0,10430.25,Put CEX 1,CEX,0.0,,7700.0
2025-05-21 12:16:54,10400.0,10430.25,Put VEX 1,VEX,0.0,,7700.0
2025-05-21 12:16:54,12000.0,12035.0,Call CEX 1,CEX,0.0,,7700.0
2025-05-21 12:16:54,12000.0,12035.0,Call VEX 1,VEX,0.0,,7700.0
2025-05-21 12:17:50,200.0,200.5,Call CEX 2,CEX,0.0,,7700.0
2025-05-21 12:17:50,200.0,200.5,Call VEX 2,VEX,0.0,,7700.0
2025-05-21 12:17:50,400.0,401.25,Call CEX 3,CEX,0.0,,7700.0
2025-05-21 12:17:50,400.0,401.25,Call VEX 3,VEX,0.0,,7700.0
2025-05-21 12:17:50,600.0,601.75,Call CEX 4,CEX,0.0,,7700.0
2025-05-21 12:17:50,600.0,601.75,Call VEX 4,VEX,0.0,,7700.0
2025-05-21 12:17:50,800.0,802.25,Call CEX 5,CEX,0.0,,7700.0
2025-05-21 12:17:50,800.0,802.25,Call VEX 5,VEX,0.0,,7700.0
2025-05-21 12:17:50,4000.0,4011.5,Call DEX 1,DEX,875.208,,7700.0
2025-05-21 12:17:50,4800.0,4814.0,Put DEX 1,DEX,-261.124,,7700.0
2025-05-21 12:17:50,4800.0,4814.0,Put GEX 1,GEX,-80527.662,,7700.0
2025-05-21 12:17:50,4850.0,4864.0,Put DEX 2,DEX,-224.653,,7700.0
2025-05-21 12:17:50,4850.0,4864.0,Put GEX 2,GEX,-70606.652,,7700.0
2025-05-21 12:17:50,5000.0,5014.5,Call DEX 2,DEX,727.677,,7700.0
2025-05-21 12:17:50,5200.0,5215.0,Put DEX 5,DEX,-58.106,,7700.0
2025-05-21 12:17:50,5200.0,5215.0,Put GEX 4,GEX,-45190.769,,7700.0
2025-05-21 12:17:50,5300.0,5315.25,Put GEX 5,GEX,-29583.532,,7700.0
2025-05-21 12:17:50,5310.0,5325.25,Put DEX 3,DEX,-87.908,,7700.0
2025-05-21 12:17:50,5310.0,5325.25,Put GEX 3,GEX,-50024.709,,7700.0
2025-05-21 12:17:50,5905.0,5922.0,Call DEX 3,DEX,122.671,,7700.0
2025-05-21 12:17:50,5905.0,5922.0,Call GEX 3,GEX,127630.989,,7700.0
2025-05-21 12:17:50,6000.0,6017.25,Put DEX 4,DEX,-85.704,,7700.0
2025-05-21 12:17:50,6000.0,6017.25,Call GEX 1,GEX,188265.189,,7700.0
2025-05-21 12:17:50,6050.0,6067.5,Call GEX 5,GEX,74503.551,,7700.0
2025-05-21 12:17:50,6100.0,6117.75,Call DEX 4,DEX,101.961,,7700.0
2025-05-21 12:17:50,6100.0,6117.75,Call GEX 2,GEX,164476.641,,7700.0
2025-05-21 12:17:50,6200.0,6218.0,Call GEX 4,GEX,88444.727,,7700.0
2025-05-21 12:17:50,6400.0,6418.5,Call DEX 5,DEX,97.409,,7700.0
2025-05-21 12:17:50,9600.0,9627.75,Put CEX 5,CEX,0.0,,7700.0
2025-05-21 12:17:50,9600.0,9627.75,Put VEX 5,VEX,0.0,,7700.0
2025-05-21 12:17:50,10000.0,10029.0,Put CEX 4,CEX,0.0,,7700.0
2025-05-21 12:17:50,10000.0,10029.0,Put VEX 4,VEX,0.0,,7700.0
2025-05-21 12:17:50,10100.0,10129.25,Put CEX 3,CEX,0.0,,7700.0
2025-05-21 12:17:50,10100.0,10129.25,Put VEX 3,VEX,0.0,,7700.0
2025-05-21 12:17:50,10200.0,10229.5,Put CEX 2,CEX,0.0,,7700.0
2025-05-21 12:17:50,10200.0,10229.5,Put VEX 2,VEX,0.0,,7700.0
2025-05-21 12:17:50,10400.0,10430.0,Put CEX 1,CEX,0.0,,7700.0
2025-05-21 12:17:50,10400.0,10430.0,Put VEX 1,VEX,0.0,,7700.0
2025-05-21 12:17:50,12000.0,12034.75,Call CEX 1,CEX,0.0,,7700.0
2025-05-21 12:17:50,12000.0,12034.75,Call VEX 1,VEX,0.0,,7700.0
2025-05-21 12:19:09,200.0,200.5,Call CEX 2,CEX,0.0,,7700.0
2025-05-21 12:19:09,200.0,200.5,Call VEX 2,VEX,0.0,,7700.0
2025-05-21 12:19:09,400.0,401.25,Call CEX 3,CEX,0.0,,7700.0
2025-05-21 12:19:09,400.0,401.25,Call VEX 3,VEX,0.0,,7700.0
2025-05-21 12:19:09,600.0,601.75,Call CEX 4,CEX,0.0,,7700.0
2025-05-21 12:19:09,600.0,601.75,Call VEX 4,VEX,0.0,,7700.0
2025-05-21 12:19:09,800.0,802.25,Call CEX 5,CEX,0.0,,7700.0
2025-05-21 12:19:09,800.0,802.25,Call VEX 5,VEX,0.0,,7700.0
2025-05-21 12:19:09,4000.0,4011.5,Call DEX 1,DEX,874.755,,7700.0
2025-05-21 12:19:09,4800.0,4813.75,Put DEX 1,DEX,-261.157,,7700.0
2025-05-21 12:19:09,4800.0,4813.75,Put GEX 1,GEX,-80637.206,,7700.0
2025-05-21 12:19:09,4850.0,4864.0,Put DEX 2,DEX,-224.675,,7700.0
2025-05-21 12:19:09,4850.0,4864.0,Put GEX 2,GEX,-70703.433,,7700.0
2025-05-21 12:19:09,5000.0,5014.25,Call DEX 2,DEX,725.709,,7700.0
2025-05-21 12:19:09,5200.0,5215.0,Put DEX 5,DEX,-58.263,,7700.0
2025-05-21 12:19:09,5200.0,5215.0,Put GEX 4,GEX,-45269.319,,7700.0
2025-05-21 12:19:09,5300.0,5315.25,Put GEX 5,GEX,-29599.558,,7700.0
2025-05-21 12:19:09,5310.0,5325.25,Put DEX 4,DEX,-88.067,,7700.0
2025-05-21 12:19:09,5310.0,5325.25,Put GEX 3,GEX,-50047.008,,7700.0
2025-05-21 12:19:09,5905.0,5922.0,Call DEX 3,DEX,122.258,,7700.0
2025-05-21 12:19:09,5905.0,5922.0,Call GEX 3,GEX,127422.11,,7700.0
2025-05-21 12:19:09,6000.0,6017.25,Put DEX 3,DEX,-88.164,,7700.0
2025-05-21 12:19:09,6000.0,6017.25,Call GEX 1,GEX,186397.932,,7700.0
2025-05-21 12:19:09,6050.0,6067.5,Call GEX 5,GEX,74038.339,,7700.0
2025-05-21 12:19:09,6100.0,6117.5,Call DEX 4,DEX,101.762,,7700.0
2025-05-21 12:19:09,6100.0,6117.5,Call GEX 2,GEX,163374.898,,7700.0
2025-05-21 12:19:09,6200.0,6217.75,Call GEX 4,GEX,87778.625,,7700.0
2025-05-21 12:19:09,6400.0,6418.5,Call DEX 5,DEX,97.383,,7700.0
2025-05-21 12:19:09,9600.0,9627.5,Put CEX 5,CEX,0.0,,7700.0
2025-05-21 12:19:09,9600.0,9627.5,Put VEX 5,VEX,0.0,,7700.0
2025-05-21 12:19:09,10000.0,10028.75,Put CEX 4,CEX,0.0,,7700.0
2025-05-21 12:19:09,10000.0,10028.75,Put VEX 4,VEX,0.0,,7700.0
2025-05-21 12:19:09,10100.0,10129.0,Put CEX 3,CEX,0.0,,7700.0
2025-05-21 12:19:09,10100.0,10129.0,Put VEX 3,VEX,0.0,,7700.0
2025-05-21 12:19:09,10200.0,10229.25,Put CEX 2,CEX,0.0,,7700.0
2025-05-21 12:19:09,10200.0,10229.25,Put VEX 2,VEX,0.0,,7700.0
2025-05-21 12:19:09,10400.0,10430.0,Put CEX 1,CEX,0.0,,7700.0
2025-05-21 12:19:09,10400.0,10430.0,Put VEX 1,VEX,0.0,,7700.0
2025-05-21 12:19:09,12000.0,12034.5,Call CEX 1,CEX,0.0,,7700.0
2025-05-21 12:19:09,12000.0,12034.5,Call VEX 1,VEX,0.0,,7700.0
2025-05-21 12:20:28,200.0,200.5,Call CEX 2,CEX,0.0,,7700.0
2025-05-21 12:20:28,200.0,200.5,Call VEX 2,VEX,0.0,,7700.0
2025-05-21 12:20:28,400.0,401.25,Call CEX 3,CEX,0.0,,7700.0
2025-05-21 12:20:28,400.0,401.25,Call VEX 3,VEX,0.0,,7700.0
2025-05-21 12:20:28,600.0,601.75,Call CEX 4,CEX,0.0,,7700.0
2025-05-21 12:20:28,600.0,601.75,Call VEX 4,VEX,0.0,,7700.0
2025-05-21 12:20:28,800.0,802.5,Call CEX 5,CEX,0.0,,7700.0
2025-05-21 12:20:28,800.0,802.5,Call VEX 5,VEX,0.0,,7700.0
2025-05-21 12:20:28,4000.0,4012.0,Call DEX 1,DEX,874.237,,7700.0
2025-05-21 12:20:28,4800.0,4814.25,Put DEX 1,DEX,-261.137,,7700.0
2025-05-21 12:20:28,4800.0,4814.25,Put GEX 1,GEX,-80792.187,,7700.0
2025-05-21 12:20:28,4850.0,4864.5,Put DEX 2,DEX,-224.645,,7700.0
2025-05-21 12:20:28,4850.0,4864.5,Put GEX 2,GEX,-70841.539,,7700.0
2025-05-21 12:20:28,5000.0,5015.0,Call DEX 2,DEX,723.071,,7700.0
2025-05-21 12:20:28,5200.0,5215.5,Put DEX 5,DEX,-58.424,,7700.0
2025-05-21 12:20:28,5200.0,5215.5,Put GEX 4,GEX,-45492.58,,7700.0
2025-05-21 12:20:28,5300.0,5315.75,Put GEX 5,GEX,-29946.014,,7700.0
2025-05-21 12:20:28,5310.0,5325.75,Put DEX 4,DEX,-88.137,,7700.0
2025-05-21 12:20:28,5310.0,5325.75,Put GEX 3,GEX,-50221.393,,7700.0
2025-05-21 12:20:28,5905.0,5922.5,Call DEX 3,DEX,121.87,,7700.0
2025-05-21 12:20:28,5905.0,5922.5,Call GEX 3,GEX,125409.719,,7700.0
2025-05-21 12:20:28,6000.0,6017.75,Put DEX 3,DEX,-91.322,,7700.0
2025-05-21 12:20:28,6000.0,6017.75,Call GEX 1,GEX,172808.233,,7700.0
2025-05-21 12:20:28,6050.0,6068.0,Call GEX 5,GEX,72619.834,,7700.0
2025-05-21 12:20:28,6100.0,6118.25,Call DEX 4,DEX,101.398,,7700.0
2025-05-21 12:20:28,6100.0,6118.25,Call GEX 2,GEX,160933.802,,7700.0
2025-05-21 12:20:28,6200.0,6218.5,Call GEX 4,GEX,86961.331,,7700.0
2025-05-21 12:20:28,6400.0,6419.0,Call DEX 5,DEX,97.358,,7700.0
2025-05-21 12:20:28,9600.0,9628.5,Put CEX 5,CEX,0.0,,7700.0
2025-05-21 12:20:28,9600.0,9628.5,Put VEX 5,VEX,0.0,,7700.0
2025-05-21 12:20:28,10000.0,10029.75,Put CEX 4,CEX,0.0,,7700.0
2025-05-21 12:20:28,10000.0,10029.75,Put VEX 4,VEX,0.0,,7700.0
2025-05-21 12:20:28,10100.0,10130.0,Put CEX 3,CEX,0.0,,7700.0
2025-05-21 12:20:28,10100.0,10130.0,Put VEX 3,VEX,0.0,,7700.0
2025-05-21 12:20:28,10200.0,10230.5,Put CEX 2,CEX,0.0,,7700.0
2025-05-21 12:20:28,10200.0,10230.5,Put VEX 2,VEX,0.0,,7700.0
2025-05-21 12:20:28,10400.0,10431.0,Put CEX 1,CEX,0.0,,7700.0
2025-05-21 12:20:28,10400.0,10431.0,Put VEX 1,VEX,0.0,,7700.0
2025-05-21 12:20:28,12000.0,12035.75,Call CEX 1,CEX,0.0,,7700.0
2025-05-21 12:20:28,12000.0,12035.75,Call VEX 1,VEX,0.0,,7700.0
2025-05-21 12:21:47,200.0,200.5,Call CEX 2,CEX,0.0,,7700.0
2025-05-21 12:21:47,200.0,200.5,Call VEX 2,VEX,0.0,,7700.0
2025-05-21 12:21:47,400.0,401.25,Call CEX 3,CEX,0.0,,7700.0
2025-05-21 12:21:47,400.0,401.25,Call VEX 3,VEX,0.0,,7700.0
2025-05-21 12:21:47,600.0,601.75,Call CEX 4,CEX,0.0,,7700.0
2025-05-21 12:21:47,600.0,601.75,Call VEX 4,VEX,0.0,,7700.0
2025-05-21 12:21:47,800.0,802.25,Call CEX 5,CEX,0.0,,7700.0
2025-05-21 12:21:47,800.0,802.25,Call VEX 5,VEX,0.0,,7700.0
2025-05-21 12:21:47,4000.0,4011.5,Call DEX 1,DEX,874.318,,7700.0
2025-05-21 12:21:47,4800.0,4813.75,Put DEX 1,DEX,-261.161,,7700.0
2025-05-21 12:21:47,4800.0,4813.75,Put GEX 1,GEX,-80742.067,,7700.0
2025-05-21 12:21:47,4850.0,4864.0,Put DEX 2,DEX,-224.673,,7700.0
2025-05-21 12:21:47,4850.0,4864.0,Put GEX 2,GEX,-70793.538,,7700.0
2025-05-21 12:21:47,5000.0,5014.25,Call DEX 2,DEX,723.479,,7700.0
2025-05-21 12:21:47,5200.0,5215.0,Put DEX 5,DEX,-58.446,,7700.0
2025-05-21 12:21:47,5200.0,5215.0,Put GEX 4,GEX,-45422.846,,7700.0
2025-05-21 12:21:47,5300.0,5315.25,Put GEX 5,GEX,-29833.772,,7700.0
2025-05-21 12:21:47,5310.0,5325.25,Put DEX 4,DEX,-88.17,,7700.0
2025-05-21 12:21:47,5310.0,5325.25,Put GEX 3,GEX,-50155.259,,7700.0
2025-05-21 12:21:47,5905.0,5922.0,Call DEX 3,DEX,121.977,,7700.0
2025-05-21 12:21:47,5905.0,5922.0,Call GEX 3,GEX,126007.554,,7700.0
2025-05-21 12:21:47,6000.0,6017.25,Put DEX 3,DEX,-90.207,,7700.0
2025-05-21 12:21:47,6000.0,6017.25,Call GEX 1,GEX,177769.06,,7700.0
2025-05-21 12:21:47,6050.0,6067.25,Call GEX 5,GEX,72904.779,,7700.0
2025-05-21 12:21:47,6100.0,6117.5,Call DEX 4,DEX,101.521,,7700.0
2025-05-21 12:21:47,6100.0,6117.5,Call GEX 2,GEX,161613.093,,7700.0
2025-05-21 12:21:47,6200.0,6217.75,Call GEX 4,GEX,87170.728,,7700.0
2025-05-21 12:21:47,6400.0,6418.25,Call DEX 5,DEX,97.372,,7700.0
2025-05-21 12:21:47,9600.0,9627.5,Put CEX 5,CEX,0.0,,7700.0
2025-05-21 12:21:47,9600.0,9627.5,Put VEX 5,VEX,0.0,,7700.0
2025-05-21 12:21:47,10000.0,10028.5,Put CEX 4,CEX,0.0,,7700.0
2025-05-21 12:21:47,10000.0,10028.5,Put VEX 4,VEX,0.0,,7700.0
2025-05-21 12:21:47,10100.0,10129.0,Put CEX 3,CEX,0.0,,7700.0
2025-05-21 12:21:47,10100.0,10129.0,Put VEX 3,VEX,0.0,,7700.0
2025-05-21 12:21:47,10200.0,10229.25,Put CEX 2,CEX,0.0,,7700.0
2025-05-21 12:21:47,10200.0,10229.25,Put VEX 2,VEX,0.0,,7700.0
2025-05-21 12:21:47,10400.0,10429.75,Put CEX 1,CEX,0.0,,7700.0
2025-05-21 12:21:47,10400.0,10429.75,Put VEX 1,VEX,0.0,,7700.0
2025-05-21 12:21:47,12000.0,12034.25,Call CEX 1,CEX,0.0,,7700.0
2025-05-21 12:21:47,12000.0,12034.25,Call VEX 1,VEX,0.0,,7700.0
2025-05-21 12:23:07,200.0,200.5,Call CEX 2,CEX,0.0,,7700.0
2025-05-21 12:23:07,200.0,200.5,Call VEX 2,VEX,0.0,,7700.0
2025-05-21 12:23:07,400.0,401.25,Call CEX 3,CEX,0.0,,7700.0
2025-05-21 12:23:07,400.0,401.25,Call VEX 3,VEX,0.0,,7700.0
2025-05-21 12:23:07,600.0,601.75,Call CEX 4,CEX,0.0,,7700.0
2025-05-21 12:23:07,600.0,601.75,Call VEX 4,VEX,0.0,,7700.0
2025-05-21 12:23:07,800.0,802.5,Call CEX 5,CEX,0.0,,7700.0
2025-05-21 12:23:07,800.0,802.5,Call VEX 5,VEX,0.0,,7700.0
2025-05-21 12:23:07,4000.0,4012.25,Call DEX 1,DEX,874.482,,7700.0
2025-05-21 12:23:07,4800.0,4814.75,Put DEX 1,DEX,-261.153,,7700.0
2025-05-21 12:23:07,4800.0,4814.75,Put GEX 1,GEX,-80861.132,,7700.0
2025-05-21 12:23:07,4850.0,4865.0,Put DEX 2,DEX,-224.701,,7700.0
2025-05-21 12:23:07,4850.0,4865.0,Put GEX 2,GEX,-70904.01,,7700.0
2025-05-21 12:23:07,5000.0,5015.5,Call DEX 2,DEX,725.732,,7700.0
2025-05-21 12:23:07,5200.0,5216.0,Put DEX 5,DEX,-58.432,,7700.0
2025-05-21 12:23:07,5200.0,5216.0,Put GEX 4,GEX,-45314.706,,7700.0
2025-05-21 12:23:07,5300.0,5316.25,Put GEX 5,GEX,-29614.702,,7700.0
2025-05-21 12:23:07,5310.0,5326.5,Put DEX 4,DEX,-88.281,,7700.0
2025-05-21 12:23:07,5310.0,5326.5,Put GEX 3,GEX,-50144.544,,7700.0
2025-05-21 12:23:07,5905.0,5923.25,Call DEX 3,DEX,121.398,,7700.0
2025-05-21 12:23:07,5905.0,5923.25,Call GEX 3,GEX,127173.036,,7700.0
2025-05-21 12:23:07,6000.0,6018.5,Put DEX 3,DEX,-92.432,,7700.0
2025-05-21 12:23:07,6000.0,6018.5,Call GEX 1,GEX,194550.353,,7700.0
2025-05-21 12:23:07,6050.0,6068.75,Call GEX 5,GEX,73414.445,,7700.0
2025-05-21 12:23:07,6100.0,6118.75,Call DEX 4,DEX,101.21,,7700.0
2025-05-21 12:23:07,6100.0,6118.75,Call GEX 2,GEX,161396.428,,7700.0
2025-05-21 12:23:07,6200.0,6219.25,Call GEX 4,GEX,86844.251,,7700.0
2025-05-21 12:23:07,6400.0,6419.75,Call DEX 5,DEX,97.344,,7700.0
2025-05-21 12:23:07,9600.0,9629.75,Put CEX 5,CEX,0.0,,7700.0
2025-05-21 12:23:07,9600.0,9629.75,Put VEX 5,VEX,0.0,,7700.0
2025-05-21 12:23:07,10000.0,10030.75,Put CEX 4,CEX,0.0,,7700.0
2025-05-21 12:23:07,10000.0,10030.75,Put VEX 4,VEX,0.0,,7700.0
2025-05-21 12:23:07,10100.0,10131.25,Put CEX 3,CEX,0.0,,7700.0
2025-05-21 12:23:07,10100.0,10131.25,Put VEX 3,VEX,0.0,,7700.0
2025-05-21 12:23:07,10200.0,10231.5,Put CEX 2,CEX,0.0,,7700.0
2025-05-21 12:23:07,10200.0,10231.5,Put VEX 2,VEX,0.0,,7700.0
2025-05-21 12:23:07,10400.0,10432.0,Put CEX 1,CEX,0.0,,7700.0
2025-05-21 12:23:07,10400.0,10432.0,Put VEX 1,VEX,0.0,,7700.0
2025-05-21 12:23:07,12000.0,12037.0,Call CEX 1,CEX,0.0,,7700.0
2025-05-21 12:23:07,12000.0,12037.0,Call VEX 1,VEX,0.0,,7700.0
2025-05-21 12:24:27,200.0,200.5,Call CEX 2,CEX,0.0,,7700.0
2025-05-21 12:24:27,200.0,200.5,Call VEX 2,VEX,0.0,,7700.0
2025-05-21 12:24:27,400.0,401.25,Call CEX 3,CEX,0.0,,7700.0
2025-05-21 12:24:27,400.0,401.25,Call VEX 3,VEX,0.0,,7700.0
2025-05-21 12:24:27,600.0,601.75,Call CEX 4,CEX,0.0,,7700.0
2025-05-21 12:24:27,600.0,601.75,Call VEX 4,VEX,0.0,,7700.0
2025-05-21 12:24:27,800.0,802.25,Call CEX 5,CEX,0.0,,7700.0
2025-05-21 12:24:27,800.0,802.25,Call VEX 5,VEX,0.0,,7700.0
2025-05-21 12:24:27,4000.0,4011.75,Call DEX 1,DEX,874.036,,7700.0
2025-05-21 12:24:27,4800.0,4814.0,Put DEX 1,DEX,-261.173,,7700.0
2025-05-21 12:24:27,4800.0,4814.0,Put GEX 1,GEX,-80882.504,,7700.0
2025-05-21 12:24:27,4850.0,4864.25,Put DEX 2,DEX,-224.691,,7700.0
2025-05-21 12:24:27,4850.0,4864.25,Put GEX 2,GEX,-70921.945,,7700.0
2025-05-21 12:24:27,5000.0,5014.75,Call DEX 2,DEX,723.594,,7700.0
2025-05-21 12:24:27,5200.0,5215.25,Put DEX 5,DEX,-58.543,,7700.0
2025-05-21 12:24:27,5200.0,5215.25,Put GEX 4,GEX,-45461.226,,7700.0
2025-05-21 12:24:27,5300.0,5315.5,Put GEX 5,GEX,-29817.59,,7700.0
2025-05-21 12:24:27,5310.0,5325.5,Put DEX 4,DEX,-88.285,,7700.0
2025-05-21 12:24:27,5310.0,5325.5,Put GEX 3,GEX,-50191.696,,7700.0
2025-05-21 12:24:27,5905.0,5922.25,Call DEX 3,DEX,121.393,,7700.0
2025-05-21 12:24:27,5905.0,5922.25,Call GEX 3,GEX,126792.905,,7700.0
2025-05-21 12:24:27,6000.0,6017.75,Put DEX 3,DEX,-92.893,,7700.0
2025-05-21 12:24:27,6000.0,6017.75,Call GEX 1,GEX,188060.07,,7700.0
2025-05-21 12:24:27,6050.0,6067.75,Call GEX 5,GEX,73155.85,,7700.0
2025-05-21 12:24:27,6100.0,6118.0,Call DEX 4,DEX,101.428,,7700.0
2025-05-21 12:24:27,6100.0,6118.0,Call GEX 2,GEX,161466.705,,7700.0
2025-05-21 12:24:27,6200.0,6218.25,Call GEX 4,GEX,86579.757,,7700.0
2025-05-21 12:24:27,6400.0,6418.75,Call DEX 5,DEX,97.34,,7700.0
2025-05-21 12:24:27,9600.0,9628.25,Put CEX 5,CEX,0.0,,7700.0
2025-05-21 12:24:27,9600.0,9628.25,Put VEX 5,VEX,0.0,,7700.0
2025-05-21 12:24:27,10000.0,10029.5,Put CEX 4,CEX,0.0,,7700.0
2025-05-21 12:24:27,10000.0,10029.5,Put VEX 4,VEX,0.0,,7700.0
2025-05-21 12:24:27,10100.0,10129.75,Put CEX 3,CEX,0.0,,7700.0
2025-05-21 12:24:27,10100.0,10129.75,Put VEX 3,VEX,0.0,,7700.0
2025-05-21 12:24:27,10200.0,10230.0,Put CEX 2,CEX,0.0,,7700.0
2025-05-21 12:24:27,10200.0,10230.0,Put VEX 2,VEX,0.0,,7700.0
2025-05-21 12:24:27,10400.0,10430.5,Put CEX 1,CEX,0.0,,7700.0
2025-05-21 12:24:27,10400.0,10430.5,Put VEX 1,VEX,0.0,,7700.0
2025-05-21 12:24:27,12000.0,12035.25,Call CEX 1,CEX,0.0,,7700.0
2025-05-21 12:24:27,12000.0,12035.25,Call VEX 1,VEX,0.0,,7700.0
2025-05-21 12:25:47,200.0,200.5,Call CEX 2,CEX,0.0,,7700.0
2025-05-21 12:25:47,200.0,200.5,Call VEX 2,VEX,0.0,,7700.0
2025-05-21 12:25:47,400.0,401.25,Call CEX 3,CEX,0.0,,7700.0
2025-05-21 12:25:47,400.0,401.25,Call VEX 3,VEX,0.0,,7700.0
2025-05-21 12:25:47,600.0,601.75,Call CEX 4,CEX,0.0,,7700.0
2025-05-21 12:25:47,600.0,601.75,Call VEX 4,VEX,0.0,,7700.0
2025-05-21 12:25:47,800.0,802.25,Call CEX 5,CEX,0.0,,7700.0
2025-05-21 12:25:47,800.0,802.25,Call VEX 5,VEX,0.0,,7700.0
2025-05-21 12:25:47,4000.0,4011.75,Call DEX 1,DEX,873.654,,7700.0
2025-05-21 12:25:47,4800.0,4814.25,Put DEX 1,DEX,-261.127,,7700.0
2025-05-21 12:25:47,4800.0,4814.25,Put GEX 1,GEX,-81026.469,,7700.0
2025-05-21 12:25:47,4850.0,4864.25,Put DEX 2,DEX,-224.663,,7700.0
2025-05-21 12:25:47,4850.0,4864.25,Put GEX 2,GEX,-71052.807,,7700.0
2025-05-21 12:25:47,5000.0,5014.75,Call DEX 2,DEX,723.776,,7700.0
2025-05-21 12:25:47,5200.0,5215.25,Put DEX 5,DEX,-58.797,,7700.0
2025-05-21 12:25:47,5200.0,5215.25,Put GEX 4,GEX,-45729.545,,7700.0
2025-05-21 12:25:47,5300.0,5315.75,Put GEX 5,GEX,-29812.769,,7700.0
2025-05-21 12:25:47,5310.0,5325.75,Put DEX 4,DEX,-88.38,,7700.0
2025-05-21 12:25:47,5310.0,5325.75,Put GEX 3,GEX,-50374.631,,7700.0
2025-05-21 12:25:47,5905.0,5922.5,Call DEX 3,DEX,120.944,,7700.0
2025-05-21 12:25:47,5905.0,5922.5,Call GEX 3,GEX,126118.132,,7700.0
2025-05-21 12:25:47,6000.0,6017.75,Put DEX 3,DEX,-96.368,,7700.0
2025-05-21 12:25:47,6000.0,6017.75,Call GEX 1,GEX,181489.597,,7700.0
2025-05-21 12:25:47,6050.0,6067.75,Call GEX 5,GEX,72357.673,,7700.0
2025-05-21 12:25:47,6100.0,6118.0,Call DEX 4,DEX,100.837,,7700.0
2025-05-21 12:25:47,6100.0,6118.0,Call GEX 2,GEX,159488.536,,7700.0
2025-05-21 12:25:47,6200.0,6218.25,Call GEX 4,GEX,86058.176,,7700.0
2025-05-21 12:25:47,6400.0,6419.0,Call DEX 5,DEX,97.315,,7700.0
2025-05-21 12:25:47,9600.0,9628.25,Put CEX 5,CEX,0.0,,7700.0
2025-05-21 12:25:47,9600.0,9628.25,Put VEX 5,VEX,0.0,,7700.0
2025-05-21 12:25:47,10000.0,10029.5,Put CEX 4,CEX,0.0,,7700.0
2025-05-21 12:25:47,10000.0,10029.5,Put VEX 4,VEX,0.0,,7700.0
2025-05-21 12:25:47,10100.0,10129.75,Put CEX 3,CEX,0.0,,7700.0
2025-05-21 12:25:47,10100.0,10129.75,Put VEX 3,VEX,0.0,,7700.0
2025-05-21 12:25:47,10200.0,10230.0,Put CEX 2,CEX,0.0,,7700.0
2025-05-21 12:25:47,10200.0,10230.0,Put VEX 2,VEX,0.0,,7700.0
2025-05-21 12:25:47,10400.0,10430.75,Put CEX 1,CEX,0.0,,7700.0
2025-05-21 12:25:47,10400.0,10430.75,Put VEX 1,VEX,0.0,,7700.0
2025-05-21 12:25:47,12000.0,12035.5,Call CEX 1,CEX,0.0,,7700.0
2025-05-21 12:25:47,12000.0,12035.5,Call VEX 1,VEX,0.0,,7700.0
2025-05-21 12:27:07,200.0,200.5,Call CEX 2,CEX,0.0,,7700.0
2025-05-21 12:27:07,200.0,200.5,Call VEX 2,VEX,0.0,,7700.0
2025-05-21 12:27:07,400.0,401.25,Call CEX 3,CEX,0.0,,7700.0
2025-05-21 12:27:07,400.0,401.25,Call VEX 3,VEX,0.0,,7700.0
2025-05-21 12:27:07,600.0,601.75,Call CEX 4,CEX,0.0,,7700.0
2025-05-21 12:27:07,600.0,601.75,Call VEX 4,VEX,0.0,,7700.0
2025-05-21 12:27:07,800.0,802.5,Call CEX 5,CEX,0.0,,7700.0
2025-05-21 12:27:07,800.0,802.5,Call VEX 5,VEX,0.0,,7700.0
2025-05-21 12:27:07,4000.0,4012.0,Call DEX 1,DEX,873.637,,7700.0
2025-05-21 12:27:07,4800.0,4814.5,Put DEX 1,DEX,-261.14,,7700.0
2025-05-21 12:27:07,4800.0,4814.5,Put GEX 1,GEX,-81065.988,,7700.0
2025-05-21 12:27:07,4850.0,4864.5,Put DEX 2,DEX,-224.691,,7700.0
2025-05-21 12:27:07,4850.0,4864.5,Put GEX 2,GEX,-71093.568,,7700.0
2025-05-21 12:27:07,5000.0,5015.0,Call DEX 2,DEX,721.431,,7700.0
2025-05-21 12:27:07,5200.0,5215.75,Put DEX 5,DEX,-58.793,,7700.0
2025-05-21 12:27:07,5200.0,5215.75,Put GEX 4,GEX,-45648.907,,7700.0
2025-05-21 12:27:07,5300.0,5316.0,Put GEX 5,GEX,-29650.687,,7700.0
2025-05-21 12:27:07,5310.0,5326.0,Put DEX 4,DEX,-88.391,,7700.0
2025-05-21 12:27:07,5310.0,5326.0,Put GEX 3,GEX,-50275.69,,7700.0
2025-05-21 12:27:07,5905.0,5922.75,Call DEX 3,DEX,120.671,,7700.0
2025-05-21 12:27:07,5905.0,5922.75,Call GEX 3,GEX,126946.745,,7700.0
2025-05-21 12:27:07,6000.0,6018.0,Put DEX 3,DEX,-97.119,,7700.0
2025-05-21 12:27:07,6000.0,6018.0,Call GEX 1,GEX,190832.573,,7700.0
2025-05-21 12:27:07,6050.0,6068.25,Call GEX 5,GEX,72561.653,,7700.0
2025-05-21 12:27:07,6100.0,6118.25,Call DEX 4,DEX,100.724,,7700.0
2025-05-21 12:27:07,6100.0,6118.25,Call GEX 2,GEX,159433.533,,7700.0
2025-05-21 12:27:07,6200.0,6218.75,Call GEX 4,GEX,85957.295,,7700.0
2025-05-21 12:27:07,6400.0,6419.25,Call DEX 5,DEX,97.306,,7700.0
2025-05-21 12:27:07,9600.0,9629.0,Put CEX 5,CEX,0.0,,7700.0
2025-05-21 12:27:07,9600.0,9629.0,Put VEX 5,VEX,0.0,,7700.0
2025-05-21 12:27:07,10000.0,10030.0,Put CEX 4,CEX,0.0,,7700.0
2025-05-21 12:27:07,10000.0,10030.0,Put VEX 4,VEX,0.0,,7700.0
2025-05-21 12:27:07,10100.0,10130.5,Put CEX 3,CEX,0.0,,7700.0
2025-05-21 12:27:07,10100.0,10130.5,Put VEX 3,VEX,0.0,,7700.0
2025-05-21 12:27:07,10200.0,10230.75,Put CEX 2,CEX,0.0,,7700.0
2025-05-21 12:27:07,10200.0,10230.75,Put VEX 2,VEX,0.0,,7700.0
2025-05-21 12:27:07,10400.0,10431.25,Put CEX 1,CEX,0.0,,7700.0
2025-05-21 12:27:07,10400.0,10431.25,Put VEX 1,VEX,0.0,,7700.0
2025-05-21 12:27:07,12000.0,12036.0,Call CEX 1,CEX,0.0,,7700.0
2025-05-21 12:27:07,12000.0,12036.0,Call VEX 1,VEX,0.0,,7700.0
2025-05-21 12:28:26,200.0,200.5,Call CEX 2,CEX,0.0,,7700.0
2025-05-21 12:28:26,200.0,200.5,Call VEX 2,VEX,0.0,,7700.0
2025-05-21 12:28:26,400.0,401.25,Call CEX 3,CEX,0.0,,7700.0
2025-05-21 12:28:26,400.0,401.25,Call VEX 3,VEX,0.0,,7700.0
2025-05-21 12:28:26,600.0,601.75,Call CEX 4,CEX,0.0,,7700.0
2025-05-21 12:28:26,600.0,601.75,Call VEX 4,VEX,0.0,,7700.0
2025-05-21 12:28:26,800.0,802.25,Call CEX 5,CEX,0.0,,7700.0
2025-05-21 12:28:26,800.0,802.25,Call VEX 5,VEX,0.0,,7700.0
2025-05-21 12:28:26,4000.0,4011.75,Call DEX 1,DEX,871.63,,7700.0
2025-05-21 12:28:26,4800.0,4814.0,Put DEX 1,DEX,-261.164,,7700.0
2025-05-21 12:28:26,4800.0,4814.0,Put GEX 1,GEX,-81378.932,,7700.0
2025-05-21 12:28:26,4850.0,4864.25,Put DEX 2,DEX,-224.629,,7700.0
2025-05-21 12:28:26,4850.0,4864.25,Put GEX 2,GEX,-71354.577,,7700.0
2025-05-21 12:28:26,5000.0,5014.75,Call DEX 2,DEX,713.835,,7700.0
2025-05-21 12:28:26,5200.0,5215.25,Put DEX 5,DEX,-59.153,,7700.0
2025-05-21 12:28:26,5200.0,5215.25,Put GEX 4,GEX,-46294.351,,7700.0
2025-05-21 12:28:26,5300.0,5315.5,Put GEX 5,GEX,-31076.389,,7700.0
2025-05-21 12:28:26,5310.0,5325.5,Put DEX 4,DEX,-88.467,,7700.0
2025-05-21 12:28:26,5310.0,5325.5,Put GEX 3,GEX,-50900.977,,7700.0
2025-05-21 12:28:26,5905.0,5922.25,Call DEX 3,DEX,120.16,,7700.0
2025-05-21 12:28:26,5905.0,5922.25,Call GEX 3,GEX,120899.259,,7700.0
2025-05-21 12:28:26,6000.0,6017.5,Put DEX 3,DEX,-105.658,,7700.0
2025-05-21 12:28:26,6000.0,6017.5,Call GEX 2,GEX,135185.529,,7700.0
2025-05-21 12:28:26,6100.0,6118.0,Call DEX 4,DEX,99.886,,7700.0
2025-05-21 12:28:26,6100.0,6118.0,Call GEX 1,GEX,153804.93,,7700.0
2025-05-21 12:28:26,6200.0,6218.25,Call GEX 4,GEX,83996.421,,7700.0
2025-05-21 12:28:26,6400.0,6418.75,Call DEX 5,DEX,97.251,,7700.0
2025-05-21 12:28:26,6400.0,6418.75,Call GEX 5,GEX,69035.357,,7700.0
2025-05-21 12:28:26,9600.0,9628.25,Put CEX 5,CEX,0.0,,7700.0
2025-05-21 12:28:26,9600.0,9628.25,Put VEX 5,VEX,0.0,,7700.0
2025-05-21 12:28:26,10000.0,10029.25,Put CEX 4,CEX,0.0,,7700.0
2025-05-21 12:28:26,10000.0,10029.25,Put VEX 4,VEX,0.0,,7700.0
2025-05-21 12:28:26,10100.0,10129.75,Put CEX 3,CEX,0.0,,7700.0
2025-05-21 12:28:26,10100.0,10129.75,Put VEX 3,VEX,0.0,,7700.0
2025-05-21 12:28:26,10200.0,10230.0,Put CEX 2,CEX,0.0,,7700.0
2025-05-21 12:28:26,10200.0,10230.0,Put VEX 2,VEX,0.0,,7700.0
2025-05-21 12:28:26,10400.0,10430.5,Put CEX 1,CEX,0.0,,7700.0
2025-05-21 12:28:26,10400.0,10430.5,Put VEX 1,VEX,0.0,,7700.0
2025-05-21 12:28:26,12000.0,12035.25,Call CEX 1,CEX,0.0,,7700.0
2025-05-21 12:28:26,12000.0,12035.25,Call VEX 1,VEX,0.0,,7700.0
2025-05-21 12:29:46,200.0,200.5,Call CEX 2,CEX,0.0,,7700.0
2025-05-21 12:29:46,200.0,200.5,Call VEX 2,VEX,0.0,,7700.0
2025-05-21 12:29:46,400.0,401.25,Call CEX 3,CEX,0.0,,7700.0
2025-05-21 12:29:46,400.0,401.25,Call VEX 3,VEX,0.0,,7700.0
2025-05-21 12:29:46,600.0,601.75,Call CEX 4,CEX,0.0,,7700.0
2025-05-21 12:29:46,600.0,601.75,Call VEX 4,VEX,0.0,,7700.0
2025-05-21 12:29:46,800.0,802.25,Call CEX 5,CEX,0.0,,7700.0
2025-05-21 12:29:46,800.0,802.25,Call VEX 5,VEX,0.0,,7700.0
2025-05-21 12:29:46,4000.0,4011.5,Call DEX 1,DEX,873.464,,7700.0
2025-05-21 12:29:46,4800.0,4814.0,Put DEX 1,DEX,-261.175,,7700.0
2025-05-21 12:29:46,4800.0,4814.0,Put GEX 1,GEX,-81023.525,,7700.0
2025-05-21 12:29:46,4850.0,4864.0,Put DEX 2,DEX,-224.698,,7700.0
2025-05-21 12:29:46,4850.0,4864.0,Put GEX 2,GEX,-71054.621,,7700.0
2025-05-21 12:29:46,5000.0,5014.5,Call DEX 2,DEX,719.289,,7700.0
2025-05-21 12:29:46,5200.0,5215.0,Put DEX 5,DEX,-58.776,,7700.0
2025-05-21 12:29:46,5200.0,5215.0,Put GEX 4,GEX,-45655.437,,7700.0
2025-05-21 12:29:46,5300.0,5315.25,Put GEX 5,GEX,-29810.904,,7700.0
2025-05-21 12:29:46,5310.0,5325.25,Put DEX 4,DEX,-88.366,,7700.0
2025-05-21 12:29:46,5310.0,5325.25,Put GEX 3,GEX,-50315.125,,7700.0
2025-05-21 12:29:46,5905.0,5922.0,Call DEX 3,DEX,120.856,,7700.0
2025-05-21 12:29:46,5905.0,5922.0,Call GEX 3,GEX,126085.436,,7700.0
2025-05-21 12:29:46,6000.0,6017.25,Put DEX 3,DEX,-96.82,,7700.0
2025-05-21 12:29:46,6000.0,6017.25,Call GEX 1,GEX,182400.89,,7700.0
2025-05-21 12:29:46,6050.0,6067.5,Call GEX 5,GEX,72419.293,,7700.0
2025-05-21 12:29:46,6100.0,6117.75,Call DEX 4,DEX,100.806,,7700.0
2025-05-21 12:29:46,6100.0,6117.75,Call GEX 2,GEX,159418.203,,7700.0
2025-05-21 12:29:46,6200.0,6218.0,Call GEX 4,GEX,85974.49,,7700.0
2025-05-21 12:29:46,6400.0,6418.5,Call DEX 5,DEX,97.309,,7700.0
2025-05-21 12:29:46,9600.0,9627.75,Put CEX 5,CEX,0.0,,7700.0
2025-05-21 12:29:46,9600.0,9627.75,Put VEX 5,VEX,0.0,,7700.0
2025-05-21 12:29:46,10000.0,10029.0,Put CEX 4,CEX,0.0,,7700.0
2025-05-21 12:29:46,10000.0,10029.0,Put VEX 4,VEX,0.0,,7700.0
2025-05-21 12:29:46,10100.0,10129.25,Put CEX 3,CEX,0.0,,7700.0
2025-05-21 12:29:46,10100.0,10129.25,Put VEX 3,VEX,0.0,,7700.0
2025-05-21 12:29:46,10200.0,10229.5,Put CEX 2,CEX,0.0,,7700.0
2025-05-21 12:29:46,10200.0,10229.5,Put VEX 2,VEX,0.0,,7700.0
2025-05-21 12:29:46,10400.0,10430.0,Put CEX 1,CEX,0.0,,7700.0
2025-05-21 12:29:46,10400.0,10430.0,Put VEX 1,VEX,0.0,,7700.0
2025-05-21 12:29:46,12000.0,12034.75,Call CEX 1,CEX,0.0,,7700.0
2025-05-21 12:29:46,12000.0,12034.75,Call VEX 1,VEX,0.0,,7700.0
2025-05-21 12:31:07,200.0,200.5,Call CEX 2,CEX,0.0,,7700.0
2025-05-21 12:31:07,200.0,200.5,Call VEX 2,VEX,0.0,,7700.0
2025-05-21 12:31:07,400.0,401.25,Call CEX 3,CEX,0.0,,7700.0
2025-05-21 12:31:07,400.0,401.25,Call VEX 3,VEX,0.0,,7700.0
2025-05-21 12:31:07,600.0,601.75,Call CEX 4,CEX,0.0,,7700.0
2025-05-21 12:31:07,600.0,601.75,Call VEX 4,VEX,0.0,,7700.0
2025-05-21 12:31:07,800.0,802.25,Call CEX 5,CEX,0.0,,7700.0
2025-05-21 12:31:07,800.0,802.25,Call VEX 5,VEX,0.0,,7700.0
2025-05-21 12:31:07,4000.0,4011.5,Call DEX 1,DEX,872.162,,7700.0
2025-05-21 12:31:07,4800.0,4813.75,Put DEX 1,DEX,-261.16,,7700.0
2025-05-21 12:31:07,4800.0,4813.75,Put GEX 1,GEX,-81192.558,,7700.0
2025-05-21 12:31:07,4850.0,4864.0,Put DEX 2,DEX,-224.636,,7700.0
2025-05-21 12:31:07,4850.0,4864.0,Put GEX 2,GEX,-71188.7,,7700.0
2025-05-21 12:31:07,5000.0,5014.5,Call DEX 2,DEX,715.532,,7700.0
2025-05-21 12:31:07,5200.0,5215.0,Put DEX 5,DEX,-58.939,,7700.0
2025-05-21 12:31:07,5200.0,5215.0,Put GEX 4,GEX,-46071.184,,7700.0
2025-05-21 12:31:07,5300.0,5315.25,Put GEX 5,GEX,-30643.594,,7700.0
2025-05-21 12:31:07,5310.0,5325.25,Put DEX 4,DEX,-88.344,,7700.0
2025-05-21 12:31:07,5310.0,5325.25,Put GEX 3,GEX,-50706.197,,7700.0
2025-05-21 12:31:07,5905.0,5922.0,Call DEX 3,DEX,120.73,,7700.0
2025-05-21 12:31:07,5905.0,5922.0,Call GEX 3,GEX,121436.981,,7700.0
2025-05-21 12:31:07,6000.0,6017.25,Put DEX 3,DEX,-102.143,,7700.0
2025-05-21 12:31:07,6000.0,6017.25,Call GEX 2,GEX,136867.272,,7700.0
2025-05-21 12:31:07,6050.0,6067.5,Call GEX 5,GEX,69715.94,,7700.0
2025-05-21 12:31:07,6100.0,6117.5,Call DEX 4,DEX,100.417,,7700.0
2025-05-21 12:31:07,6100.0,6117.5,Call GEX 1,GEX,155826.769,,7700.0
2025-05-21 12:31:07,6200.0,6217.75,Call GEX 4,GEX,84868.983,,7700.0
2025-05-21 12:31:07,6400.0,6418.5,Call DEX 5,DEX,97.282,,7700.0
2025-05-21 12:31:07,9600.0,9627.75,Put CEX 5,CEX,0.0,,7700.0
2025-05-21 12:31:07,9600.0,9627.75,Put VEX 5,VEX,0.0,,7700.0
2025-05-21 12:31:07,10000.0,10028.75,Put CEX 4,CEX,0.0,,7700.0
2025-05-21 12:31:07,10000.0,10028.75,Put VEX 4,VEX,0.0,,7700.0
2025-05-21 12:31:07,10100.0,10129.0,Put CEX 3,CEX,0.0,,7700.0
2025-05-21 12:31:07,10100.0,10129.0,Put VEX 3,VEX,0.0,,7700.0
2025-05-21 12:31:07,10200.0,10229.25,Put CEX 2,CEX,0.0,,7700.0
2025-05-21 12:31:07,10200.0,10229.25,Put VEX 2,VEX,0.0,,7700.0
2025-05-21 12:31:07,10400.0,10430.0,Put CEX 1,CEX,0.0,,7700.0
2025-05-21 12:31:07,10400.0,10430.0,Put VEX 1,VEX,0.0,,7700.0
2025-05-21 12:31:07,12000.0,12034.5,Call CEX 1,CEX,0.0,,7700.0
2025-05-21 12:31:07,12000.0,12034.5,Call VEX 1,VEX,0.0,,7700.0
2025-05-21 12:32:26,200.0,200.5,Call CEX 2,CEX,0.0,,7700.0
2025-05-21 12:32:26,200.0,200.5,Call VEX 2,VEX,0.0,,7700.0
2025-05-21 12:32:26,400.0,401.25,Call CEX 3,CEX,0.0,,7700.0
2025-05-21 12:32:26,400.0,401.25,Call VEX 3,VEX,0.0,,7700.0
2025-05-21 12:32:26,600.0,601.75,Call CEX 4,CEX,0.0,,7700.0
2025-05-21 12:32:26,600.0,601.75,Call VEX 4,VEX,0.0,,7700.0
2025-05-21 12:32:26,800.0,802.5,Call CEX 5,CEX,0.0,,7700.0
2025-05-21 12:32:26,800.0,802.5,Call VEX 5,VEX,0.0,,7700.0
2025-05-21 12:32:26,4000.0,4012.5,Call DEX 1,DEX,873.215,,7700.0
2025-05-21 12:32:26,4800.0,4815.0,Put DEX 1,DEX,-261.191,,7700.0
2025-05-21 12:32:26,4800.0,4815.0,Put GEX 1,GEX,-80903.932,,7700.0
2025-05-21 12:32:26,4850.0,4865.0,Put DEX 2,DEX,-224.658,,7700.0
2025-05-21 12:32:26,4850.0,4865.0,Put GEX 2,GEX,-70926.468,,7700.0
2025-05-21 12:32:26,5000.0,5015.5,Call DEX 2,DEX,717.802,,7700.0
2025-05-21 12:32:26,5200.0,5216.25,Put DEX 5,DEX,-58.767,,7700.0
2025-05-21 12:32:26,5200.0,5216.25,Put GEX 4,GEX,-45829.893,,7700.0
2025-05-21 12:32:26,5300.0,5316.5,Put GEX 5,GEX,-30435.227,,7700.0
2025-05-21 12:32:26,5310.0,5326.5,Put DEX 4,DEX,-88.193,,7700.0
2025-05-21 12:32:26,5310.0,5326.5,Put GEX 3,GEX,-50470.428,,7700.0
2025-05-21 12:32:26,5905.0,5923.5,Call DEX 3,DEX,121.658,,7700.0
2025-05-21 12:32:26,5905.0,5923.5,Call GEX 3,GEX,122401.229,,7700.0
2025-05-21 12:32:26,6000.0,6018.75,Put DEX 3,DEX,-95.822,,7700.0
2025-05-21 12:32:26,6000.0,6018.75,Call GEX 2,GEX,143063.501,,7700.0
2025-05-21 12:32:26,6050.0,6068.75,Call GEX 5,GEX,70827.669,,7700.0
2025-05-21 12:32:26,6100.0,6119.0,Call DEX 4,DEX,101.038,,7700.0
2025-05-21 12:32:26,6100.0,6119.0,Call GEX 1,GEX,158590.306,,7700.0
2025-05-21 12:32:26,6200.0,6219.25,Call GEX 4,GEX,86099.454,,7700.0
2025-05-21 12:32:26,6400.0,6420.0,Call DEX 5,DEX,97.341,,7700.0
2025-05-21 12:32:26,9600.0,9630.0,Put CEX 5,CEX,0.0,,7700.0
2025-05-21 12:32:26,9600.0,9630.0,Put VEX 5,VEX,0.0,,7700.0
2025-05-21 12:32:26,10000.0,10031.25,Put CEX 4,CEX,0.0,,7700.0
2025-05-21 12:32:26,10000.0,10031.25,Put VEX 4,VEX,0.0,,7700.0
2025-05-21 12:32:26,10100.0,10131.5,Put CEX 3,CEX,0.0,,7700.0
2025-05-21 12:32:26,10100.0,10131.5,Put VEX 3,VEX,0.0,,7700.0
2025-05-21 12:32:26,10200.0,10231.75,Put CEX 2,CEX,0.0,,7700.0
2025-05-21 12:32:26,10200.0,10231.75,Put VEX 2,VEX,0.0,,7700.0
2025-05-21 12:32:26,10400.0,10432.5,Put CEX 1,CEX,0.0,,7700.0
2025-05-21 12:32:26,10400.0,10432.5,Put VEX 1,VEX,0.0,,7700.0
2025-05-21 12:32:26,12000.0,12037.25,Call CEX 1,CEX,0.0,,7700.0
2025-05-21 12:32:26,12000.0,12037.25,Call VEX 1,VEX,0.0,,7700.0
2025-05-21 12:33:46,200.0,200.5,Call CEX 2,CEX,0.0,,7700.0
2025-05-21 12:33:46,200.0,200.5,Call VEX 2,VEX,0.0,,7700.0
2025-05-21 12:33:46,400.0,401.25,Call CEX 3,CEX,0.0,,7700.0
2025-05-21 12:33:46,400.0,401.25,Call VEX 3,VEX,0.0,,7700.0
2025-05-21 12:33:46,600.0,601.75,Call CEX 4,CEX,0.0,,7700.0
2025-05-21 12:33:46,600.0,601.75,Call VEX 4,VEX,0.0,,7700.0
2025-05-21 12:33:46,800.0,802.5,Call CEX 5,CEX,0.0,,7700.0
2025-05-21 12:33:46,800.0,802.5,Call VEX 5,VEX,0.0,,7700.0
2025-05-21 12:33:46,4000.0,4012.25,Call DEX 1,DEX,874.779,,7700.0
2025-05-21 12:33:46,4800.0,4814.75,Put DEX 1,DEX,-261.186,,7700.0
2025-05-21 12:33:46,4800.0,4814.75,Put GEX 1,GEX,-80619.991,,7700.0
2025-05-21 12:33:46,4850.0,4865.0,Put DEX 2,DEX,-224.689,,7700.0
2025-05-21 12:33:46,4850.0,4865.0,Put GEX 2,GEX,-70680.937,,7700.0
2025-05-21 12:33:46,5000.0,5015.25,Call DEX 2,DEX,723.678,,7700.0
2025-05-21 12:33:46,5200.0,5216.0,Put DEX 5,DEX,-58.391,,7700.0
2025-05-21 12:33:46,5200.0,5216.0,Put GEX 4,GEX,-45369.878,,7700.0
2025-05-21 12:33:46,5300.0,5316.25,Put GEX 5,GEX,-29871.458,,7700.0
2025-05-21 12:33:46,5310.0,5326.25,Put DEX 4,DEX,-88.065,,7700.0
2025-05-21 12:33:46,5310.0,5326.25,Put GEX 3,GEX,-50101.288,,7700.0
2025-05-21 12:33:46,5905.0,5923.25,Call DEX 3,DEX,122.383,,7700.0
2025-05-21 12:33:46,5905.0,5923.25,Call GEX 3,GEX,126073.509,,7700.0
2025-05-21 12:33:46,6000.0,6018.5,Put DEX 3,DEX,-88.767,,7700.0
2025-05-21 12:33:46,6000.0,6018.5,Call GEX 1,GEX,174130.365,,7700.0
2025-05-21 12:33:46,6050.0,6068.5,Call GEX 5,GEX,73473.0,,7700.0
2025-05-21 12:33:46,6100.0,6118.75,Call DEX 4,DEX,101.671,,7700.0
2025-05-21 12:33:46,6100.0,6118.75,Call GEX 2,GEX,162690.17,,7700.0
2025-05-21 12:33:46,6200.0,6219.0,Call GEX 4,GEX,87721.591,,7700.0
2025-05-21 12:33:46,6400.0,6419.75,Call DEX 5,DEX,97.391,,7700.0
2025-05-21 12:33:46,9600.0,9629.5,Put CEX 5,CEX,0.0,,7700.0
2025-05-21 12:33:46,9600.0,9629.5,Put VEX 5,VEX,0.0,,7700.0
2025-05-21 12:33:46,10000.0,10030.75,Put CEX 4,CEX,0.0,,7700.0
2025-05-21 12:33:46,10000.0,10030.75,Put VEX 4,VEX,0.0,,7700.0
2025-05-21 12:33:46,10100.0,10131.0,Put CEX 3,CEX,0.0,,7700.0
2025-05-21 12:33:46,10100.0,10131.0,Put VEX 3,VEX,0.0,,7700.0
2025-05-21 12:33:46,10200.0,10231.25,Put CEX 2,CEX,0.0,,7700.0
2025-05-21 12:33:46,10200.0,10231.25,Put VEX 2,VEX,0.0,,7700.0
2025-05-21 12:33:46,10400.0,10432.0,Put CEX 1,CEX,0.0,,7700.0
2025-05-21 12:33:46,10400.0,10432.0,Put VEX 1,VEX,0.0,,7700.0
2025-05-21 12:33:46,12000.0,12036.75,Call CEX 1,CEX,0.0,,7700.0
2025-05-21 12:33:46,12000.0,12036.75,Call VEX 1,VEX,0.0,,7700.0
2025-05-21 12:35:05,200.0,200.5,Call CEX 2,CEX,0.0,,7700.0
2025-05-21 12:35:05,200.0,200.5,Call VEX 2,VEX,0.0,,7700.0
2025-05-21 12:35:05,400.0,401.25,Call CEX 3,CEX,0.0,,7700.0
2025-05-21 12:35:05,400.0,401.25,Call VEX 3,VEX,0.0,,7700.0
2025-05-21 12:35:05,600.0,601.75,Call CEX 4,CEX,0.0,,7700.0
2025-05-21 12:35:05,600.0,601.75,Call VEX 4,VEX,0.0,,7700.0
2025-05-21 12:35:05,800.0,802.5,Call CEX 5,CEX,0.0,,7700.0
2025-05-21 12:35:05,800.0,802.5,Call VEX 5,VEX,0.0,,7700.0
2025-05-21 12:35:05,4000.0,4012.25,Call DEX 1,DEX,874.742,,7700.0
2025-05-21 12:35:05,4800.0,4814.5,Put DEX 1,DEX,-261.19,,7700.0
2025-05-21 12:35:05,4800.0,4814.5,Put GEX 1,GEX,-80520.742,,7700.0
2025-05-21 12:35:05,4850.0,4864.75,Put DEX 2,DEX,-224.688,,7700.0
2025-05-21 12:35:05,4850.0,4864.75,Put GEX 2,GEX,-70595.87,,7700.0
2025-05-21 12:35:05,5000.0,5015.25,Call DEX 2,DEX,724.207,,7700.0
2025-05-21 12:35:05,5200.0,5215.75,Put DEX 5,DEX,-58.316,,7700.0
2025-05-21 12:35:05,5200.0,5215.75,Put GEX 4,GEX,-45279.153,,7700.0
2025-05-21 12:35:05,5300.0,5316.0,Put GEX 5,GEX,-29788.259,,7700.0
2025-05-21 12:35:05,5310.0,5326.0,Put DEX 3,DEX,-88.021,,7700.0
2025-05-21 12:35:05,5310.0,5326.0,Put GEX 3,GEX,-50012.397,,7700.0
2025-05-21 12:35:05,5905.0,5923.0,Call DEX 3,DEX,122.704,,7700.0
2025-05-21 12:35:05,5905.0,5923.0,Call GEX 3,GEX,126631.402,,7700.0
2025-05-21 12:35:05,6000.0,6018.25,Put DEX 4,DEX,-86.537,,7700.0
2025-05-21 12:35:05,6000.0,6018.25,Call GEX 1,GEX,178960.486,,7700.0
2025-05-21 12:35:05,6050.0,6068.25,Call GEX 5,GEX,73996.502,,7700.0
2025-05-21 12:35:05,6100.0,6118.5,Call DEX 4,DEX,101.916,,7700.0
2025-05-21 12:35:05,6100.0,6118.5,Call GEX 2,GEX,163874.753,,7700.0
2025-05-21 12:35:05,6200.0,6218.75,Call GEX 4,GEX,88173.219,,7700.0
2025-05-21 12:35:05,6400.0,6419.5,Call DEX 5,DEX,97.408,,7700.0
2025-05-21 12:35:05,9600.0,9629.0,Put CEX 5,CEX,0.0,,7700.0
2025-05-21 12:35:05,9600.0,9629.0,Put VEX 5,VEX,0.0,,7700.0
2025-05-21 12:35:05,10000.0,10030.25,Put CEX 4,CEX,0.0,,7700.0
2025-05-21 12:35:05,10000.0,10030.25,Put VEX 4,VEX,0.0,,7700.0
2025-05-21 12:35:05,10100.0,10130.75,Put CEX 3,CEX,0.0,,7700.0
2025-05-21 12:35:05,10100.0,10130.75,Put VEX 3,VEX,0.0,,7700.0
2025-05-21 12:35:05,10200.0,10231.0,Put CEX 2,CEX,0.0,,7700.0
2025-05-21 12:35:05,10200.0,10231.0,Put VEX 2,VEX,0.0,,7700.0
2025-05-21 12:35:05,10400.0,10431.5,Put CEX 1,CEX,0.0,,7700.0
2025-05-21 12:35:05,10400.0,10431.5,Put VEX 1,VEX,0.0,,7700.0
2025-05-21 12:35:05,12000.0,12036.5,Call CEX 1,CEX,0.0,,7700.0
2025-05-21 12:35:05,12000.0,12036.5,Call VEX 1,VEX,0.0,,7700.0
2025-05-21 12:36:25,200.0,200.5,Call CEX 2,CEX,0.0,,7700.0
2025-05-21 12:36:25,200.0,200.5,Call VEX 2,VEX,0.0,,7700.0
2025-05-21 12:36:25,400.0,401.25,Call CEX 3,CEX,0.0,,7700.0
2025-05-21 12:36:25,400.0,401.25,Call VEX 3,VEX,0.0,,7700.0
2025-05-21 12:36:25,600.0,601.75,Call CEX 4,CEX,0.0,,7700.0
2025-05-21 12:36:25,600.0,601.75,Call VEX 4,VEX,0.0,,7700.0
2025-05-21 12:36:25,800.0,802.5,Call CEX 5,CEX,0.0,,7700.0
2025-05-21 12:36:25,800.0,802.5,Call VEX 5,VEX,0.0,,7700.0
2025-05-21 12:36:25,4000.0,4012.5,Call DEX 1,DEX,875.706,,7700.0
2025-05-21 12:36:25,4800.0,4815.0,Put DEX 1,DEX,-261.209,,7700.0
2025-05-21 12:36:25,4800.0,4815.0,Put GEX 1,GEX,-80422.174,,7700.0
2025-05-21 12:36:25,4850.0,4865.0,Put DEX 2,DEX,-224.726,,7700.0
2025-05-21 12:36:25,4850.0,4865.0,Put GEX 2,GEX,-70508.206,,7700.0
2025-05-21 12:36:25,5000.0,5015.5,Call DEX 2,DEX,727.614,,7700.0
2025-05-21 12:36:25,5200.0,5216.25,Put DEX 5,DEX,-58.132,,7700.0
2025-05-21 12:36:25,5200.0,5216.25,Put GEX 4,GEX,-45048.515,,7700.0
2025-05-21 12:36:25,5300.0,5316.5,Put GEX 5,GEX,-29500.257,,7700.0
2025-05-21 12:36:25,5310.0,5326.5,Put DEX 3,DEX,-87.97,,7700.0
2025-05-21 12:36:25,5310.0,5326.5,Put GEX 3,GEX,-49847.304,,7700.0
2025-05-21 12:36:25,5905.0,5923.25,Call DEX 3,DEX,122.898,,7700.0
2025-05-21 12:36:25,5905.0,5923.25,Call GEX 3,GEX,128252.25,,7700.0
2025-05-21 12:36:25,6000.0,6018.75,Put DEX 4,DEX,-84.03,,7700.0
2025-05-21 12:36:25,6000.0,6018.75,Call GEX 1,GEX,193976.542,,7700.0
2025-05-21 12:36:25,6050.0,6068.75,Call GEX 5,GEX,75137.87,,7700.0
2025-05-21 12:36:25,6100.0,6119.0,Call DEX 4,DEX,102.131,,7700.0
2025-05-21 12:36:25,6100.0,6119.0,Call GEX 2,GEX,165579.036,,7700.0
2025-05-21 12:36:25,6200.0,6219.25,Call GEX 4,GEX,88700.359,,7700.0
2025-05-21 12:36:25,6400.0,6420.0,Call DEX 5,DEX,97.433,,7700.0
2025-05-21 12:36:25,9600.0,9629.75,Put CEX 5,CEX,0.0,,7700.0
2025-05-21 12:36:25,9600.0,9629.75,Put VEX 5,VEX,0.0,,7700.0
2025-05-21 12:36:25,10000.0,10031.0,Put CEX 4,CEX,0.0,,7700.0
2025-05-21 12:36:25,10000.0,10031.0,Put VEX 4,VEX,0.0,,7700.0
2025-05-21 12:36:25,10100.0,10131.5,Put CEX 3,CEX,0.0,,7700.0
2025-05-21 12:36:25,10100.0,10131.5,Put VEX 3,VEX,0.0,,7700.0
2025-05-21 12:36:25,10200.0,10231.75,Put CEX 2,CEX,0.0,,7700.0
2025-05-21 12:36:25,10200.0,10231.75,Put VEX 2,VEX,0.0,,7700.0
2025-05-21 12:36:25,10400.0,10432.25,Put CEX 1,CEX,0.0,,7700.0
2025-05-21 12:36:25,10400.0,10432.25,Put VEX 1,VEX,0.0,,7700.0
2025-05-21 12:36:25,12000.0,12037.25,Call CEX 1,CEX,0.0,,7700.0
2025-05-21 12:36:25,12000.0,12037.25,Call VEX 1,VEX,0.0,,7700.0
2025-05-21 12:37:44,200.0,200.5,Call CEX 2,CEX,0.0,,7700.0
2025-05-21 12:37:44,200.0,200.5,Call VEX 2,VEX,0.0,,7700.0
2025-05-21 12:37:44,400.0,401.25,Call CEX 3,CEX,0.0,,7700.0
2025-05-21 12:37:44,400.0,401.25,Call VEX 3,VEX,0.0,,7700.0
2025-05-21 12:37:44,600.0,601.75,Call CEX 4,CEX,0.0,,7700.0
2025-05-21 12:37:44,600.0,601.75,Call VEX 4,VEX,0.0,,7700.0
2025-05-21 12:37:44,800.0,802.5,Call CEX 5,CEX,0.0,,7700.0
2025-05-21 12:37:44,800.0,802.5,Call VEX 5,VEX,0.0,,7700.0
2025-05-21 12:37:44,4000.0,4012.25,Call DEX 1,DEX,875.315,,7700.0
2025-05-21 12:37:44,4800.0,4814.75,Put DEX 1,DEX,-261.216,,7700.0
2025-05-21 12:37:44,4800.0,4814.75,Put GEX 1,GEX,-80440.505,,7700.0
2025-05-21 12:37:44,4850.0,4865.0,Put DEX 2,DEX,-224.706,,7700.0
2025-05-21 12:37:44,4850.0,4865.0,Put GEX 2,GEX,-70515.303,,7700.0
2025-05-21 12:37:44,5000.0,5015.5,Call DEX 2,DEX,724.256,,7700.0
2025-05-21 12:37:44,5200.0,5216.0,Put DEX 5,DEX,-58.262,,7700.0
2025-05-21 12:37:44,5200.0,5216.0,Put GEX 4,GEX,-45259.783,,7700.0
2025-05-21 12:37:44,5300.0,5316.25,Put GEX 5,GEX,-29837.795,,7700.0
2025-05-21 12:37:44,5310.0,5326.25,Put DEX 3,DEX,-87.926,,7700.0
2025-05-21 12:37:44,5310.0,5326.25,Put GEX 3,GEX,-49995.054,,7700.0
2025-05-21 12:37:44,5905.0,5923.25,Call DEX 3,DEX,123.026,,7700.0
2025-05-21 12:37:44,5905.0,5923.25,Call GEX 3,GEX,125757.732,,7700.0
2025-05-21 12:37:44,6000.0,6018.5,Put DEX 4,DEX,-85.071,,7700.0
2025-05-21 12:37:44,6000.0,6018.5,Call GEX 1,GEX,168960.278,,7700.0
2025-05-21 12:37:44,6050.0,6068.75,Call GEX 5,GEX,73842.622,,7700.0
2025-05-21 12:37:44,6100.0,6118.75,Call DEX 4,DEX,102.188,,7700.0
2025-05-21 12:37:44,6100.0,6118.75,Call GEX 2,GEX,164154.544,,7700.0
2025-05-21 12:37:44,6200.0,6219.0,Call GEX 4,GEX,88412.32,,7700.0
2025-05-21 12:37:44,6400.0,6419.75,Call DEX 5,DEX,97.428,,7700.0
2025-05-21 12:37:44,9600.0,9629.5,Put CEX 5,CEX,0.0,,7700.0
2025-05-21 12:37:44,9600.0,9629.5,Put VEX 5,VEX,0.0,,7700.0
2025-05-21 12:37:44,10000.0,10030.75,Put CEX 4,CEX,0.0,,7700.0
2025-05-21 12:37:44,10000.0,10030.75,Put VEX 4,VEX,0.0,,7700.0
2025-05-21 12:37:44,10100.0,10131.0,Put CEX 3,CEX,0.0,,7700.0
2025-05-21 12:37:44,10100.0,10131.0,Put VEX 3,VEX,0.0,,7700.0
2025-05-21 12:37:44,10200.0,10231.5,Put CEX 2,CEX,0.0,,7700.0
2025-05-21 12:37:44,10200.0,10231.5,Put VEX 2,VEX,0.0,,7700.0
2025-05-21 12:37:44,10400.0,10432.0,Put CEX 1,CEX,0.0,,7700.0
2025-05-21 12:37:44,10400.0,10432.0,Put VEX 1,VEX,0.0,,7700.0
2025-05-21 12:37:44,12000.0,12037.0,Call CEX 1,CEX,0.0,,7700.0
2025-05-21 12:37:44,12000.0,12037.0,Call VEX 1,VEX,0.0,,7700.0
2025-05-21 12:39:04,200.0,200.5,Call CEX 2,CEX,0.0,,7700.0
2025-05-21 12:39:04,200.0,200.5,Call VEX 2,VEX,0.0,,7700.0
2025-05-21 12:39:04,400.0,401.25,Call CEX 3,CEX,0.0,,7700.0
2025-05-21 12:39:04,400.0,401.25,Call VEX 3,VEX,0.0,,7700.0
2025-05-21 12:39:04,600.0,601.75,Call CEX 4,CEX,0.0,,7700.0
2025-05-21 12:39:04,600.0,601.75,Call VEX 4,VEX,0.0,,7700.0
2025-05-21 12:39:04,800.0,802.5,Call CEX 5,CEX,0.0,,7700.0
2025-05-21 12:39:04,800.0,802.5,Call VEX 5,VEX,0.0,,7700.0
2025-05-21 12:39:04,4000.0,4012.0,Call DEX 1,DEX,875.908,,7700.0
2025-05-21 12:39:04,4800.0,4814.25,Put DEX 1,DEX,-261.216,,7700.0
2025-05-21 12:39:04,4800.0,4814.25,Put GEX 1,GEX,-80330.822,,7700.0
2025-05-21 12:39:04,4850.0,4864.5,Put DEX 2,DEX,-224.713,,7700.0
2025-05-21 12:39:04,4850.0,4864.5,Put GEX 2,GEX,-70417.057,,7700.0
2025-05-21 12:39:04,5000.0,5015.0,Call DEX 2,DEX,725.481,,7700.0
2025-05-21 12:39:04,5200.0,5215.5,Put DEX 5,DEX,-58.183,,7700.0
2025-05-21 12:39:04,5200.0,5215.5,Put GEX 4,GEX,-45156.921,,7700.0
2025-05-21 12:39:04,5300.0,5315.75,Put GEX 5,GEX,-29727.087,,7700.0
2025-05-21 12:39:04,5310.0,5325.75,Put DEX 3,DEX,-87.87,,7700.0
2025-05-21 12:39:04,5310.0,5325.75,Put GEX 3,GEX,-49901.842,,7700.0
2025-05-21 12:39:04,5905.0,5922.75,Call DEX 3,DEX,123.372,,7700.0
2025-05-21 12:39:04,5905.0,5922.75,Call GEX 3,GEX,126617.789,,7700.0
2025-05-21 12:39:04,6000.0,6018.0,Put DEX 4,DEX,-82.565,,7700.0
2025-05-21 12:39:04,6000.0,6018.0,Call GEX 1,GEX,175736.514,,7700.0
2025-05-21 12:39:04,6050.0,6068.0,Call GEX 5,GEX,74514.869,,7700.0
2025-05-21 12:39:04,6100.0,6118.25,Call DEX 4,DEX,102.408,,7700.0
2025-05-21 12:39:04,6100.0,6118.25,Call GEX 2,GEX,165557.764,,7700.0
2025-05-21 12:39:04,6200.0,6218.5,Call GEX 4,GEX,88977.266,,7700.0
2025-05-21 12:39:04,6400.0,6419.25,Call DEX 5,DEX,97.459,,7700.0
2025-05-21 12:39:04,9600.0,9628.75,Put CEX 5,CEX,0.0,,7700.0
2025-05-21 12:39:04,9600.0,9628.75,Put VEX 5,VEX,0.0,,7700.0
2025-05-21 12:39:04,10000.0,10030.0,Put CEX 4,CEX,0.0,,7700.0
2025-05-21 12:39:04,10000.0,10030.0,Put VEX 4,VEX,0.0,,7700.0
2025-05-21 12:39:04,10100.0,10130.25,Put CEX 3,CEX,0.0,,7700.0
2025-05-21 12:39:04,10100.0,10130.25,Put VEX 3,VEX,0.0,,7700.0
2025-05-21 12:39:04,10200.0,10230.5,Put CEX 2,CEX,0.0,,7700.0
2025-05-21 12:39:04,10200.0,10230.5,Put VEX 2,VEX,0.0,,7700.0
2025-05-21 12:39:04,10400.0,10431.0,Put CEX 1,CEX,0.0,,7700.0
2025-05-21 12:39:04,10400.0,10431.0,Put VEX 1,VEX,0.0,,7700.0
2025-05-21 12:39:04,12000.0,12035.75,Call CEX 1,CEX,0.0,,7700.0
2025-05-21 12:39:04,12000.0,12035.75,Call VEX 1,VEX,0.0,,7700.0
2025-05-21 12:40:24,200.0,200.5,Call CEX 2,CEX,0.0,,7700.0
2025-05-21 12:40:24,200.0,200.5,Call VEX 2,VEX,0.0,,7700.0
2025-05-21 12:40:24,400.0,401.0,Call CEX 3,CEX,0.0,,7700.0
2025-05-21 12:40:24,400.0,401.0,Call VEX 3,VEX,0.0,,7700.0
2025-05-21 12:40:24,600.0,601.5,Call CEX 4,CEX,0.0,,7700.0
2025-05-21 12:40:24,600.0,601.5,Call VEX 4,VEX,0.0,,7700.0
2025-05-21 12:40:24,800.0,802.25,Call CEX 5,CEX,0.0,,7700.0
2025-05-21 12:40:24,800.0,802.25,Call VEX 5,VEX,0.0,,7700.0
2025-05-21 12:40:24,4000.0,4010.75,Call DEX 1,DEX,876.232,,7700.0
2025-05-21 12:40:24,4800.0,4813.0,Put DEX 1,DEX,-261.218,,7700.0
2025-05-21 12:40:24,4800.0,4813.0,Put GEX 1,GEX,-80112.504,,7700.0
2025-05-21 12:40:24,4850.0,4863.0,Put DEX 2,DEX,-224.709,,7700.0
2025-05-21 12:40:24,4850.0,4863.0,Put GEX 2,GEX,-70225.746,,7700.0
2025-05-21 12:40:24,5000.0,5013.5,Call DEX 2,DEX,728.121,,7700.0
2025-05-21 12:40:24,5200.0,5214.0,Put DEX 5,DEX,-57.987,,7700.0
2025-05-21 12:40:24,5200.0,5214.0,Put GEX 4,GEX,-44976.044,,7700.0
2025-05-21 12:40:24,5300.0,5314.25,Put GEX 5,GEX,-29489.769,,7700.0
2025-05-21 12:40:24,5310.0,5324.25,Put DEX 3,DEX,-87.718,,7700.0
2025-05-21 12:40:24,5310.0,5324.25,Put GEX 3,GEX,-49721.686,,7700.0
2025-05-21 12:40:24,5905.0,5921.0,Call DEX 3,DEX,124.133,,7700.0
2025-05-21 12:40:24,5905.0,5921.0,Call GEX 3,GEX,127383.987,,7700.0
2025-05-21 12:40:24,6000.0,6016.25,Put DEX 4,DEX,-77.891,,7700.0
2025-05-21 12:40:24,6000.0,6016.25,Call GEX 1,GEX,177678.376,,7700.0
2025-05-21 12:40:24,6050.0,6066.25,Call GEX 5,GEX,75681.031,,7700.0
2025-05-21 12:40:24,6100.0,6116.5,Call DEX 4,DEX,102.976,,7700.0
2025-05-21 12:40:24,6100.0,6116.5,Call GEX 2,GEX,168003.058,,7700.0
2025-05-21 12:40:24,6200.0,6216.75,Call GEX 4,GEX,90095.762,,7700.0
2025-05-21 12:40:24,6400.0,6417.25,Call DEX 5,DEX,97.499,,7700.0
2025-05-21 12:40:24,9600.0,9626.0,Put CEX 5,CEX,0.0,,7700.0
2025-05-21 12:40:24,9600.0,9626.0,Put VEX 5,VEX,0.0,,7700.0
2025-05-21 12:40:24,10000.0,10027.0,Put CEX 4,CEX,0.0,,7700.0
2025-05-21 12:40:24,10000.0,10027.0,Put VEX 4,VEX,0.0,,7700.0
2025-05-21 12:40:24,10100.0,10127.25,Put CEX 3,CEX,0.0,,7700.0
2025-05-21 12:40:24,10100.0,10127.25,Put VEX 3,VEX,0.0,,7700.0
2025-05-21 12:40:24,10200.0,10227.5,Put CEX 2,CEX,0.0,,7700.0
2025-05-21 12:40:24,10200.0,10227.5,Put VEX 2,VEX,0.0,,7700.0
2025-05-21 12:40:24,10400.0,10428.0,Put CEX 1,CEX,0.0,,7700.0
2025-05-21 12:40:24,10400.0,10428.0,Put VEX 1,VEX,0.0,,7700.0
2025-05-21 12:40:24,12000.0,12032.5,Call CEX 1,CEX,0.0,,7700.0
2025-05-21 12:40:24,12000.0,12032.5,Call VEX 1,VEX,0.0,,7700.0
2025-05-21 12:41:44,200.0,200.5,Call CEX 2,CEX,0.0,,7700.0
2025-05-21 12:41:44,200.0,200.5,Call VEX 2,VEX,0.0,,7700.0
2025-05-21 12:41:44,400.0,401.0,Call CEX 3,CEX,0.0,,7700.0
2025-05-21 12:41:44,400.0,401.0,Call VEX 3,VEX,0.0,,7700.0
2025-05-21 12:41:44,600.0,601.75,Call CEX 4,CEX,0.0,,7700.0
2025-05-21 12:41:44,600.0,601.75,Call VEX 4,VEX,0.0,,7700.0
2025-05-21 12:41:44,800.0,802.25,Call CEX 5,CEX,0.0,,7700.0
2025-05-21 12:41:44,800.0,802.25,Call VEX 5,VEX,0.0,,7700.0
2025-05-21 12:41:44,4000.0,4011.25,Call DEX 1,DEX,876.606,,7700.0
2025-05-21 12:41:44,4800.0,4813.5,Put DEX 1,DEX,-261.232,,7700.0
2025-05-21 12:41:44,4800.0,4813.5,Put GEX 1,GEX,-80055.002,,7700.0
2025-05-21 12:41:44,4850.0,4863.5,Put DEX 2,DEX,-224.715,,7700.0
2025-05-21 12:41:44,4850.0,4863.5,Put GEX 2,GEX,-70169.89,,7700.0
2025-05-21 12:41:44,5000.0,5014.0,Call DEX 2,DEX,727.393,,7700.0
2025-05-21 12:41:44,5200.0,5214.5,Put DEX 5,DEX,-58.039,,7700.0
2025-05-21 12:41:44,5200.0,5214.5,Put GEX 4,GEX,-45006.889,,7700.0
2025-05-21 12:41:44,5300.0,5315.0,Put GEX 5,GEX,-29628.692,,7700.0
2025-05-21 12:41:44,5310.0,5325.0,Put DEX 3,DEX,-87.682,,7700.0
2025-05-21 12:41:44,5310.0,5325.0,Put GEX 3,GEX,-49712.2,,7700.0
2025-05-21 12:41:44,5905.0,5921.5,Call DEX 3,DEX,124.378,,7700.0
2025-05-21 12:41:44,5905.0,5921.5,Call GEX 3,GEX,126824.699,,7700.0
2025-05-21 12:41:44,6000.0,6016.75,Put DEX 4,DEX,-76.324,,7700.0
2025-05-21 12:41:44,6000.0,6016.75,Call GEX 1,GEX,173078.563,,7700.0
2025-05-21 12:41:44,6050.0,6067.0,Call GEX 5,GEX,75542.848,,7700.0
2025-05-21 12:41:44,6100.0,6117.25,Call DEX 4,DEX,103.136,,7700.0
2025-05-21 12:41:44,6100.0,6117.25,Call GEX 2,GEX,168155.904,,7700.0
2025-05-21 12:41:44,6200.0,6217.5,Call GEX 4,GEX,90252.693,,7700.0
2025-05-21 12:41:44,6400.0,6418.0,Call DEX 5,DEX,97.508,,7700.0
2025-05-21 12:41:44,9600.0,9627.0,Put CEX 5,CEX,0.0,,7700.0
2025-05-21 12:41:44,9600.0,9627.0,Put VEX 5,VEX,0.0,,7700.0
2025-05-21 12:41:44,10000.0,10028.0,Put CEX 4,CEX,0.0,,7700.0
2025-05-21 12:41:44,10000.0,10028.0,Put VEX 4,VEX,0.0,,7700.0
2025-05-21 12:41:44,10100.0,10128.25,Put CEX 3,CEX,0.0,,7700.0
2025-05-21 12:41:44,10100.0,10128.25,Put VEX 3,VEX,0.0,,7700.0
2025-05-21 12:41:44,10200.0,10228.75,Put CEX 2,CEX,0.0,,7700.0
2025-05-21 12:41:44,10200.0,10228.75,Put VEX 2,VEX,0.0,,7700.0
2025-05-21 12:41:44,10400.0,10429.25,Put CEX 1,CEX,0.0,,7700.0
2025-05-21 12:41:44,10400.0,10429.25,Put VEX 1,VEX,0.0,,7700.0
2025-05-21 12:41:44,12000.0,12033.75,Call CEX 1,CEX,0.0,,7700.0
2025-05-21 12:41:44,12000.0,12033.75,Call VEX 1,VEX,0.0,,7700.0
2025-05-21 12:43:03,200.0,200.5,Call CEX 2,CEX,0.0,,7700.0
2025-05-21 12:43:03,200.0,200.5,Call VEX 2,VEX,0.0,,7700.0
2025-05-21 12:43:03,400.0,401.0,Call CEX 3,CEX,0.0,,7700.0
2025-05-21 12:43:03,400.0,401.0,Call VEX 3,VEX,0.0,,7700.0
2025-05-21 12:43:03,600.0,601.75,Call CEX 4,CEX,0.0,,7700.0
2025-05-21 12:43:03,600.0,601.75,Call VEX 4,VEX,0.0,,7700.0
2025-05-21 12:43:03,800.0,802.25,Call CEX 5,CEX,0.0,,7700.0
2025-05-21 12:43:03,800.0,802.25,Call VEX 5,VEX,0.0,,7700.0
2025-05-21 12:43:03,4000.0,4011.0,Call DEX 1,DEX,878.011,,7700.0
2025-05-21 12:43:03,4800.0,4813.25,Put DEX 1,DEX,-261.251,,7700.0
2025-05-21 12:43:03,4800.0,4813.25,Put GEX 1,GEX,-79802.404,,7700.0
2025-05-21 12:43:03,4850.0,4863.5,Put DEX 2,DEX,-224.779,,7700.0
2025-05-21 12:43:03,4850.0,4863.5,Put GEX 2,GEX,-69946.091,,7700.0
2025-05-21 12:43:03,5000.0,5014.0,Call DEX 2,DEX,733.185,,7700.0
2025-05-21 12:43:03,5200.0,5214.5,Put DEX 5,DEX,-57.624,,7700.0
2025-05-21 12:43:03,5200.0,5214.5,Put GEX 4,GEX,-44488.103,,7700.0
2025-05-21 12:43:03,5300.0,5314.75,Put GEX 5,GEX,-28903.894,,7700.0
2025-05-21 12:43:03,5310.0,5324.75,Put DEX 3,DEX,-87.624,,7700.0
2025-05-21 12:43:03,5310.0,5324.75,Put GEX 3,GEX,-49354.042,,7700.0
2025-05-21 12:43:03,5905.0,5921.5,Call DEX 3,DEX,125.036,,7700.0
2025-05-21 12:43:03,5905.0,5921.5,Call GEX 3,GEX,129734.801,,7700.0
2025-05-21 12:43:03,6000.0,6016.75,Put DEX 4,DEX,-70.154,,7700.0
2025-05-21 12:43:03,6000.0,6016.75,Call GEX 1,GEX,200260.925,,7700.0
2025-05-21 12:43:03,6050.0,6066.75,Call GEX 5,GEX,78052.339,,7700.0
2025-05-21 12:43:03,6100.0,6117.0,Call DEX 4,DEX,103.801,,7700.0
2025-05-21 12:43:03,6100.0,6117.0,Call GEX 2,GEX,172109.954,,7700.0
2025-05-21 12:43:03,6200.0,6217.25,Call GEX 4,GEX,91720.543,,7700.0
2025-05-21 12:43:03,6400.0,6417.75,Call DEX 5,DEX,97.56,,7700.0
2025-05-21 12:43:03,9600.0,9626.75,Put CEX 5,CEX,0.0,,7700.0
2025-05-21 12:43:03,9600.0,9626.75,Put VEX 5,VEX,0.0,,7700.0
2025-05-21 12:43:03,10000.0,10027.75,Put CEX 4,CEX,0.0,,7700.0
2025-05-21 12:43:03,10000.0,10027.75,Put VEX 4,VEX,0.0,,7700.0
2025-05-21 12:43:03,10100.0,10128.0,Put CEX 3,CEX,0.0,,7700.0
2025-05-21 12:43:03,10100.0,10128.0,Put VEX 3,VEX,0.0,,7700.0
2025-05-21 12:43:03,10200.0,10228.25,Put CEX 2,CEX,0.0,,7700.0
2025-05-21 12:43:03,10200.0,10228.25,Put VEX 2,VEX,0.0,,7700.0
2025-05-21 12:43:03,10400.0,10429.0,Put CEX 1,CEX,0.0,,7700.0
2025-05-21 12:43:03,10400.0,10429.0,Put VEX 1,VEX,0.0,,7700.0
2025-05-21 12:43:03,12000.0,12033.25,Call CEX 1,CEX,0.0,,7700.0
2025-05-21 12:43:03,12000.0,12033.25,Call VEX 1,VEX,0.0,,7700.0
2025-05-21 12:44:23,200.0,200.5,Call CEX 2,CEX,0.0,,7700.0
2025-05-21 12:44:23,200.0,200.5,Call VEX 2,VEX,0.0,,7700.0
2025-05-21 12:44:23,400.0,401.25,Call CEX 3,CEX,0.0,,7700.0
2025-05-21 12:44:23,400.0,401.25,Call VEX 3,VEX,0.0,,7700.0
2025-05-21 12:44:23,600.0,601.75,Call CEX 4,CEX,0.0,,7700.0
2025-05-21 12:44:23,600.0,601.75,Call VEX 4,VEX,0.0,,7700.0
2025-05-21 12:44:23,800.0,802.5,Call CEX 5,CEX,0.0,,7700.0
2025-05-21 12:44:23,800.0,802.5,Call VEX 5,VEX,0.0,,7700.0
2025-05-21 12:44:23,4000.0,4012.0,Call DEX 1,DEX,876.56,,7700.0
2025-05-21 12:44:23,4800.0,4814.25,Put DEX 1,DEX,-261.247,,7700.0
2025-05-21 12:44:23,4800.0,4814.25,Put GEX 1,GEX,-80060.113,,7700.0
2025-05-21 12:44:23,4850.0,4864.5,Put DEX 2,DEX,-224.738,,7700.0
2025-05-21 12:44:23,4850.0,4864.5,Put GEX 2,GEX,-70166.799,,7700.0
2025-05-21 12:44:23,5000.0,5015.0,Call DEX 2,DEX,726.987,,7700.0
2025-05-21 12:44:23,5200.0,5215.5,Put DEX 5,DEX,-58.058,,7700.0
2025-05-21 12:44:23,5200.0,5215.5,Put GEX 4,GEX,-44999.016,,7700.0
2025-05-21 12:44:23,5300.0,5315.75,Put GEX 5,GEX,-29581.308,,7700.0
2025-05-21 12:44:23,5310.0,5325.75,Put DEX 3,DEX,-87.723,,7700.0
2025-05-21 12:44:23,5310.0,5325.75,Put GEX 3,GEX,-49711.954,,7700.0
2025-05-21 12:44:23,5905.0,5922.5,Call DEX 3,DEX,124.348,,7700.0
2025-05-21 12:44:23,5905.0,5922.5,Call GEX 3,GEX,126621.998,,7700.0
2025-05-21 12:44:23,6000.0,6017.75,Put DEX 4,DEX,-76.354,,7700.0
2025-05-21 12:44:23,6000.0,6017.75,Call GEX 1,GEX,172710.451,,7700.0
2025-05-21 12:44:23,6050.0,6068.0,Call GEX 5,GEX,75461.911,,7700.0
2025-05-21 12:44:23,6100.0,6118.25,Call DEX 4,DEX,103.135,,7700.0
2025-05-21 12:44:23,6100.0,6118.25,Call GEX 2,GEX,167892.846,,7700.0
2025-05-21 12:44:23,6200.0,6218.5,Call GEX 4,GEX,90182.915,,7700.0
2025-05-21 12:44:23,6400.0,6419.0,Call DEX 5,DEX,97.506,,7700.0
2025-05-21 12:44:23,9600.0,9628.5,Put CEX 5,CEX,0.0,,7700.0
2025-05-21 12:44:23,9600.0,9628.5,Put VEX 5,VEX,0.0,,7700.0
2025-05-21 12:44:23,10000.0,10029.75,Put CEX 4,CEX,0.0,,7700.0
2025-05-21 12:44:23,10000.0,10029.75,Put VEX 4,VEX,0.0,,7700.0
2025-05-21 12:44:23,10100.0,10130.0,Put CEX 3,CEX,0.0,,7700.0
2025-05-21 12:44:23,10100.0,10130.0,Put VEX 3,VEX,0.0,,7700.0
2025-05-21 12:44:23,10200.0,10230.25,Put CEX 2,CEX,0.0,,7700.0
2025-05-21 12:44:23,10200.0,10230.25,Put VEX 2,VEX,0.0,,7700.0
2025-05-21 12:44:23,10400.0,10431.0,Put CEX 1,CEX,0.0,,7700.0
2025-05-21 12:44:23,10400.0,10431.0,Put VEX 1,VEX,0.0,,7700.0
2025-05-21 12:44:23,12000.0,12035.75,Call CEX 1,CEX,0.0,,7700.0
2025-05-21 12:44:23,12000.0,12035.75,Call VEX 1,VEX,0.0,,7700.0
2025-05-21 12:45:43,200.0,200.5,Call CEX 2,CEX,0.0,,7700.0
2025-05-21 12:45:43,200.0,200.5,Call VEX 2,VEX,0.0,,7700.0
2025-05-21 12:45:43,400.0,401.25,Call CEX 3,CEX,0.0,,7700.0
2025-05-21 12:45:43,400.0,401.25,Call VEX 3,VEX,0.0,,7700.0
2025-05-21 12:45:43,600.0,601.75,Call CEX 4,CEX,0.0,,7700.0
2025-05-21 12:45:43,600.0,601.75,Call VEX 4,VEX,0.0,,7700.0
2025-05-21 12:45:43,800.0,802.5,Call CEX 5,CEX,0.0,,7700.0
2025-05-21 12:45:43,800.0,802.5,Call VEX 5,VEX,0.0,,7700.0
2025-05-21 12:45:43,4000.0,4012.0,Call DEX 1,DEX,877.385,,7700.0
2025-05-21 12:45:43,4800.0,4814.5,Put DEX 1,DEX,-261.267,,7700.0
2025-05-21 12:45:43,4800.0,4814.5,Put GEX 1,GEX,-79866.711,,7700.0
2025-05-21 12:45:43,4850.0,4864.75,Put DEX 2,DEX,-224.773,,7700.0
2025-05-21 12:45:43,4850.0,4864.75,Put GEX 2,GEX,-69992.571,,7700.0
2025-05-21 12:45:43,5000.0,5015.0,Call DEX 2,DEX,730.145,,7700.0
2025-05-21 12:45:43,5200.0,5215.75,Put DEX 5,DEX,-57.845,,7700.0
2025-05-21 12:45:43,5200.0,5215.75,Put GEX 4,GEX,-44721.746,,7700.0
2025-05-21 12:45:43,5300.0,5316.0,Put GEX 5,GEX,-29347.8,,7700.0
2025-05-21 12:45:43,5310.0,5326.0,Put DEX 3,DEX,-87.674,,7700.0
2025-05-21 12:45:43,5310.0,5326.0,Put GEX 3,GEX,-49449.98,,7700.0
2025-05-21 12:45:43,5905.0,5922.75,Call DEX 3,DEX,124.903,,7700.0
2025-05-21 12:45:43,5905.0,5922.75,Call GEX 3,GEX,129091.646,,7700.0
2025-05-21 12:45:43,6000.0,6018.0,Put DEX 4,DEX,-71.201,,7700.0
2025-05-21 12:45:43,6000.0,6018.0,Call GEX 1,GEX,193423.228,,7700.0
2025-05-21 12:45:43,6050.0,6068.25,Call GEX 5,GEX,77043.084,,7700.0
2025-05-21 12:45:43,6100.0,6118.5,Call DEX 4,DEX,103.667,,7700.0
2025-05-21 12:45:43,6100.0,6118.5,Call GEX 2,GEX,170579.052,,7700.0
2025-05-21 12:45:43,6200.0,6218.75,Call GEX 4,GEX,91215.643,,7700.0
2025-05-21 12:45:43,6400.0,6419.25,Call DEX 5,DEX,97.549,,7700.0
2025-05-21 12:45:43,9600.0,9629.0,Put CEX 5,CEX,0.0,,7700.0
2025-05-21 12:45:43,9600.0,9629.0,Put VEX 5,VEX,0.0,,7700.0
2025-05-21 12:45:43,10000.0,10030.25,Put CEX 4,CEX,0.0,,7700.0
2025-05-21 12:45:43,10000.0,10030.25,Put VEX 4,VEX,0.0,,7700.0
2025-05-21 12:45:43,10100.0,10130.5,Put CEX 3,CEX,0.0,,7700.0
2025-05-21 12:45:43,10100.0,10130.5,Put VEX 3,VEX,0.0,,7700.0
2025-05-21 12:45:43,10200.0,10230.75,Put CEX 2,CEX,0.0,,7700.0
2025-05-21 12:45:43,10200.0,10230.75,Put VEX 2,VEX,0.0,,7700.0
2025-05-21 12:45:43,10400.0,10431.5,Put CEX 1,CEX,0.0,,7700.0
2025-05-21 12:45:43,10400.0,10431.5,Put VEX 1,VEX,0.0,,7700.0
2025-05-21 12:45:43,12000.0,12036.25,Call CEX 1,CEX,0.0,,7700.0
2025-05-21 12:45:43,12000.0,12036.25,Call VEX 1,VEX,0.0,,7700.0
2025-05-21 12:47:02,200.0,200.5,Call CEX 2,CEX,0.0,,7700.0
2025-05-21 12:47:02,200.0,200.5,Call VEX 2,VEX,0.0,,7700.0
2025-05-21 12:47:02,400.0,401.25,Call CEX 3,CEX,0.0,,7700.0
2025-05-21 12:47:02,400.0,401.25,Call VEX 3,VEX,0.0,,7700.0
2025-05-21 12:47:02,600.0,601.75,Call CEX 4,CEX,0.0,,7700.0
2025-05-21 12:47:02,600.0,601.75,Call VEX 4,VEX,0.0,,7700.0
2025-05-21 12:47:02,800.0,802.25,Call CEX 5,CEX,0.0,,7700.0
2025-05-21 12:47:02,800.0,802.25,Call VEX 5,VEX,0.0,,7700.0
2025-05-21 12:47:02,4000.0,4011.5,Call DEX 1,DEX,877.762,,7700.0
2025-05-21 12:47:02,4800.0,4813.75,Put DEX 1,DEX,-261.267,,7700.0
2025-05-21 12:47:02,4800.0,4813.75,Put GEX 1,GEX,-79805.13,,7700.0
2025-05-21 12:47:02,4850.0,4863.75,Put DEX 2,DEX,-224.78,,7700.0
2025-05-21 12:47:02,4850.0,4863.75,Put GEX 2,GEX,-69948.249,,7700.0
2025-05-21 12:47:02,5000.0,5014.25,Call DEX 2,DEX,732.298,,7700.0
2025-05-21 12:47:02,5200.0,5214.75,Put DEX 5,DEX,-57.745,,7700.0
2025-05-21 12:47:02,5200.0,5214.75,Put GEX 4,GEX,-44563.074,,7700.0
2025-05-21 12:47:02,5300.0,5315.0,Put GEX 5,GEX,-29137.087,,7700.0
2025-05-21 12:47:02,5310.0,5325.0,Put DEX 3,DEX,-87.671,,7700.0
2025-05-21 12:47:02,5310.0,5325.0,Put GEX 3,GEX,-49332.101,,7700.0
2025-05-21 12:47:02,5905.0,5921.75,Call DEX 3,DEX,125.036,,7700.0
2025-05-21 12:47:02,5905.0,5921.75,Call GEX 3,GEX,129989.452,,7700.0
2025-05-21 12:47:02,6000.0,6017.0,Put DEX 4,DEX,-69.308,,7700.0
2025-05-21 12:47:02,6000.0,6017.0,Call GEX 1,GEX,204284.017,,7700.0
2025-05-21 12:47:02,6050.0,6067.25,Call GEX 5,GEX,77706.437,,7700.0
2025-05-21 12:47:02,6100.0,6117.25,Call DEX 4,DEX,103.864,,7700.0
2025-05-21 12:47:02,6100.0,6117.25,Call GEX 2,GEX,171711.788,,7700.0
2025-05-21 12:47:02,6200.0,6217.75,Call GEX 4,GEX,91616.105,,7700.0
2025-05-21 12:47:02,6400.0,6418.25,Call DEX 5,DEX,97.556,,7700.0
2025-05-21 12:47:02,9600.0,9627.25,Put CEX 5,CEX,0.0,,7700.0
2025-05-21 12:47:02,9600.0,9627.25,Put VEX 5,VEX,0.0,,7700.0
2025-05-21 12:47:02,10000.0,10028.5,Put CEX 4,CEX,0.0,,7700.0
2025-05-21 12:47:02,10000.0,10028.5,Put VEX 4,VEX,0.0,,7700.0
2025-05-21 12:47:02,10100.0,10128.75,Put CEX 3,CEX,0.0,,7700.0
2025-05-21 12:47:02,10100.0,10128.75,Put VEX 3,VEX,0.0,,7700.0
2025-05-21 12:47:02,10200.0,10229.0,Put CEX 2,CEX,0.0,,7700.0
2025-05-21 12:47:02,10200.0,10229.0,Put VEX 2,VEX,0.0,,7700.0
2025-05-21 12:47:02,10400.0,10429.5,Put CEX 1,CEX,0.0,,7700.0
2025-05-21 12:47:02,10400.0,10429.5,Put VEX 1,VEX,0.0,,7700.0
2025-05-21 12:47:02,12000.0,12034.25,Call CEX 1,CEX,0.0,,7700.0
2025-05-21 12:47:02,12000.0,12034.25,Call VEX 1,VEX,0.0,,7700.0
2025-05-21 12:47:57,200.0,200.5,Call CEX 2,CEX,0.0,,7700.0
2025-05-21 12:47:57,200.0,200.5,Call VEX 2,VEX,0.0,,7700.0
2025-05-21 12:47:57,400.0,401.25,Call CEX 3,CEX,0.0,,7700.0
2025-05-21 12:47:57,400.0,401.25,Call VEX 3,VEX,0.0,,7700.0
2025-05-21 12:47:57,600.0,601.75,Call CEX 4,CEX,0.0,,7700.0
2025-05-21 12:47:57,600.0,601.75,Call VEX 4,VEX,0.0,,7700.0
2025-05-21 12:47:57,800.0,802.25,Call CEX 5,CEX,0.0,,7700.0
2025-05-21 12:47:57,800.0,802.25,Call VEX 5,VEX,0.0,,7700.0
2025-05-21 12:47:57,4000.0,4011.75,Call DEX 1,DEX,877.762,,7700.0
2025-05-21 12:47:57,4800.0,4814.0,Put DEX 1,DEX,-261.267,,7700.0
2025-05-21 12:47:57,4800.0,4814.0,Put GEX 1,GEX,-79805.13,,7700.0
2025-05-21 12:47:57,4850.0,4864.25,Put DEX 2,DEX,-224.78,,7700.0
2025-05-21 12:47:57,4850.0,4864.25,Put GEX 2,GEX,-69948.249,,7700.0
2025-05-21 12:47:57,5000.0,5014.5,Call DEX 2,DEX,732.298,,7700.0
2025-05-21 12:47:57,5200.0,5215.25,Put DEX 5,DEX,-57.745,,7700.0
2025-05-21 12:47:57,5200.0,5215.25,Put GEX 4,GEX,-44563.074,,7700.0
2025-05-21 12:47:57,5300.0,5315.5,Put GEX 5,GEX,-29137.087,,7700.0
2025-05-21 12:47:57,5310.0,5325.5,Put DEX 3,DEX,-87.671,,7700.0
2025-05-21 12:47:57,5310.0,5325.5,Put GEX 3,GEX,-49332.101,,7700.0
2025-05-21 12:47:57,5905.0,5922.25,Call DEX 3,DEX,125.036,,7700.0
2025-05-21 12:47:57,5905.0,5922.25,Call GEX 3,GEX,129989.452,,7700.0
2025-05-21 12:47:57,6000.0,6017.5,Put DEX 4,DEX,-69.308,,7700.0
2025-05-21 12:47:57,6000.0,6017.5,Call GEX 1,GEX,204284.017,,7700.0
2025-05-21 12:47:57,6050.0,6067.75,Call GEX 5,GEX,77706.437,,7700.0
2025-05-21 12:47:57,6100.0,6117.75,Call DEX 4,DEX,103.864,,7700.0
2025-05-21 12:47:57,6100.0,6117.75,Call GEX 2,GEX,171711.788,,7700.0
2025-05-21 12:47:57,6200.0,6218.0,Call GEX 4,GEX,91616.105,,7700.0
2025-05-21 12:47:57,6400.0,6418.75,Call DEX 5,DEX,97.556,,7700.0
2025-05-21 12:47:57,9600.0,9628.0,Put CEX 5,CEX,0.0,,7700.0
2025-05-21 12:47:57,9600.0,9628.0,Put VEX 5,VEX,0.0,,7700.0
2025-05-21 12:47:57,10000.0,10029.25,Put CEX 4,CEX,0.0,,7700.0
2025-05-21 12:47:57,10000.0,10029.25,Put VEX 4,VEX,0.0,,7700.0
2025-05-21 12:47:57,10100.0,10129.5,Put CEX 3,CEX,0.0,,7700.0
2025-05-21 12:47:57,10100.0,10129.5,Put VEX 3,VEX,0.0,,7700.0
2025-05-21 12:47:57,10200.0,10229.75,Put CEX 2,CEX,0.0,,7700.0
2025-05-21 12:47:57,10200.0,10229.75,Put VEX 2,VEX,0.0,,7700.0
2025-05-21 12:47:57,10400.0,10430.25,Put CEX 1,CEX,0.0,,7700.0
2025-05-21 12:47:57,10400.0,10430.25,Put VEX 1,VEX,0.0,,7700.0
2025-05-21 12:47:57,12000.0,12035.0,Call CEX 1,CEX,0.0,,7700.0
2025-05-21 12:47:57,12000.0,12035.0,Call VEX 1,VEX,0.0,,7700.0
2025-05-21 12:49:17,200.0,200.5,Call CEX 2,CEX,0.0,,7700.0
2025-05-21 12:49:17,200.0,200.5,Call VEX 2,VEX,0.0,,7700.0
2025-05-21 12:49:17,400.0,401.25,Call CEX 3,CEX,0.0,,7700.0
2025-05-21 12:49:17,400.0,401.25,Call VEX 3,VEX,0.0,,7700.0
2025-05-21 12:49:17,600.0,601.75,Call CEX 4,CEX,0.0,,7700.0
2025-05-21 12:49:17,600.0,601.75,Call VEX 4,VEX,0.0,,7700.0
2025-05-21 12:49:17,800.0,802.25,Call CEX 5,CEX,0.0,,7700.0
2025-05-21 12:49:17,800.0,802.25,Call VEX 5,VEX,0.0,,7700.0
2025-05-21 12:49:17,4000.0,4011.5,Call DEX 1,DEX,876.285,,7700.0
2025-05-21 12:49:17,4800.0,4813.75,Put DEX 1,DEX,-261.224,,7700.0
2025-05-21 12:49:17,4800.0,4813.75,Put GEX 1,GEX,-80165.874,,7700.0
2025-05-21 12:49:17,4850.0,4863.75,Put DEX 2,DEX,-224.729,,7700.0
2025-05-21 12:49:17,4850.0,4863.75,Put GEX 2,GEX,-70266.416,,7700.0
2025-05-21 12:49:17,5000.0,5014.25,Call DEX 2,DEX,727.698,,7700.0
2025-05-21 12:49:17,5200.0,5214.75,Put DEX 5,DEX,-58.063,,7700.0
2025-05-21 12:49:17,5200.0,5214.75,Put GEX 4,GEX,-45009.136,,7700.0
2025-05-21 12:49:17,5300.0,5315.0,Put GEX 5,GEX,-29519.78,,7700.0
2025-05-21 12:49:17,5310.0,5325.0,Put DEX 3,DEX,-87.765,,7700.0
2025-05-21 12:49:17,5310.0,5325.0,Put GEX 3,GEX,-49733.802,,7700.0
2025-05-21 12:49:17,5905.0,5921.75,Call DEX 3,DEX,123.965,,7700.0
2025-05-21 12:49:17,5905.0,5921.75,Call GEX 3,GEX,126139.474,,7700.0
2025-05-21 12:49:17,6000.0,6017.0,Put DEX 4,DEX,-77.96,,7700.0
2025-05-21 12:49:17,6000.0,6017.0,Call GEX 1,GEX,172419.804,,7700.0
2025-05-21 12:49:17,6050.0,6067.25,Call GEX 5,GEX,74605.246,,7700.0
2025-05-21 12:49:17,6100.0,6117.25,Call DEX 4,DEX,103.147,,7700.0
2025-05-21 12:49:17,6100.0,6117.25,Call GEX 2,GEX,166828.368,,7700.0
2025-05-21 12:49:17,6200.0,6217.75,Call GEX 4,GEX,89665.37,,7700.0
2025-05-21 12:49:17,6400.0,6418.25,Call DEX 5,DEX,97.501,,7700.0
2025-05-21 12:49:17,9600.0,9627.25,Put CEX 5,CEX,0.0,,7700.0
2025-05-21 12:49:17,9600.0,9627.25,Put VEX 5,VEX,0.0,,7700.0
2025-05-21 12:49:17,10000.0,10028.5,Put CEX 4,CEX,0.0,,7700.0
2025-05-21 12:49:17,10000.0,10028.5,Put VEX 4,VEX,0.0,,7700.0
2025-05-21 12:49:17,10100.0,10128.75,Put CEX 3,CEX,0.0,,7700.0
2025-05-21 12:49:17,10100.0,10128.75,Put VEX 3,VEX,0.0,,7700.0
2025-05-21 12:49:17,10200.0,10229.0,Put CEX 2,CEX,0.0,,7700.0
2025-05-21 12:49:17,10200.0,10229.0,Put VEX 2,VEX,0.0,,7700.0
2025-05-21 12:49:17,10400.0,10429.5,Put CEX 1,CEX,0.0,,7700.0
2025-05-21 12:49:17,10400.0,10429.5,Put VEX 1,VEX,0.0,,7700.0
2025-05-21 12:49:17,12000.0,12034.25,Call CEX 1,CEX,0.0,,7700.0
2025-05-21 12:49:17,12000.0,12034.25,Call VEX 1,VEX,0.0,,7700.0
2025-05-21 12:50:37,200.0,200.5,Call CEX 2,CEX,0.0,,7700.0
2025-05-21 12:50:37,200.0,200.5,Call VEX 2,VEX,0.0,,7700.0
2025-05-21 12:50:37,400.0,401.25,Call CEX 3,CEX,0.0,,7700.0
2025-05-21 12:50:37,400.0,401.25,Call VEX 3,VEX,0.0,,7700.0
2025-05-21 12:50:37,600.0,601.75,Call CEX 4,CEX,0.0,,7700.0
2025-05-21 12:50:37,600.0,601.75,Call VEX 4,VEX,0.0,,7700.0
2025-05-21 12:50:37,800.0,802.5,Call CEX 5,CEX,0.0,,7700.0
2025-05-21 12:50:37,800.0,802.5,Call VEX 5,VEX,0.0,,7700.0
2025-05-21 12:50:37,4000.0,4012.25,Call DEX 1,DEX,876.453,,7700.0
2025-05-21 12:50:37,4800.0,4814.75,Put DEX 1,DEX,-261.238,,7700.0
2025-05-21 12:50:37,4800.0,4814.75,Put GEX 1,GEX,-80081.457,,7700.0
2025-05-21 12:50:37,4850.0,4865.0,Put DEX 2,DEX,-224.736,,7700.0
2025-05-21 12:50:37,4850.0,4865.0,Put GEX 2,GEX,-70185.444,,7700.0
2025-05-21 12:50:37,5000.0,5015.5,Call DEX 2,DEX,727.337,,7700.0
2025-05-21 12:50:37,5200.0,5216.0,Put DEX 5,DEX,-58.076,,7700.0
2025-05-21 12:50:37,5200.0,5216.0,Put GEX 4,GEX,-45026.53,,7700.0
2025-05-21 12:50:37,5300.0,5316.5,Put GEX 5,GEX,-29675.82,,7700.0
2025-05-21 12:50:37,5310.0,5326.5,Put DEX 3,DEX,-87.749,,7700.0
2025-05-21 12:50:37,5310.0,5326.5,Put GEX 3,GEX,-49700.513,,7700.0
2025-05-21 12:50:37,5905.0,5923.25,Call DEX 3,DEX,124.256,,7700.0
2025-05-21 12:50:37,5905.0,5923.25,Call GEX 3,GEX,127459.223,,7700.0
2025-05-21 12:50:37,6000.0,6018.5,Put DEX 4,DEX,-76.376,,7700.0
2025-05-21 12:50:37,6000.0,6018.5,Call GEX 1,GEX,179441.393,,7700.0
2025-05-21 12:50:37,6050.0,6068.75,Call GEX 5,GEX,75482.01,,7700.0
2025-05-21 12:50:37,6100.0,6118.75,Call DEX 4,DEX,102.896,,7700.0
2025-05-21 12:50:37,6100.0,6118.75,Call GEX 2,GEX,167474.146,,7700.0
2025-05-21 12:50:37,6200.0,6219.25,Call GEX 4,GEX,90034.415,,7700.0
2025-05-21 12:50:37,6400.0,6419.75,Call DEX 5,DEX,97.508,,7700.0
2025-05-21 12:50:37,9600.0,9629.75,Put CEX 5,CEX,0.0,,7700.0
2025-05-21 12:50:37,9600.0,9629.75,Put VEX 5,VEX,0.0,,7700.0
2025-05-21 12:50:37,10000.0,10031.0,Put CEX 4,CEX,0.0,,7700.0
2025-05-21 12:50:37,10000.0,10031.0,Put VEX 4,VEX,0.0,,7700.0
2025-05-21 12:50:37,10100.0,10131.25,Put CEX 3,CEX,0.0,,7700.0
2025-05-21 12:50:37,10100.0,10131.25,Put VEX 3,VEX,0.0,,7700.0
2025-05-21 12:50:37,10200.0,10231.5,Put CEX 2,CEX,0.0,,7700.0
2025-05-21 12:50:37,10200.0,10231.5,Put VEX 2,VEX,0.0,,7700.0
2025-05-21 12:50:37,10400.0,10432.25,Put CEX 1,CEX,0.0,,7700.0
2025-05-21 12:50:37,10400.0,10432.25,Put VEX 1,VEX,0.0,,7700.0
2025-05-21 12:50:37,12000.0,12037.0,Call CEX 1,CEX,0.0,,7700.0
2025-05-21 12:50:37,12000.0,12037.0,Call VEX 1,VEX,0.0,,7700.0
2025-05-21 12:51:57,200.0,200.5,Call CEX 2,CEX,0.0,,7700.0
2025-05-21 12:51:57,200.0,200.5,Call VEX 2,VEX,0.0,,7700.0
2025-05-21 12:51:57,400.0,401.25,Call CEX 3,CEX,0.0,,7700.0
2025-05-21 12:51:57,400.0,401.25,Call VEX 3,VEX,0.0,,7700.0
2025-05-21 12:51:57,600.0,601.75,Call CEX 4,CEX,0.0,,7700.0
2025-05-21 12:51:57,600.0,601.75,Call VEX 4,VEX,0.0,,7700.0
2025-05-21 12:51:57,800.0,802.5,Call CEX 5,CEX,0.0,,7700.0
2025-05-21 12:51:57,800.0,802.5,Call VEX 5,VEX,0.0,,7700.0
2025-05-21 12:51:57,4000.0,4012.0,Call DEX 1,DEX,876.498,,7700.0
2025-05-21 12:51:57,4800.0,4814.25,Put DEX 1,DEX,-261.227,,7700.0
2025-05-21 12:51:57,4800.0,4814.25,Put GEX 1,GEX,-80054.1,,7700.0
2025-05-21 12:51:57,4850.0,4864.5,Put DEX 2,DEX,-224.73,,7700.0
2025-05-21 12:51:57,4850.0,4864.5,Put GEX 2,GEX,-70169.461,,7700.0
2025-05-21 12:51:57,5000.0,5015.0,Call DEX 2,DEX,728.91,,7700.0
2025-05-21 12:51:57,5200.0,5215.5,Put DEX 5,DEX,-57.934,,7700.0
2025-05-21 12:51:57,5200.0,5215.5,Put GEX 4,GEX,-44886.286,,7700.0
2025-05-21 12:51:57,5300.0,5315.75,Put GEX 5,GEX,-29422.029,,7700.0
2025-05-21 12:51:57,5310.0,5326.0,Put DEX 3,DEX,-87.713,,7700.0
2025-05-21 12:51:57,5310.0,5326.0,Put GEX 3,GEX,-49642.939,,7700.0
2025-05-21 12:51:57,5905.0,5922.75,Call DEX 3,DEX,124.306,,7700.0
2025-05-21 12:51:57,5905.0,5922.75,Call GEX 3,GEX,127878.27,,7700.0
2025-05-21 12:51:57,6000.0,6018.0,Put DEX 4,DEX,-75.747,,7700.0
2025-05-21 12:51:57,6000.0,6018.0,Call GEX 1,GEX,185405.098,,7700.0
2025-05-21 12:51:57,6050.0,6068.0,Call GEX 5,GEX,75915.646,,7700.0
2025-05-21 12:51:57,6100.0,6118.25,Call DEX 4,DEX,103.049,,7700.0
2025-05-21 12:51:57,6100.0,6118.25,Call GEX 2,GEX,168393.734,,7700.0
2025-05-21 12:51:57,6200.0,6218.5,Call GEX 4,GEX,90287.03,,7700.0
2025-05-21 12:51:57,6400.0,6419.25,Call DEX 5,DEX,97.514,,7700.0
2025-05-21 12:51:57,9600.0,9628.75,Put CEX 5,CEX,0.0,,7700.0
2025-05-21 12:51:57,9600.0,9628.75,Put VEX 5,VEX,0.0,,7700.0
2025-05-21 12:51:57,10000.0,10030.0,Put CEX 4,CEX,0.0,,7700.0
2025-05-21 12:51:57,10000.0,10030.0,Put VEX 4,VEX,0.0,,7700.0
2025-05-21 12:51:57,10100.0,10130.25,Put CEX 3,CEX,0.0,,7700.0
2025-05-21 12:51:57,10100.0,10130.25,Put VEX 3,VEX,0.0,,7700.0
2025-05-21 12:51:57,10200.0,10230.5,Put CEX 2,CEX,0.0,,7700.0
2025-05-21 12:51:57,10200.0,10230.5,Put VEX 2,VEX,0.0,,7700.0
2025-05-21 12:51:57,10400.0,10431.25,Put CEX 1,CEX,0.0,,7700.0
2025-05-21 12:51:57,10400.0,10431.25,Put VEX 1,VEX,0.0,,7700.0
2025-05-21 12:51:57,12000.0,12036.0,Call CEX 1,CEX,0.0,,7700.0
2025-05-21 12:51:57,12000.0,12036.0,Call VEX 1,VEX,0.0,,7700.0
2025-05-21 12:53:17,200.0,200.5,Call CEX 2,CEX,0.0,,7700.0
2025-05-21 12:53:17,200.0,200.5,Call VEX 2,VEX,0.0,,7700.0
2025-05-21 12:53:17,400.0,401.25,Call CEX 3,CEX,0.0,,7700.0
2025-05-21 12:53:17,400.0,401.25,Call VEX 3,VEX,0.0,,7700.0
2025-05-21 12:53:17,600.0,601.75,Call CEX 4,CEX,0.0,,7700.0
2025-05-21 12:53:17,600.0,601.75,Call VEX 4,VEX,0.0,,7700.0
2025-05-21 12:53:17,800.0,802.25,Call CEX 5,CEX,0.0,,7700.0
2025-05-21 12:53:17,800.0,802.25,Call VEX 5,VEX,0.0,,7700.0
2025-05-21 12:53:17,4000.0,4011.5,Call DEX 1,DEX,878.1,,7700.0
2025-05-21 12:53:17,4800.0,4814.0,Put DEX 1,DEX,-261.242,,7700.0
2025-05-21 12:53:17,4800.0,4814.0,Put GEX 1,GEX,-79786.21,,7700.0
2025-05-21 12:53:17,4850.0,4864.0,Put DEX 2,DEX,-224.778,,7700.0
2025-05-21 12:53:17,4850.0,4864.0,Put GEX 2,GEX,-69936.216,,7700.0
2025-05-21 12:53:17,5000.0,5014.5,Call DEX 2,DEX,734.542,,7700.0
2025-05-21 12:53:17,5200.0,5215.0,Put DEX 5,DEX,-57.578,,7700.0
2025-05-21 12:53:17,5200.0,5215.0,Put GEX 4,GEX,-44440.953,,7700.0
2025-05-21 12:53:17,5300.0,5315.25,Put GEX 5,GEX,-28901.354,,7700.0
2025-05-21 12:53:17,5310.0,5325.5,Put DEX 3,DEX,-87.599,,7700.0
2025-05-21 12:53:17,5310.0,5325.5,Put GEX 3,GEX,-49290.04,,7700.0
2025-05-21 12:53:17,5905.0,5922.0,Call DEX 3,DEX,125.039,,7700.0
2025-05-21 12:53:17,5905.0,5922.0,Call GEX 3,GEX,131079.99,,7700.0
2025-05-21 12:53:17,6000.0,6017.5,Put DEX 4,DEX,-69.691,,7700.0
2025-05-21 12:53:17,6000.0,6017.5,Call GEX 1,GEX,211336.709,,7700.0
2025-05-21 12:53:17,6050.0,6067.5,Call GEX 5,GEX,78538.587,,7700.0
2025-05-21 12:53:17,6100.0,6117.75,Call DEX 4,DEX,103.761,,7700.0
2025-05-21 12:53:17,6100.0,6117.75,Call GEX 2,GEX,172823.724,,7700.0
2025-05-21 12:53:17,6200.0,6218.0,Call GEX 4,GEX,91954.079,,7700.0
2025-05-21 12:53:17,6400.0,6418.5,Call DEX 5,DEX,97.573,,7700.0
2025-05-21 12:53:17,9600.0,9627.75,Put CEX 5,CEX,0.0,,7700.0
2025-05-21 12:53:17,9600.0,9627.75,Put VEX 5,VEX,0.0,,7700.0
2025-05-21 12:53:17,10000.0,10029.0,Put CEX 4,CEX,0.0,,7700.0
2025-05-21 12:53:17,10000.0,10029.0,Put VEX 4,VEX,0.0,,7700.0
2025-05-21 12:53:17,10100.0,10129.25,Put CEX 3,CEX,0.0,,7700.0
2025-05-21 12:53:17,10100.0,10129.25,Put VEX 3,VEX,0.0,,7700.0
2025-05-21 12:53:17,10200.0,10229.5,Put CEX 2,CEX,0.0,,7700.0
2025-05-21 12:53:17,10200.0,10229.5,Put VEX 2,VEX,0.0,,7700.0
2025-05-21 12:53:17,10400.0,10430.25,Put CEX 1,CEX,0.0,,7700.0
2025-05-21 12:53:17,10400.0,10430.25,Put VEX 1,VEX,0.0,,7700.0
2025-05-21 12:53:17,12000.0,12034.75,Call CEX 1,CEX,0.0,,7700.0
2025-05-21 12:53:17,12000.0,12034.75,Call VEX 1,VEX,0.0,,7700.0
2025-05-21 12:54:40,200.0,200.5,Call CEX 2,CEX,0.0,,7700.0
2025-05-21 12:54:40,200.0,200.5,Call VEX 2,VEX,0.0,,7700.0
2025-05-21 12:54:40,400.0,401.25,Call CEX 3,CEX,0.0,,7700.0
2025-05-21 12:54:40,400.0,401.25,Call VEX 3,VEX,0.0,,7700.0
2025-05-21 12:54:40,600.0,601.75,Call CEX 4,CEX,0.0,,7700.0
2025-05-21 12:54:40,600.0,601.75,Call VEX 4,VEX,0.0,,7700.0
2025-05-21 12:54:40,800.0,802.5,Call CEX 5,CEX,0.0,,7700.0
2025-05-21 12:54:40,800.0,802.5,Call VEX 5,VEX,0.0,,7700.0
2025-05-21 12:54:40,4000.0,4012.5,Call DEX 1,DEX,876.95,,7700.0
2025-05-21 12:54:40,4800.0,4815.0,Put DEX 1,DEX,-261.222,,7700.0
2025-05-21 12:54:40,4800.0,4815.0,Put GEX 1,GEX,-80060.275,,7700.0
2025-05-21 12:54:40,4850.0,4865.0,Put DEX 2,DEX,-224.756,,7700.0
2025-05-21 12:54:40,4850.0,4865.0,Put GEX 2,GEX,-70183.027,,7700.0
2025-05-21 12:54:40,5000.0,5015.5,Call DEX 2,DEX,732.292,,7700.0
2025-05-21 12:54:40,5200.0,5216.25,Put DEX 5,DEX,-57.769,,7700.0
2025-05-21 12:54:40,5200.0,5216.25,Put GEX 4,GEX,-44671.02,,7700.0
2025-05-21 12:54:40,5300.0,5316.5,Put GEX 5,GEX,-29070.561,,7700.0
2025-05-21 12:54:40,5310.0,5326.5,Put DEX 3,DEX,-87.793,,7700.0
2025-05-21 12:54:40,5310.0,5326.5,Put GEX 3,GEX,-49566.223,,7700.0
2025-05-21 12:54:40,5905.0,5923.25,Call DEX 3,DEX,124.066,,7700.0
2025-05-21 12:54:40,5905.0,5923.25,Call GEX 3,GEX,130559.988,,7700.0
2025-05-21 12:54:40,6000.0,6018.75,Put DEX 4,DEX,-76.128,,7700.0
2025-05-21 12:54:40,6000.0,6018.75,Call GEX 1,GEX,207613.636,,7700.0
2025-05-21 12:54:40,6050.0,6068.75,Call GEX 5,GEX,77403.245,,7700.0
2025-05-21 12:54:40,6100.0,6119.0,Call DEX 4,DEX,102.984,,7700.0
2025-05-21 12:54:40,6100.0,6119.0,Call GEX 2,GEX,170067.367,,7700.0
2025-05-21 12:54:40,6200.0,6219.25,Call GEX 4,GEX,90653.489,,7700.0
2025-05-21 12:54:40,6400.0,6420.0,Call DEX 5,DEX,97.505,,7700.0
2025-05-21 12:54:40,9600.0,9629.75,Put CEX 5,CEX,0.0,,7700.0
2025-05-21 12:54:40,9600.0,9629.75,Put VEX 5,VEX,0.0,,7700.0
2025-05-21 12:54:40,10000.0,10031.0,Put CEX 4,CEX,0.0,,7700.0
2025-05-21 12:54:40,10000.0,10031.0,Put VEX 4,VEX,0.0,,7700.0
2025-05-21 12:54:40,10100.0,10131.25,Put CEX 3,CEX,0.0,,7700.0
2025-05-21 12:54:40,10100.0,10131.25,Put VEX 3,VEX,0.0,,7700.0
2025-05-21 12:54:40,10200.0,10231.75,Put CEX 2,CEX,0.0,,7700.0
2025-05-21 12:54:40,10200.0,10231.75,Put VEX 2,VEX,0.0,,7700.0
2025-05-21 12:54:40,10400.0,10432.25,Put CEX 1,CEX,0.0,,7700.0
2025-05-21 12:54:40,10400.0,10432.25,Put VEX 1,VEX,0.0,,7700.0
2025-05-21 12:54:40,12000.0,12037.25,Call CEX 1,CEX,0.0,,7700.0
2025-05-21 12:54:40,12000.0,12037.25,Call VEX 1,VEX,0.0,,7700.0
2025-05-21 12:56:00,200.0,200.5,Call CEX 2,CEX,0.0,,7700.0
2025-05-21 12:56:00,200.0,200.5,Call VEX 2,VEX,0.0,,7700.0
2025-05-21 12:56:00,400.0,401.25,Call CEX 3,CEX,0.0,,7700.0
2025-05-21 12:56:00,400.0,401.25,Call VEX 3,VEX,0.0,,7700.0
2025-05-21 12:56:00,600.0,601.75,Call CEX 4,CEX,0.0,,7700.0
2025-05-21 12:56:00,600.0,601.75,Call VEX 4,VEX,0.0,,7700.0
2025-05-21 12:56:00,800.0,802.25,Call CEX 5,CEX,0.0,,7700.0
2025-05-21 12:56:00,800.0,802.25,Call VEX 5,VEX,0.0,,7700.0
2025-05-21 12:56:00,4000.0,4011.75,Call DEX 1,DEX,875.214,,7700.0
2025-05-21 12:56:00,4800.0,4814.0,Put DEX 1,DEX,-261.184,,7700.0
2025-05-21 12:56:00,4800.0,4814.0,Put GEX 1,GEX,-80427.488,,7700.0
2025-05-21 12:56:00,4850.0,4864.25,Put DEX 2,DEX,-224.685,,7700.0
2025-05-21 12:56:00,4850.0,4864.25,Put GEX 2,GEX,-70510.564,,7700.0
2025-05-21 12:56:00,5000.0,5014.5,Call DEX 2,DEX,725.781,,7700.0
2025-05-21 12:56:00,5200.0,5215.25,Put DEX 5,DEX,-58.008,,7700.0
2025-05-21 12:56:00,5200.0,5215.25,Put GEX 4,GEX,-45078.307,,7700.0
2025-05-21 12:56:00,5300.0,5315.5,Put GEX 5,GEX,-29421.872,,7700.0
2025-05-21 12:56:00,5310.0,5325.5,Put DEX 3,DEX,-87.891,,7700.0
2025-05-21 12:56:00,5310.0,5325.5,Put GEX 3,GEX,-49965.149,,7700.0
2025-05-21 12:56:00,5905.0,5922.25,Call DEX 3,DEX,123.01,,7700.0
2025-05-21 12:56:00,5905.0,5922.25,Call GEX 3,GEX,127680.008,,7700.0
2025-05-21 12:56:00,6000.0,6017.5,Put DEX 4,DEX,-84.671,,7700.0
2025-05-21 12:56:00,6000.0,6017.5,Call GEX 1,GEX,181391.856,,7700.0
2025-05-21 12:56:00,6050.0,6067.75,Call GEX 5,GEX,74724.472,,7700.0
2025-05-21 12:56:00,6100.0,6117.75,Call DEX 4,DEX,102.185,,7700.0
2025-05-21 12:56:00,6100.0,6117.75,Call GEX 2,GEX,165512.614,,7700.0
2025-05-21 12:56:00,6200.0,6218.25,Call GEX 4,GEX,88676.957,,7700.0
2025-05-21 12:56:00,6400.0,6418.75,Call DEX 5,DEX,97.435,,7700.0
2025-05-21 12:56:00,9600.0,9628.0,Put CEX 5,CEX,0.0,,7700.0
2025-05-21 12:56:00,9600.0,9628.0,Put VEX 5,VEX,0.0,,7700.0
2025-05-21 12:56:00,10000.0,10029.25,Put CEX 4,CEX,0.0,,7700.0
2025-05-21 12:56:00,10000.0,10029.25,Put VEX 4,VEX,0.0,,7700.0
2025-05-21 12:56:00,10100.0,10129.5,Put CEX 3,CEX,0.0,,7700.0
2025-05-21 12:56:00,10100.0,10129.5,Put VEX 3,VEX,0.0,,7700.0
2025-05-21 12:56:00,10200.0,10229.75,Put CEX 2,CEX,0.0,,7700.0
2025-05-21 12:56:00,10200.0,10229.75,Put VEX 2,VEX,0.0,,7700.0
2025-05-21 12:56:00,10400.0,10430.5,Put CEX 1,CEX,0.0,,7700.0
2025-05-21 12:56:00,10400.0,10430.5,Put VEX 1,VEX,0.0,,7700.0
2025-05-21 12:56:00,12000.0,12035.0,Call CEX 1,CEX,0.0,,7700.0
2025-05-21 12:56:00,12000.0,12035.0,Call VEX 1,VEX,0.0,,7700.0
2025-05-21 12:57:22,200.0,200.5,Call CEX 2,CEX,0.0,,7700.0
2025-05-21 12:57:22,200.0,200.5,Call VEX 2,VEX,0.0,,7700.0
2025-05-21 12:57:22,400.0,401.25,Call CEX 3,CEX,0.0,,7700.0
2025-05-21 12:57:22,400.0,401.25,Call VEX 3,VEX,0.0,,7700.0
2025-05-21 12:57:22,600.0,601.75,Call CEX 4,CEX,0.0,,7700.0
2025-05-21 12:57:22,600.0,601.75,Call VEX 4,VEX,0.0,,7700.0
2025-05-21 12:57:22,800.0,802.5,Call CEX 5,CEX,0.0,,7700.0
2025-05-21 12:57:22,800.0,802.5,Call VEX 5,VEX,0.0,,7700.0
2025-05-21 12:57:22,4000.0,4012.25,Call DEX 1,DEX,876.201,,7700.0
2025-05-21 12:57:22,4800.0,4814.75,Put DEX 1,DEX,-261.196,,7700.0
2025-05-21 12:57:22,4800.0,4814.75,Put GEX 1,GEX,-80260.031,,7700.0
2025-05-21 12:57:22,4850.0,4865.0,Put DEX 2,DEX,-224.7,,7700.0
2025-05-21 12:57:22,4850.0,4865.0,Put GEX 2,GEX,-70364.825,,7700.0
2025-05-21 12:57:22,5000.0,5015.5,Call DEX 2,DEX,727.977,,7700.0
2025-05-21 12:57:22,5200.0,5216.0,Put DEX 5,DEX,-57.785,,7700.0
2025-05-21 12:57:22,5200.0,5216.0,Put GEX 4,GEX,-44849.878,,7700.0
2025-05-21 12:57:22,5300.0,5316.25,Put GEX 5,GEX,-29426.457,,7700.0
2025-05-21 12:57:22,5310.0,5326.25,Put DEX 3,DEX,-87.83,,7700.0
2025-05-21 12:57:22,5310.0,5326.25,Put GEX 3,GEX,-49825.709,,7700.0
2025-05-21 12:57:22,5905.0,5923.25,Call DEX 3,DEX,123.537,,7700.0
2025-05-21 12:57:22,5905.0,5923.25,Call GEX 3,GEX,128661.682,,7700.0
2025-05-21 12:57:22,6000.0,6018.5,Put DEX 4,DEX,-80.89,,7700.0
2025-05-21 12:57:22,6000.0,6018.5,Call GEX 1,GEX,189101.545,,7700.0
2025-05-21 12:57:22,6050.0,6068.5,Call GEX 5,GEX,75679.875,,7700.0
2025-05-21 12:57:22,6100.0,6118.75,Call DEX 4,DEX,102.713,,7700.0
2025-05-21 12:57:22,6100.0,6118.75,Call GEX 2,GEX,167744.987,,7700.0
2025-05-21 12:57:22,6200.0,6219.0,Call GEX 4,GEX,89487.993,,7700.0
2025-05-21 12:57:22,6400.0,6419.75,Call DEX 5,DEX,97.474,,7700.0
2025-05-21 12:57:22,9600.0,9629.5,Put CEX 5,CEX,0.0,,7700.0
2025-05-21 12:57:22,9600.0,9629.5,Put VEX 5,VEX,0.0,,7700.0
2025-05-21 12:57:22,10000.0,10030.75,Put CEX 4,CEX,0.0,,7700.0
2025-05-21 12:57:22,10000.0,10030.75,Put VEX 4,VEX,0.0,,7700.0
2025-05-21 12:57:22,10100.0,10131.0,Put CEX 3,CEX,0.0,,7700.0
2025-05-21 12:57:22,10100.0,10131.0,Put VEX 3,VEX,0.0,,7700.0
2025-05-21 12:57:22,10200.0,10231.5,Put CEX 2,CEX,0.0,,7700.0
2025-05-21 12:57:22,10200.0,10231.5,Put VEX 2,VEX,0.0,,7700.0
2025-05-21 12:57:22,10400.0,10432.0,Put CEX 1,CEX,0.0,,7700.0
2025-05-21 12:57:22,10400.0,10432.0,Put VEX 1,VEX,0.0,,7700.0
2025-05-21 12:57:22,12000.0,12037.0,Call CEX 1,CEX,0.0,,7700.0
2025-05-21 12:57:22,12000.0,12037.0,Call VEX 1,VEX,0.0,,7700.0
